CHR Group SNP.lead BP.lead Size W BP.min BP.max BP.width
14 1051 rs8017161 103563195 3 0.1722667917905398 103563195 103584674 21479
14 573 rs3784099 68749927 4 0.09198879602152384 68749927 68808398 58471
14 862 rs17184313 93102251 4 0.07864041420853507 93072269 93118038 45769
14 883 rs11621961 94769476 1 0.04368816479953911 94769476 94769476 0
14 255 rs696 35871093 4 0.04350044630976162 35871093 35877721 6628
14 859 rs737522 93014672 3 0.04294826572082402 93014672 93026057 11385
14 202 rs2300835 33207522 2 0.03162578559543594 33183958 33208081 24123
14 845 rs2202955 92118160 2 0.03126524992922335 92104196 92126827 22631
14 1045 rs62000389 102912150 4 0.03025765867811293 102807671 102933347 125676
14 648 rs2193596 75234101 3 0.0302017006140557 75110437 75408500 298063
14 29 rs17308541 21210166 3 -0.030086437136844 21203159 21215997 12838
14 626 rs2526896 73055107 5 0.02846440217791152 73052019 73096614 44595
14 355 rs10151181 48277322 1 -0.0273245080488503 48182641 48301760 119119
14 252 rs712314 35408548 7 0.02706247932012214 35390146 35639120 248974
14 681 rs17811635 77573757 1 0.02683650450709919 77542494 77600937 58443
14 797 rs12883250 88446876 7 0.02654776202302853 88407888 88487689 79801
14 336 rs1959379 44974966 7 0.02649122091669642 44903433 45033932 130499
14 664 rs17783366 76543004 6 0.02509050547144744 76482168 76581121 98953
14 370 rs7146952 49773025 5 -0.02488828942223813 49770953 49838397 67444
14 51 rs3748366 22204911 2 0.02467280211176378 22153004 22204911 51907
14 548 rs7143432 65379146 6 -0.02390227674459922 65306442 65446357 139915
14 731 rs11623789 82450632 1 0.0236181489140728 82396190 82458472 62282
14 107 rs854334 25329433 5 -0.02283676739940057 25278656 25350288 71632
14 535 rs8005319 63822521 3 0.02277991829173133 63811438 63857808 46370
14 1071 rs3924892 105494262 3 0.0221245282414734 105457161 105540752 83591
14 187 rs944464 32453861 1 -0.02180255929864468 32427796 32460060 32264
14 575 rs10132294 68887667 5 0.02087736611050027 68883688 68963746 80058
14 898 rs10134903 95229777 1 -0.02073271832908167 95191269 95229777 38508
14 296 rs6571897 39587438 8 0.02063238646250869 39376359 39669491 293132
14 588 rs2185492 69765077 4 0.01992362432915729 69747234 69780678 33444
14 730 rs12184964 82368440 3 0.01987685184326996 82347524 82382950 35426
14 306 rs8005565 41097075 3 0.01963521998273313 40896108 41103660 207552
14 519 rs7142146 62555111 2 -0.01879518005188082 62543225 62579777 36552
14 516 rs217676 62363763 5 0.01874108538086645 62360464 62375195 14731
14 857 rs10134832 92928693 4 0.01791212062946413 92928693 92959940 31247
14 281 rs177899 38139214 2 0.01727288461336756 38005128 38179163 174035
14 261 rs7147797 36449424 2 0.01716385984715934 36437005 36454851 17846
14 275 rs6571765 37324368 2 -0.01687715030287593 37320214 37341703 21489
14 836 rs1286083 91442779 1 0.01652681958035078 91332366 91515577 183211
14 830 rs1286496 91027608 3 0.01643118770825548 90983296 91043669 60373
14 451 rs7153071 56408735 2 0.01613113061013977 56387951 56413766 25815
14 657 rs2300603 76005557 2 0.01611009422791142 76005557 76028680 23123
14 253 rs10137019 35748036 7 0.01609200014221366 35675238 35802483 127245
14 805 rs1287662 89290630 4 0.01588570099934029 89276431 89393381 116950
14 1050 rs11844761 103547430 3 0.01564398905637016 103539669 103549650 9981
14 595 rs1079903 70365001 2 -0.01560508136654007 70365001 70366437 1436
14 969 rs966047 98273349 2 0.01544092917788302 98273349 98282225 8876
14 426 rs10141869 54132654 4 -0.01499108477424242 54107791 54148442 40651
14 1020 rs1956743 101219652 2 -0.01465491561234923 101200860 101224922 24062
14 837 rs12589587 91611001 4 0.01460713997399645 91590988 91611001 20013
14 751 rs229776 83902685 2 0.01454518794042744 83875349 83905804 30455
14 488 rs311864 59214542 1 -0.01426606694637013 59195739 59214542 18803
14 787 rs17187078 87342981 3 -0.01423185466163695 87340357 87476592 136235
14 557 rs6573638 66328997 1 0.01418711487218845 66318629 66336423 17794
14 404 rs1002132 52285373 3 0.01415597236086265 52250365 52308314 57949
14 1014 rs12588659 100587813 3 0.01408826400519245 100465652 100620013 154361
14 1016 rs3742384 100800103 3 0.01403052530789266 100800103 100933471 133368
14 251 rs2275147 35271874 5 -0.01399921257590143 35237677 35369479 131802
14 429 rs10147611 54234753 2 0.01395297241256731 54234753 54263851 29098
14 885 rs28929474 94844947 1 0.01394669635911186 94844470 94847415 2945
14 791 rs8017892 87851097 4 0.01367600006561417 87765589 87904340 138751
14 1055 rs7149767 103863545 3 -0.01361648198068348 103841018 103883633 42615
14 740 rs7148115 83176013 1 0.01349920979869829 83153368 83228383 75015
14 295 rs4902228 39370726 2 -0.01317193806133438 39320911 39370726 49815
14 1019 rs12897601 101182284 3 0.01297458542271114 101170488 101184139 13651
14 196 rs1951187 32908192 3 0.01289224992305596 32903616 32923626 20010
14 176 rs179562 31224458 3 0.0128782069358935 31217642 31237170 19528
14 1048 rs2075771 103242725 4 0.01269557496792354 103222398 103342049 119651
14 538 rs11621026 64389502 4 0.01262845230792856 64232386 64469828 237442
14 592 rs1275824 70194563 1 0.01251445641116357 70194563 70198189 3626
14 563 rs1434903 66703569 1 0.01215756473100525 66690914 67204764 513850
14 693 rs177143 78590808 1 0.01203612485152409 78566596 78608741 42145
14 69 rs970348 23069853 1 0.01189497295787055 23041656 23078520 36864
14 486 rs311817 59079985 1 -0.01145851481749371 59077925 59112677 34752
14 326 rs1389565 43836526 5 -0.01134493569345801 43712564 43878866 166302
14 803 rs8018774 88798458 1 0.01131111822830069 88798458 88809197 10739
14 209 rs17460823 33586563 2 0.01127791240677609 33555133 33588166 33033
14 59 rs2178787 22604418 3 0.01122522841502673 22595277 22611467 16190
14 406 rs10133203 52355387 1 0.01095143969158702 52336682 52358917 22235
14 248 rs12892302 34966936 4 -0.01082017893315322 34958175 35075022 116847
14 1052 rs2771396 103660158 1 0.01077650419862928 103617950 103679153 61203
14 494 rs3759700 59563136 8 -0.01074010914194665 59500972 59580956 79984
14 1032 rs8013718 101689506 2 -0.01069043997516961 101689506 101701975 12469
14 552 rs2411915 65794692 2 0.01057750973307105 65746566 65794692 48126
14 534 rs8008058 63777253 1 0.01055292123059399 63777253 63783994 6741
14 444 rs8009181 55583424 3 0.01051620250147503 55583424 55918302 334878
14 950 rs10145396 97255679 4 0.01027791591524347 97214117 97345806 131689
14 499 rs216526 60650086 1 0.01027721498648997 60494285 60662619 168334
14 146 rs9671720 28714229 1 -0.01018196528244011 28560112 28726466 166354
14 436 rs4293296 54857286 1 -0.01003734237042586 54833945 54863577 29632
14 165 rs718545 30489623 6 0.01003394985491019 30469994 30524538 54544
14 584 rs12050161 69360631 1 0.00987603086333968 69360631 69414378 53747
14 1041 rs1678019 102328945 1 -0.0097751877842177 102315459 102328945 13486
14 990 rs1257613 99448000 2 0.0097422885267134 99434288 99474165 39877
14 882 rs1956451 94620193 2 0.00958036320600695 94585064 94756750 171686
14 380 rs10139934 50987481 3 0.00941809933766309 50875828 51124227 248399
14 254 rs1951276 35853388 3 -0.00894675452854955 35809244 35853388 44144
14 597 rs7142362 70416718 2 0.00893918829682283 70416718 70466081 49363
14 947 rs11847642 97153198 3 -0.00883329754476182 97105150 97153198 48048
14 564 rs3818468 67862371 2 0.00867261336374547 67298170 67862371 564201
14 967 rs1350922 98246190 1 0.00859272241084126 98229487 98249964 20477
14 372 rs12435094 49992347 3 0.00855795978381315 49966883 50009589 42706
14 307 rs17111162 41279247 3 0.00844406485933948 41279247 41455080 175833
14 567 rs10873203 67974505 4 0.00843443151409975 67964355 67984540 20185
14 709 rs1424847 80007980 2 -0.00823800685962363 79967761 80007980 40219
14 1043 rs7152164 102536073 1 0.00814422138375766 102451983 102536073 84090
14 670 rs12435564 76911211 1 -0.00812615856496236 76897213 76928471 31258
14 54 rs723879 22391433 1 0.00806440975025776 22381668 22391433 9765
14 97 rs2295977 24657226 5 -0.0080436896724098 24653954 24724663 70709
14 973 rs7144501 98495938 3 0.00802052743007202 98449920 98498951 49031
14 422 rs1424832 53702370 3 0.00798399400806226 53700341 53850018 149677
14 121 rs1956612 26436743 2 0.00786918708931529 26436743 26462905 26162
14 363 rs17120305 49063187 3 0.00785240587481659 49025952 49102101 76149
14 158 rs10498306 29945203 1 -0.00784283033361385 29936683 29945203 8520
14 474 rs268819 58032340 5 0.0077611266051313 57931920 58042753 110833
14 922 rs11160258 96016792 1 -0.00765477193879781 96009307 96025715 16408
14 438 rs7155636 55067637 3 -0.00756015225051899 55064712 55085624 20912
14 500 rs8004280 60780429 5 0.00755437500023559 60674699 60782370 107671
14 396 rs10147918 51898181 2 0.00753313900557069 51867607 51920712 53105
14 1049 rs17101149 103466633 4 -0.00750377100755164 103404159 103490892 86733
14 285 rs2415438 38577533 3 0.0074440161192079 38539949 38590205 50256
14 393 rs11851025 51803928 4 0.0074016510258466 51762689 51821239 58550
14 819 rs243202 90048612 3 0.0073756923258193104 90031107 90066451 35344
14 721 rs917986 81470655 6 0.00735544642024532 81300687 81480822 180135
14 188 rs11156725 32496696 1 0.00735271507596107 32496696 32518353 21657
14 613 rs10137011 72270801 3 -0.00731903403278335 72265949 72349845 83896
14 1038 rs10144492 101991506 1 0.00731126228755776 101991506 101991506 0
14 144 rs10220568 28429366 5 0.00726477104828777 28333418 28446721 113303
14 589 rs11622064 69810354 1 0.00724007712555245 69795199 69812279 17080
14 524 rs17749359 62938313 5 -0.00721920288029097 62925448 62984966 59518
14 789 rs2533005 87627303 1 0.00721273880597514 87546785 87627303 80518
14 437 rs115333865 55004449 3 0.00717466099284066 54890379 55042615 152236
14 458 rs10149559 56882189 1 0.00715443282356399 56841899 56882605 40706
14 82 rs17256141 23726814 2 0.00712558836500989 23721880 23740238 18358
14 995 rs1257499 99566723 2 0.00709893245592303 99563710 99567351 3641
14 142 rs17112865 28038607 7 0.00704758929671976 27925765 28149319 223554
14 582 rs1465788 69263599 4 -0.00689316858411855 69210199 69273905 63706
14 1068 rs1132975 105222037 1 0.00687593806635155 105163532 105222037 58505
14 495 rs2757117 59694643 4 -0.00681504575720907 59604251 59792874 188623
14 725 rs45541932 81744076 2 0.00680210937319425 81743565 81778644 35079
14 539 rs11628107 64518321 3 -0.00678685091932297 64491695 64564680 72985
14 972 rs2607032 98352431 2 -0.00677490040593786 98352431 98444106 91675
14 53 rs2874146 22374399 1 0.00671085074818297 22340127 22377905 37778
14 1067 rs4247027 105139894 2 0.00666658809908293 105100021 105139894 39873
14 804 rs11159863 89108778 10 0.00664223412243484 88815018 89171711 356693
14 672 rs3813545 76967305 1 0.00656635259877763 76967305 76967305 0
14 754 rs1241906 84142036 2 0.00654891485102074 84094388 84151681 57293
14 313 rs1957863 42302552 4 0.00644868132114963 42184671 42302552 117881
14 975 rs10484125 98660236 2 0.00639852208069881 98621014 98675398 54384
14 959 rs10131135 97717525 3 0.006365544913212 97656628 97745959 89331
14 1070 rs1048257 105404384 2 0.00632705321602845 105404384 105435649 31265
14 924 rs911666 96071125 4 -0.00619100565289867 96054262 96091222 36960
14 769 rs10149105 85615940 1 0.00618374652908209 85569284 85623795 54511
14 497 rs1253105 59951982 3 -0.00618189797245028 59950803 60087380 136577
14 154 rs4981693 29680331 3 -0.00617093914941577 29623609 29695661 72052
14 1059 rs1557012 104581072 1 0.00615169783673192 104581072 104608068 26996
14 689 rs2886167 78311180 13 -0.00614529807523821 78130579 78370261 239682
14 1000 rs2693684 99670005 1 -0.00613902047311706 99670005 99688743 18738
14 189 rs1279002 32532034 2 -0.00600332267903856 32531485 32534297 2812
14 412 rs10151177 52575512 3 0.00596003672929189 52575512 52670514 95002
14 798 rs10130801 88528910 1 0.00595687554391844 88494613 88547303 52690
14 448 rs12887389 56237212 3 0.00595435809110128 56221073 56240420 19347
14 868 rs12895695 93595051 1 0.00592802937139166 93565816 93629959 64143
14 510 rs3783785 61937292 3 -0.00568614314503716 61908332 61940910 32578
14 1040 rs7141459 102258662 1 0.00568379437992638 102153398 102302907 149509
14 383 rs1951473 51317820 3 -0.0056835248465823 51279108 51318220 39112
14 101 rs5247 24976574 4 -0.00564596677863575 24908047 24976574 68527
14 440 rs6572965 55147269 3 -0.00562015827590647 55138390 55164700 26310
14 812 rs7140560 89776720 2 -0.00550628718105268 89748882 89776720 27838
14 600 rs41286548 70633411 2 0.00544330239951001 70583312 70633411 50099
14 892 rs12895360 95038922 4 0.00541429266506404 95016836 95050308 33472
14 117 rs1951039 26164609 1 -0.0052909709802491 26150510 26203387 52877
14 867 rs12435423 93459859 2 0.0052891716316795 93412743 93528114 115371
14 521 rs1514928 62678303 3 0.00528084404608165 62611803 62678303 66500
14 112 rs17278020 25715736 3 0.0052503585946008 25631999 25724322 92323
14 78 rs61745081 23564437 3 0.00522321982028827 23545799 23568376 22577
14 291 rs2415482 38958967 7 0.00521390198282284 38908744 38984665 75921
14 757 rs2026207 84342909 3 0.00518084457672792 84277147 84342909 65762
14 475 rs1745690 58073401 3 0.00517344129727945 58054979 58106625 51646
14 816 rs243224 89954050 1 0.00516458294067056 89954050 89954050 0
14 330 rs2182977 44279080 8 0.00515962910440951 44224055 44293020 68965
14 290 rs961777 38848399 2 -0.00511499788206909 38786620 38848419 61799
14 744 rs10498554 83372156 2 -0.00506704507332248 83348149 83378003 29854
14 434 rs2358477 54607636 7 0.00503561219693633 54607636 54699666 92030
14 514 rs10129270 62181954 1 0.00503199274232485 62108125 62213848 105723
14 911 rs10149382 95712417 1 -0.00502225132557432 95705236 95749011 43775
14 677 rs11628619 77305508 3 -0.00500870423619949 77231722 77305508 73786
14 750 rs162654 83778352 1 0.00499653965167402 83777903 83867535 89632
14 755 rs7157077 84223384 5 -0.00497689997576462 84199093 84229254 30161
14 724 rs8012466 81641464 1 -0.0049633503448563 81622935 81672106 49171
14 220 rs12881368 33979974 2 0.0049599675161607 33970530 33990825 20295
14 782 rs2022024 86874990 7 -0.00494909020608051 86840851 86924652 83801
14 124 rs17110745 26589554 2 -0.00492290719176792 26575000 26594381 19381
14 678 rs7160583 77332408 1 -0.00483926226504701 77332408 77332408 0
14 685 rs17105672 77756321 3 -0.00481083599891116 77726516 77810543 84027
14 435 rs1950208 54761459 5 -0.00469941357546041 54730267 54798595 68328
14 183 rs10131543 32148707 2 -0.00466783209144247 32048488 32195539 147051
14 338 rs229720 45224071 2 -0.00461635770218999 45208776 45224071 15295
14 175 rs10143215 31111860 1 0.00450057032229745 31097345 31125745 28400
14 547 rs170680 65271311 6 0.00442148890996906 65244950 65281944 36994
14 984 rs11620998 99157430 2 -0.0044016440418675 99147232 99170143 22911
14 298 rs1980523 40016353 3 0.00437841059367194 39983128 40114919 131791
14 452 rs7145347 56433709 2 -0.00436209429453954 56423286 56441092 17806
14 793 rs1288742 88132761 2 -0.00433829946088388 88063092 88174839 111747
14 820 rs4904594 90122106 3 0.00428924134713347 90106316 90137426 31110
14 850 rs12886909 92588192 3 0.00428516938158709 92586567 92627138 40571
14 925 rs7161223 96127082 3 0.0042416949911824 96096022 96127082 31060
14 376 rs4900974 50462432 4 0.00413301494961851 50462432 50484040 21608
14 1073 rs3825762 105752404 3 0.00413184449179186 105673692 105752404 78712
14 840 rs2540875 91711471 2 -0.00410689166282609 91705188 91711471 6283
14 132 rs6575139 27174402 3 0.00408612971856534 27136647 27200025 63378
14 461 rs4901702 57090588 2 0.00406250927900037 57032809 57122815 90006
14 61 rs12881142 22736520 6 0.00404232801866105 22714842 22737591 22749
14 949 rs17310190 97190794 4 -0.00403894774091378 97181785 97199889 18104
14 108 rs17109307 25384645 4 0.00402618286128719 25352748 25398571 45823
14 1022 rs8012953 101323211 1 -0.00400294696657468 101309759 101323211 13452
14 698 rs918270 79018345 2 0.00395662734809058 78942898 79018345 75447
14 687 rs17105930 78007165 1 0.00391430900029537 77968581 78036935 68354
14 690 rs2302944 78390880 2 0.00390578165566731 78390060 78406473 16413
14 151 rs1002750 29145878 1 0.00388077789175088 29088007 29172829 84822
14 482 rs7140492 58520500 2 0.00387634836252824 58486211 58533854 47643
14 936 rs11845882 96565323 1 -0.00385751016334512 96563824 96565323 1499
14 919 rs8012098 95933035 1 -0.00384694518238425 95932223 95933035 812
14 570 rs11158687 68204876 3 0.00384426632179678 68159269 68236320 77051
14 324 rs12888788 43517553 2 0.00383671273987689 43472877 43518727 45850
14 714 rs7147199 80417718 7 0.00380100318037028 80408653 80551109 142456
14 496 rs755011 59815040 5 0.00377725850467632 59813702 59939804 126102
14 459 rs1307538 56920207 2 0.00376979625459248 56895162 56920900 25738
14 667 rs11624232 76782285 2 -0.0037567191303613 76780467 76801920 21453
14 392 rs7149337 51709017 2 -0.00375602402536087 51586467 51750463 163996
14 483 rs7151771 58580310 5 -0.00371506531213306 58560475 58624198 63723
14 701 rs11629205 79156785 2 0.00370176482483605 79152411 79188468 36057
14 190 rs7151991 32635572 4 -0.00368202127999891 32635572 32689556 53984
14 1074 rs17113281 107139583 3 -0.003656938774767 107139583 107198718 59135
14 700 rs10483908 79074748 1 -0.00363023097097611 79074748 79100115 25367
14 688 rs12431896 78088813 4 -0.00362627474478964 78060031 78121359 61328
14 320 rs1712719 43173574 3 -0.00359203397823223 43152763 43173574 20811
14 792 rs10142090 87926629 2 0.00358508231855225 87913934 87967266 53332
14 339 rs61753893 45636328 1 0.0035604326622279 45289062 45662577 373515
14 525 rs1844455 63036495 2 0.00355108829307694 63036495 63047648 11153
14 770 rs12431900 85687371 3 -0.00352669519833546 85662837 85740426 77589
14 280 rs8011715 37530417 3 -0.0034809439204121 37503880 37738197 234317
14 170 rs6571342 30802421 2 0.00343556016855877 30802421 30816797 14376
14 639 rs2336561 74288871 2 0.0034266020436659 74263752 74295380 31628
14 728 rs17115706 82158283 3 -0.00340443553847438 82075469 82158283 82814
14 423 rs1954303 53919309 5 -0.00335507792726231 53879670 53980388 100718
14 387 rs946616 51387782 5 -0.00334752531024847 51368610 51395384 26774
14 729 rs11848661 82198081 2 0.00331061072811484 82168185 82294185 126000
14 256 rs8008601 35887431 1 0.00329078070196696 35884639 35887431 2792
14 302 rs8013386 40343703 1 0.00325249700748266 40343703 40353935 10232
14 283 rs8016889 38246440 1 0.00321752324429051 38246440 38269869 23429
14 540 rs10151658 64612858 5 0.00320813171101909 64580075 64658226 78151
14 904 rs732964 95346359 1 -0.00316124219026856 95345487 95346359 872
14 323 rs1349249 43392409 7 -0.00312817763707786 43367596 43433535 65939
14 765 rs2765912 85175316 1 0.00310798188871939 85124485 85180203 55718
14 593 rs17328 70275583 1 -0.00310562734304714 70226487 70307792 81305
14 979 rs2753971 98935175 4 -0.00309399012909437 98840443 98964100 123657
14 994 rs7147065 99529685 1 0.003079156245085 99529685 99552213 22528
14 940 rs4905467 96684959 1 -0.00306363967824052 96684959 96693211 8252
14 169 rs12436395 30706026 3 -0.0030575855465253 30697199 30706026 8827
14 1072 rs2816661 105596010 1 0.00298859749947799 105582524 105596054 13530
14 533 rs8013013 63732733 2 -0.00298102213968818 63721611 63753078 31467
14 1011 rs7152866 100253163 2 0.00297500775197847 100248780 100283248 34468
14 80 rs2268877 23636757 2 -0.00294423669175158 23632506 23638187 5681
14 1037 rs7156106 101947144 1 0.00294081848804872 101947144 101960648 13504
14 331 rs7153178 44373149 1 0.00291832458558692 44344532 44427818 83286
14 718 rs4899771 80962356 3 -0.00290543057012608 80951312 80971261 19949
14 357 rs9672030 48387621 3 -0.00290249615351627 48356630 48431057 74427
14 581 rs1275049 69184322 6 0.00290065287414447 69173252 69203145 29893
14 713 rs2293836 80307290 2 -0.00289987025761169 80307025 80355341 48316
14 874 rs11626249 94267755 7 -0.00288231753519184 94264690 94279265 14575
14 0 rs10484218 20425051 1 -0.00283684834912225 20425051 20425051 0
14 946 rs735408 97097653 1 -0.00282752572691449 97080601 97103807 23206
14 230 rs1958058 34260635 2 -0.00277100394811989 34260635 34260635 0
14 439 rs4898844 55122827 1 -0.00276110400718922 55122827 55125159 2332
14 385 rs11157776 51341887 1 0.0027562520987369 51341887 51341887 0
14 712 rs8003909 80300198 3 0.00273599049579456 80187637 80304320 116683
14 506 rs872147 61778915 1 0.00273306641210121 61745417 61798825 53408
14 695 rs7158445 78719220 3 0.00272908347015706 78716226 78782290 66064
14 609 rs917065 71397846 3 0.00269166342531314 71352648 71600208 247560
14 45 rs1061026 21967109 2 0.00268336214598668 21831112 21968876 137764
14 894 rs17091195 95111588 3 -0.00268218531900144 95096255 95116465 20210
14 381 rs2984277 51197147 1 0.00267212571048967 51188341 51231298 42957
14 389 rs12881920 51458889 2 -0.00265870207644188 51455056 51489582 34526
14 333 rs10220539 44586864 1 0.00262753550845697 44566484 44612482 45998
14 786 rs4530063 87327517 2 -0.00262203818363244 87290762 87327517 36755
14 760 rs7147015 84635493 1 0.0026194449207708 84635493 84685302 49809
14 273 rs848097 37261482 3 -0.0025947026795785 37228220 37278964 50744
14 1066 rs7147000 105007815 1 0.00259233301405832 105007815 105007815 0
14 477 rs1950996 58236413 2 -0.002585198446444 58236413 58236413 0
14 52 rs4329837 22237187 8 0.00250982569731447 22220569 22337393 116824
14 726 rs10134056 81919396 2 -0.00248605204283331 81820060 81919396 99336
14 843 rs755102 91855011 2 -0.00247955529960828 91846680 91982361 135681
14 173 rs720046 30978745 1 0.00247748636862125 30978745 30978745 0
14 637 rs17782124 74203789 1 0.00246842599227024 74184192 74203789 19597
14 694 rs4903728 78690353 1 -0.00245244036792904 78641734 78697830 56096
14 880 rs2402386 94484156 2 -0.00242739453438299 94460833 94524216 63383
14 549 rs945015 65612620 3 -0.00240135950897636 65475411 65618655 143244
14 359 rs698331 48536772 2 -0.00239912851151208 48525340 48570466 45126
14 764 rs10498576 85047455 1 -0.00238698021829205 85046837 85095687 48850
14 56 rs3827932 22481705 1 0.00237798856451577 22481705 22483101 1396
14 122 rs12432901 26494469 1 -0.00237423041182664 26483147 26500262 17115
14 402 rs9805984 52131743 2 -0.00237183835855993 52086438 52204675 118237
14 103 rs10873219 25101706 1 0.00234133530191208 25070503 25103662 33159
14 216 rs10148795 33845322 1 0.00229486266818343 33845322 33845322 0
14 748 rs10131371 83587297 2 0.00227578162551288 83550975 83591673 40698
14 612 rs11158907 71987065 3 -0.00226336060228741 71737314 72183309 445995
14 182 rs2378932 31983754 2 0.0022183305809184402 31976478 32008055 31577
14 976 rs1780864 98694584 4 0.00220689294625341 98682107 98745541 63434
14 686 rs149849326 77944624 4 0.00219999438294123 77843384 77957377 113993
14 180 rs10149122 31553136 2 -0.00219291296244322 31433473 31583512 150039
14 692 rs12590451 78541015 3 0.00217063634066726 78541015 78560462 19447
14 586 rs45557240 69704434 2 0.00216587866807273 69493375 69704434 211059
14 373 rs2985697 50092902 2 0.00212602637404309 50074502 50164452 89950
14 114 rs10141125 25890119 1 -0.00209100010830137 25869357 25917248 47891
14 247 rs4982180 34921900 1 0.00207975642291982 34879025 34921900 42875
14 522 rs1913627 62725776 5 0.00204166270596818 62718847 62808335 89488
14 777 rs11159732 86257811 3 0.0020277047903113 86207490 86268812 61322
14 50 rs10146821 22102800 4 -0.00200685735799124 22098295 22146832 48537
14 397 rs11852062 51952408 1 0.00200300593718332 51924923 51952408 27485
14 32 rs11623818 21250940 2 -0.00199591753295929 21250124 21265637 15513
14 638 rs13379043 74250126 2 0.00198298633258994 74250126 74250126 0
14 543 rs745686 64930632 6 0.00197470297788336 64899055 64995694 96639
14 329 rs986743 44205010 6 -0.00195494157728139 44150766 44207575 56809
14 893 rs7069 95059210 2 -0.00194606930226588 95053572 95089440 35868
14 710 rs1544726 80041983 4 0.00192548927093169 80013634 80131977 118343
14 217 rs3742932 33873238 1 -0.00191795854675896 33865515 33885682 20167
14 364 rs12101212 49146401 1 -0.00190462167712159 49124236 49187445 63209
14 129 rs10145137 26885912 1 -0.0018885547254731 26848681 26885912 37231
14 464 rs12432995 57245985 5 0.00188358945695662 57204584 57246017 41433
14 545 rs229660 65174586 1 -0.0018812934207858 65161430 65174586 13156
14 742 rs7145839 83267946 3 0.0018689854346024 83267946 83284434 16488
14 161 rs17115183 30137407 1 0.00186700980036483 30068194 30137407 69213
14 72 rs943889 23169536 2 0.00185761050264167 23123431 23169536 46105
14 7 rs8010116 20723695 1 0.00184492275339616 20712322 20723695 11373
14 607 rs1476609 71222065 1 -0.00182419481532216 71179711 71314581 134870
14 408 rs17124753 52408380 3 -0.00182240777432442 52391191 52425506 34315
14 195 rs2031106 32861709 3 -0.00177303950474974 32849257 32876958 27701
14 923 rs17092794 96038299 1 0.00170863166341015 96027440 96048645 21205
14 258 rs10141289 36301996 2 -0.00170309440417653 36012441 36304368 291927
14 781 rs1394706 86723836 5 0.00170179752552343 86722953 86821900 98947
14 619 rs193548 72658681 1 -0.00169466730482877 72616283 72658681 42398
14 897 rs8016615 95187870 1 0.0016846446323213 95179707 95187870 8163
14 1044 rs1543540 102798055 1 -0.00163946244981431 102614961 102798055 183094
14 204 rs17099578 33285857 1 0.00161249203637391 33271488 33305020 33532
14 35 rs2771358 21422666 1 0.00160877348533187 21422666 21436124 13458
14 599 rs150952 70534823 2 -0.00160332639716709 70517183 70553891 36708
14 156 rs12433083 29895001 1 0.00158339958780605 29889699 29896499 6800
14 641 rs765719 74541484 2 0.00156351539554294 74489735 74683937 194202
14 783 rs1954195 86978489 1 0.00155867391407663 86936675 86995594 58919
14 758 rs2210184 84443019 3 -0.00155533602684912 84346594 84470583 123989
14 378 rs142236510 50558441 1 -0.001554016997032 50550242 50802727 252485
14 602 rs17107965 70679898 1 -0.00153006343693266 70671567 70728094 56527
14 13 rs1953225 20897676 1 0.0015248692816522 20897676 20903778 6102
14 579 rs12890235 69089903 2 0.00151992684858967 69088185 69126744 38559
14 309 rs1652931 41749630 1 -0.0015167114324251 41749630 41813252 63622
14 62 rs3811266 22747055 1 0.00150562750605076 22741734 22756270 14536
14 646 rs2028377 75010561 1 -0.0014889925647935 74978336 75010561 32225
14 801 rs7142212 88734104 2 -0.00148623928822071 88734104 88765833 31729
14 2 rs9919950 20489393 5 -0.00147076503306773 20480547 20529177 48630
14 379 rs10143848 50844119 1 -0.00144735484234098 50810390 50861993 51603
14 60 rs17198047 22690191 4 0.00141725966685594 22652562 22700988 48426
14 11 rs2945461 20863070 4 0.00141335548090432 20846950 20863070 16120
14 279 rs12050275 37469378 4 0.00141318674621487 37449287 37469378 20091
14 147 rs7140165 28799518 3 -0.00140829189149631 28736128 28809084 72956
14 26 rs750142 21130632 1 0.00140280422089272 21130632 21141001 10369
14 615 rs12897929 72412206 4 -0.00139980489396056 72409352 72473230 63878
14 771 rs4904245 85789611 1 0.0013891412583222 85780554 85809911 29357
14 478 rs2347367 58295247 1 -0.00138307525295268 58262007 58295247 33240
14 583 rs12590404 69331653 2 0.001381615925151 69328022 69352230 24208
14 460 rs1959068 56999532 2 -0.00137729291779442 56972072 57020196 48124
14 88 rs3783438 24008550 1 -0.00136317685338756 23994517 24017278 22761
14 591 rs4899308 70081956 4 0.00135138561309695 69984560 70133145 148585
14 576 rs999737 69034682 2 0.00133029547487448 68997635 69039588 41953
14 418 rs1958909 53444727 1 -0.00132538212932816 53444727 53469891 25164
14 265 rs1766143 36696342 1 -0.00131706225282107 36696327 36725221 28894
14 38 rs10146416 21519599 1 0.00130934569361321 21519599 21519599 0
14 864 rs17128633 93306484 1 0.00126243358760099 93239329 93316522 77193
14 900 rs4418997 95281941 1 -0.00124939212039823 95273595 95281941 8346
14 57 rs8022578 22570185 1 0.00124420322508123 22544393 22573443 29050
14 348 rs3007131 47320923 1 -0.00123873185593481 47241493 47396215 154722
14 720 rs10498550 81205644 1 -0.00123808168778811 81133489 81207288 73799
14 456 rs242418 56601804 2 -0.00123073341993072 56594745 56794315 199570
14 484 rs11851552 58706750 2 -0.00120885264971995 58684804 58850459 165655
14 345 rs8008719 46607899 1 -0.00120717118882732 46528754 46738855 210101
14 980 rs10151617 98996159 1 -0.00120175124910905 98996159 99016766 20607
14 241 rs1154104 34660676 2 -0.0012013800603461 34658420 34683420 25000
14 405 rs7152036 52331224 1 0.00119203805458602 52331224 52331224 0
14 20 rs8011671 21020554 1 0.00118294494636772 21012674 21020554 7880
14 289 rs7149898 38752752 3 0.00118154509096672 38721995 38752752 30757
14 92 rs11626329 24263944 2 -0.00117031757951259 24247710 24302673 54963
14 910 rs3742332 95645872 1 0.00116697806706131 95645872 95666260 20388
14 105 rs206222 25189197 4 0.00116673352764814 25182686 25253343 70657
14 826 rs4508365 90600701 1 -0.0011560247458485 90600701 90621770 21069
14 367 rs2352918 49460174 1 0.0011503748630972 49423399 49475148 51749
14 884 rs1950654 94805411 2 0.00111204084148219 94773450 94835046 61596
14 603 rs4899343 70752646 1 0.00108128559693883 70734632 70940766 206134
14 958 rs943587 97636701 1 0.00108044861987778 97636701 97636701 0
14 443 rs3783637 55348118 2 0.00106961961069791 55302219 55546326 244107
14 269 rs2073241 37128936 1 0.00104174243005978 37095489 37128936 33447
14 623 rs1548685 72958725 1 0.00103890487808429 72895442 72959826 64384
14 192 rs2891193 32780576 1 0.00102199296415772 32780576 32781804 1228
14 110 rs8004569 25487816 3 -0.00102079235148194 25443592 25580659 137067
14 1053 rs1969852 103705842 1 -0.00100591904253226 103694512 103707417 12905
14 727 rs11499034 81972441 3 9.919360179585254e-4 81945991 82044026 98035
14 517 rs12372849 62445986 2 -9.91813331340476e-4 62435628 62502992 67364
14 455 rs398652 56525569 2 -9.663320724730244e-4 56521706 56564144 42438
14 832 rs1742098 91168417 1 9.652945788461414e-4 91124934 91183327 58393
14 871 rs7154252 94095960 2 -9.535924672695624e-4 94087775 94160611 72836
14 683 rs158105 77629681 2 9.4050085468518e-4 77625148 77680624 55476
14 568 rs2064928 68025448 2 9.369210082366436e-4 68019608 68025448 5840
14 674 rs17104718 77127092 1 -9.199046038709706e-4 77063816 77127092 63276
14 181 rs28396248 31790886 2 9.191456061739448e-4 31720844 31904160 183316
14 875 rs4905092 94300230 2 9.17077566469951e-4 94295459 94322629 27170
14 618 rs12880679 72583802 1 -9.142868792056004e-4 72553387 72607322 53935
14 746 rs12437252 83491618 2 9.132325379255866e-4 83437617 83499467 61850
14 335 rs17114817 44723232 2 -8.985844764107728e-4 44723232 44862795 139563
14 314 rs966489 42327831 4 -8.93661849426164e-4 42315005 42408943 93938
14 624 rs4903031 73019236 1 8.841717020888521e-4 72970502 73019236 48734
14 773 rs7144487 85969521 1 8.768001147116689e-4 85964610 85987605 22995
14 340 rs17115982 45783546 1 -8.628000284690897e-4 45769358 45783546 14188
14 527 rs2101551 63181642 1 8.59653728853103e-4 63175105 63271562 96457
14 928 rs1951990 96206984 1 8.388748318098067e-4 96178688 96222770 44082
14 328 rs7142687 44144630 1 8.342516092902291e-4 44034561 44144630 110069
14 574 rs12889770 68871549 4 -8.208532162178473e-4 68818976 68882281 63305
14 332 rs1950543 44468798 2 8.130031275955737e-4 44438039 44535160 97121
14 68 rs1154153 23001547 1 8.077988283016707e-4 22999617 23009999 10382
14 620 rs8010242 72739064 2 7.970616703815072e-4 72691607 72771057 79450
14 828 rs2282032 90758891 1 -7.881149414935785e-4 90685594 90791501 105907
14 239 rs980464 34568993 1 7.874793099197032e-4 34568993 34575688 6695
14 531 rs8019718 63602959 1 -7.57166362872091e-4 63591740 63602959 11219
14 939 rs4905454 96651465 1 -7.500970923923577e-4 96651465 96661993 10528
14 962 rs2781407 97959474 1 -7.396511996187849e-4 97905286 97959474 54188
14 304 rs11157110 40625255 2 7.394403154632316e-4 40572241 40698064 125823
14 532 rs4902215 63685669 2 -7.360613298565112e-4 63642726 63692593 49867
14 772 rs10498593 85884306 1 7.358779995125495e-4 85870837 85924741 53904
14 633 rs17569474 73433450 4 7.310801619412384e-4 73403321 73694590 291269
14 951 rs1885162 97371939 1 7.140950486954386e-4 97362657 97459760 97103
14 806 rs4904488 89432075 1 -7.087650611254154e-4 89417252 89474929 57677
14 432 rs12323369 54389587 1 -7.035438665196396e-4 54389587 54433533 43946
14 476 rs1535574 58140574 4 -6.99897326235017e-4 58119752 58178681 58929
14 191 rs6571501 32728233 2 -6.85495943496791e-4 32695421 32777753 82332
14 111 rs1241511 25616188 1 -6.758004440780514e-4 25591902 25616188 24286
14 554 rs11627578 66234448 3 6.675227770932055e-4 66046534 66262963 216429
14 342 rs1266300 46227824 1 -6.533347236917857e-4 46091372 46268185 176813
14 888 rs11628170 94925929 3 6.516568141756416e-4 94910363 94936062 25699
14 160 rs1191545 30003238 1 6.466241141680478e-4 30003238 30045978 42740
14 914 rs942328 95823078 1 6.409664696017342e-4 95823078 95823870 792
14 352 rs4900734 47744407 4 6.37147761496157e-4 47697802 47824521 126719
14 276 rs2564848 37352231 2 -6.365853997952183e-4 37352231 37356172 3941
14 997 rs1273226 99607842 1 6.340990662575463e-4 99607842 99623030 15188
14 466 rs7161116 57309063 1 6.317185430902976e-4 57279439 57319132 39693
14 916 rs7140309 95877337 1 -6.217979020726062e-4 95871863 95877337 5474
14 362 rs12896750 48891210 2 5.992158864189767e-4 48891210 48999279 108069
14 551 rs1679879 65659664 1 5.938600887416141e-4 65659664 65691545 31881
14 1039 rs1190708 102094630 1 5.893051986785333e-4 102094630 102131545 36915
14 808 rs10133171 89592955 1 -5.890526746615402e-4 89592955 89592955 0
14 863 rs9791 93170993 1 -5.88559685682117e-4 93134376 93170993 36617
14 299 rs1956157 40137400 4 -5.837557061094156e-4 40116547 40164269 47722
14 785 rs17202465 87135094 2 -5.804710587169297e-4 87081694 87223394 141700
14 594 rs1952198 70339755 1 -5.763232451536178e-4 70339755 70339755 0
14 528 rs10483759 63365501 2 -5.757410747652301e-4 63304384 63400786 96402
14 572 rs1314915 68703741 3 -5.696696050713992e-4 68551273 68703741 152468
14 719 rs8018254 81010253 3 5.65303791935497e-4 81008723 81124336 115613
14 1008 rs17562391 100133250 1 -5.626964458364284e-4 100109824 100135718 25894
14 411 rs10498441 52544224 1 5.615708438015665e-4 52535415 52567361 31946
14 104 rs10148494 25105891 1 5.536271503102944e-4 25105891 25162082 56191
14 232 rs10137683 34308644 1 -5.516132603860744e-4 34308644 34311717 3073
14 186 rs12878913 32390458 1 -5.496403728194166e-4 32389856 32413685 23829
14 860 rs7157463 93047936 1 -5.44878544063327e-4 93036571 93047936 11365
14 559 rs17103113 66409328 1 -5.40367188854653e-4 66399655 66409328 9673
14 640 rs17094182 74420440 2 5.387141125536299e-4 74317000 74454813 137813
14 561 rs1899815 66521223 1 -5.311073100798912e-4 66485947 66558515 72568
14 131 rs1950399 27120136 1 -5.286180280890667e-4 26935221 27123414 188193
14 722 rs2080306 81576139 2 5.243423675348378e-4 81531754 81576139 44385
14 416 rs4898765 53281883 2 5.164022558318343e-4 53196348 53289281 92933
14 268 rs17104630 37000049 2 5.129617161253055e-4 36999637 37047477 47840
14 65 rs4982619 22844970 2 -5.116735377438623e-4 22795270 22876618 81348
14 918 rs4905315 95917231 1 5.093533168498808e-4 95906095 95917231 11136
14 120 rs17212261 26364940 1 -5.06679937763786e-4 26353497 26364940 11443
14 861 rs12433867 93065083 1 5.0362895633471e-4 93064069 93065083 1014
14 300 rs17769363 40216880 1 -5.008288786288522e-4 40216880 40239830 22950
14 480 rs17094010 58429071 2 4.7618897510021336e-4 58405524 58446570 41046
14 834 rs11629223 91254042 2 -4.7565511409368086e-4 91233834 91293447 59613
14 566 rs3742855 67912792 1 -4.7543204148078774e-4 67912792 67920573 7781
14 810 rs8009301 89660987 1 -4.728425403322794e-4 89660987 89674240 13253
14 691 rs177237 78494334 2 4.723584270814608e-4 78434352 78531784 97432
14 90 rs7142207 24164243 2 -4.598399451433543e-4 24136279 24164243 27964
14 24 rs17308457 21078596 1 4.503137802048042e-4 21077476 21087223 9747
14 301 rs1953200 40267514 2 4.480034486559965e-4 40267514 40319433 51919
14 876 rs12587750 94339156 3 -4.4602945271077405e-4 94331816 94339156 7340
14 938 rs12888576 96611391 4 -4.443497911584568e-4 96603723 96642598 38875
14 140 rs12887396 27749054 4 4.4111746564100263e-4 27720455 27749054 28599
14 842 rs941916 91820372 1 -4.4110939127650053e-4 91820372 91820372 0
14 745 rs1959732 83412065 1 4.311866044805292e-4 83390014 83417466 27452
14 560 rs17103156 66441939 1 4.2775552370253055e-4 66428638 66475085 46447
14 327 rs11157356 43975208 2 -4.231881694440151e-4 43906424 43980703 74279
14 369 rs7140895 49724328 2 4.180603510094967e-4 49609056 49749252 140196
14 1002 rs710087 99791385 1 4.1090355661748263e-4 99791385 99793564 2179
14 287 rs2812080 38654018 1 4.019955467604801e-4 38642541 38655211 12670
14 1018 rs11849923 101138605 1 -3.984881299258779e-4 101130576 101139536 8960
14 415 rs11623917 52921896 6 3.973359131328909e-4 52908825 53154350 245525
14 368 rs12879285 49575029 1 3.947407291863627e-4 49477598 49575029 97431
14 697 rs10483901 78898025 3 -3.934066256591971e-4 78889839 78916892 27053
14 795 rs12881243 88275954 1 -3.927117047961156e-4 88256925 88311081 54156
14 409 rs11844663 52437224 1 -3.909324045478671e-4 52433115 52437224 4109
14 489 rs10149208 59243338 2 3.8660391161828337e-4 59231914 59253715 21801
14 374 rs7155791 50418230 1 -3.8576511236915087e-4 50406826 50418230 11404
14 3 rs2150328 20595252 1 3.831674724621581e-4 20568700 20595252 26552
14 905 rs1243561 95369886 2 3.800989446948203e-4 95361596 95370947 9351
14 585 rs2300875 69438984 1 -3.7978476676038986e-4 69433208 69472159 38951
14 450 rs7148125 56358841 2 3.7544639418615473e-4 56358841 56379595 20754
14 99 rs3212251 24809185 3 3.7347437140718934e-4 24799358 24852046 52688
14 153 rs10483346 29574530 1 -3.575837822085751e-4 29444668 29579407 134739
14 398 rs11157830 52006390 1 3.562943026980015e-4 51965307 52006390 41083
14 163 rs1958988 30334967 1 3.5534200694338806e-4 30334967 30372765 37798
14 852 rs11624846 92729757 1 -3.53725555274583e-4 92729757 92736604 6847
14 909 rs12147295 95478036 3 3.440333386828913e-4 95472704 95523851 51147
14 318 rs1499378 42930316 1 3.43098976766773e-4 42838981 43030843 191862
14 854 rs875918 92861057 1 -3.4186047809082966e-4 92849593 92863359 13766
14 246 rs4982171 34828738 1 -3.397429893402683e-4 34828738 34828738 0
14 1062 rs8010498 104709870 1 -3.368974787689408e-4 104709870 104710505 635
14 870 rs7151050 94007917 2 -3.3446326601086526e-4 93708759 94010894 302135
14 413 rs1390375 52761693 1 3.325145486040746e-4 52700209 52761693 61484
14 272 rs11847459 37199161 4 3.3095296822021995e-4 37190065 37211415 21350
14 143 rs7160256 28188438 1 -3.2024407612746134e-4 28160357 28215325 54968
14 913 rs8003642 95796020 1 3.143112459566454e-4 95796020 95803856 7836
14 177 rs2518667 31265509 1 -3.1298623952091765e-4 31265509 31271487 5978
14 168 rs1956458 30663050 1 3.110272802616021e-4 30619554 30678400 58846
14 358 rs1402515 48466677 1 -3.0698664080898495e-4 48447717 48484814 37097
14 571 rs181575 68273579 1 3.0296081413161625e-4 68241261 68520906 279645
14 993 rs1257676 99497912 2 -3.008339752431069e-4 99497912 99497912 0
14 825 rs870657 90564463 1 -2.9583580094887064e-4 90542118 90591506 49388
14 264 rs1958612 36673875 1 2.946941412821613e-4 36536949 36681923 144974
14 1025 rs17172 101429659 1 2.934851118814364e-4 101395706 101459060 63354
14 544 rs10134770 65063315 1 2.856993167531017e-4 65049394 65142239 92845
14 895 rs1955650 95133688 1 -2.8499014832392367e-4 95128456 95145969 17513
14 193 rs12717220 32818753 1 -2.8475269111074577e-4 32812532 32818753 6221
14 98 rs10134537 24760764 1 2.822517134416719e-4 24736390 24775846 39456
14 680 rs17105232 77518302 1 2.7862929006207437e-4 77497666 77518302 20636
14 631 rs17781655 73325384 3 2.756590919253477e-4 73280418 73329055 48637
14 277 rs10137084 37429530 2 -2.7246565301631675e-4 37359631 37430306 70675
14 636 rs78901745 73989145 1 2.724048683278849e-4 73989145 73989816 671
14 33 rs17254450 21325687 1 2.698358377009233e-4 21325687 21325687 0
14 844 rs2665348 92073188 1 -2.685005367546824e-4 92031976 92073188 41212
14 915 rs1212182 95846518 2 2.6612153369536576e-4 95844779 95854937 10158
14 659 rs4903332 76063344 1 -2.657111475413634e-4 76045362 76063344 17982
14 410 rs35657569 52520746 5 2.6463368537930866e-4 52469647 52521893 52246
14 493 rs10135889 59492768 1 -2.6422899017135504e-4 59452572 59492768 40196
14 649 rs174994 75434102 1 2.568484039471296e-4 75434102 75558163 124061
14 821 rs1028723 90208263 3 -2.4936255718663265e-4 90167470 90208263 40793
14 267 rs3909622 36888567 1 2.441670294786878e-4 36888567 36926030 37463
14 505 rs7156285 61698015 1 2.438813684375919e-4 61692955 61712728 19773
14 855 rs17128308 92911351 1 -2.4220441377821372e-4 92876837 92911351 34514
14 651 rs3742768 75759060 1 -2.4057550223847784e-4 75759060 75782101 23041
14 266 rs3762904 36790795 1 2.3557235070194456e-4 36789729 36843139 53410
14 260 rs1168987 36397680 1 -2.3319039871314348e-4 36393912 36403990 10078
14 319 rs12882557 43135974 1 2.2807948950352304e-4 43072132 43135974 63842
14 347 rs1381645 47212110 1 2.2518184670822987e-4 47115140 47212110 96970
14 270 rs4477602 37151655 1 2.2299728374930555e-4 37150160 37171881 21721
14 550 rs11622328 65640434 3 2.170855696580809e-4 65634797 65649000 14203
14 4 rs1188568 20656645 1 -2.15744302208641e-4 20632463 20656645 24182
14 453 rs12893970 56474502 1 2.107078832283695e-4 56445406 56507568 62162
14 762 rs12587870 84916561 2 2.0741029954655856e-4 84859706 84920960 61254
14 642 rs3742800 74761584 5 2.0495072983139277e-4 74694849 74761584 66735
14 123 rs12432888 26538918 1 2.039368038217707e-4 26538918 26563796 24878
14 966 rs1462256 98194212 1 -1.979412756139279e-4 98175467 98218991 43524
14 315 rs8013963 42431239 3 -1.9774010331955415e-4 42431239 42548912 117673
14 756 rs10137825 84265662 2 1.908092209150592e-4 84252205 84265662 13457
14 606 rs7152071 71152433 1 1.9032809789913888e-4 71152433 71152433 0
14 507 rs1033908 61816227 1 1.896316194018416e-4 61816227 61817533 1306
14 877 rs11848280 94358100 1 1.8530551465339195e-4 94358100 94358100 0
14 113 rs1154182 25792749 1 -1.8346432102089633e-4 25757475 25843774 86299
14 974 rs857062 98520456 2 -1.7690771242242272e-4 98503520 98565384 61864
14 896 rs7143120 95163142 1 -1.75387511597446e-4 95154860 95170852 15992
14 469 rs11158152 57587040 1 -1.702067151924401e-4 57498982 57598022 99040
14 703 rs8020920 79226876 2 1.6837922366361e-4 79219967 79226876 6909
14 890 rs7161648 94965464 1 -1.67654169805502e-4 94965464 94978997 13533
14 135 rs1950588 27348573 1 -1.6705915600678963e-4 27293442 27404781 111339
14 356 rs10130720 48332395 1 -1.650247114804113e-4 48312877 48342605 29728
14 501 rs4901977 60789176 1 1.621803960646707e-4 60789176 61098624 309448
14 743 rs10150720 83311943 1 1.5281400120595355e-4 83304238 83311943 7705
14 388 rs17123302 51441945 1 -1.4950685931373363e-4 51417886 51446216 28330
14 577 rs2257127 69060068 2 1.4857001259595688e-4 69060068 69071599 11531
14 813 rs4904551 89808740 1 -1.4784208257115033e-4 89794530 89811286 16756
14 708 rs7141420 79899454 5 1.4708123174754853e-4 79890677 79945162 54485
14 991 rs4905794 99479669 1 -1.454365528104628e-4 99479669 99479669 0
14 9 rs2318860 20743269 1 1.4528311704840746e-4 20743269 20743269 0
14 999 rs1257427 99654322 1 1.4352573585805006e-4 99654322 99654322 0
14 325 rs2807797 43589221 1 -1.4143288851627738e-4 43530289 43630817 100528
14 485 rs221325 59068284 1 -1.4054445974106403e-4 58955530 59068964 113434
14 931 rs11626868 96329369 1 1.4017774714725312e-4 96329369 96329369 0
14 84 rs4671 23825713 1 -1.3887030824118649e-4 23824114 23845244 21130
14 673 rs6574310 77049704 1 -1.3529193077944034e-4 77039784 77049704 9920
14 601 rs1999052 70647191 1 1.2622236628854268e-4 70647191 70648166 975
14 752 rs10498564 83962878 2 1.2309271722613397e-4 83962878 83979888 17010
14 100 rs8017377 24883887 1 -1.2057948419643296e-4 24883630 24898751 15121
14 526 rs8016446 63143743 1 1.2014899858436696e-4 63125927 63159182 33255
14 945 rs8016592 97055234 1 1.1466514491714012e-4 96983765 97056727 72962
14 179 rs10431648 31351785 1 -1.1394919732321657e-4 31351785 31351785 0
14 873 rs4905086 94236801 2 -1.1263099349111252e-4 94236801 94240020 3219
14 316 rs2415713 42635007 1 1.078513143097714e-4 42593535 42710883 117348
14 858 rs10498634 93005721 1 1.0642549079489032e-4 93005721 93005721 0
14 590 rs12385913 69866838 1 1.0615531929630787e-4 69830974 69948858 117884
14 807 rs4904507 89577749 1 -1.056403904754485e-4 89508519 89577749 69230
14 149 rs2224437 28990427 1 1.0541393749358362e-4 28990427 29007707 17280
14 234 rs1026885 34428218 1 1.0060433294062298e-4 34423678 34431277 7599
14 341 rs4900672 45897330 2 -9.987200171323435e-5 45850323 46079277 228954
14 998 rs1257424 99652561 1 9.428965243986996e-5 99652561 99652561 0
14 76 rs4982695 23322613 1 9.358306404104676e-5 23322613 23326242 3629
14 10 rs10131909 20782165 5 -9.244902962033362e-5 20755287 20837033 81746
14 848 rs2498829 92375770 1 8.920155660719828e-5 92345665 92390365 44700
14 77 rs4982704 23363537 2 -8.793557036960482e-5 23362628 23467280 104652
14 917 rs1187751 95894578 1 8.140145129553637e-5 95891142 95894578 3436
14 1007 rs2144800 100085450 2 -8.049791790054486e-5 100075456 100085450 9994
14 317 rs961015 42801754 1 -7.701812962349235e-5 42731966 42801754 69788
14 66 rs1882704 22925352 1 -7.566213337671498e-5 22895875 22930158 34283
14 774 rs1950179 86028594 1 7.266266951401877e-5 86004971 86037541 32570
14 921 rs737076 95962627 1 -7.052056659160658e-5 95961843 95973610 11767
14 139 rs17112354 27655779 1 -6.878753089452309e-5 27654307 27705881 51574
14 36 rs1263871 21484086 1 6.529517208141608e-5 21469151 21484183 15032
14 814 rs3825664 89878926 1 -6.461413142399287e-5 89852894 89889586 36692
14 723 rs7158881 81591754 1 -6.442521887216302e-5 81587649 81610869 23220
14 520 rs7161322 62586111 1 -6.312339021308356e-5 62584057 62599405 15348
14 138 rs1951762 27596242 1 -5.657246993390594e-5 27558363 27624500 66137
14 457 rs17770536 56808355 1 5.550074380928769e-5 56803764 56822939 19175
14 865 rs4905002 93350376 1 5.5288433133412766e-5 93344831 93372370 27539
14 214 rs1371710 33768664 2 -5.511943040451091e-5 33744464 33792989 48525
14 446 rs3742570 56016434 1 5.412426197884622e-5 56007846 56170031 162185
14 297 rs10872918 39702975 1 -5.079946785987361e-5 39682485 39975927 293442
14 200 rs768787 33046471 2 4.956286128731584e-5 33041232 33126223 84991
14 511 rs7159288 61980098 1 4.3629316676007904e-5 61949217 61990319 41102
14 889 rs8021858 94940717 1 -4.248421203951413e-5 94940717 94956845 16128
14 350 rs11624358 47493452 2 4.082816929013857e-5 47473866 47562060 88194
14 604 rs7150866 71076334 1 4.006354459223497e-5 70985475 71091256 105781
14 427 rs169748 54186083 1 -3.94138745378637e-5 54172855 54187064 14209
14 1054 rs17609426 103775948 2 3.8466878062403515e-5 103764818 103811249 46431
14 775 rs17646495 86089508 1 -3.513729913673345e-5 86064367 86119665 55298
14 1061 rs7147255 104662014 1 -3.4807303694946355e-5 104662014 104699495 37481
14 87 rs222671 23985973 1 3.395431794332412e-5 23977010 23985973 8963
14 1031 rs17099976 101653358 1 3.373709277605392e-5 101653358 101679255 25897
14 929 rs4905389 96260801 2 2.3660499068944788e-5 96239755 96260801 21046
14 212 rs11624823 33694936 1 2.301305204015652e-5 33663668 33697927 34259
14 569 rs4902493 68046275 1 -2.0755735779957375e-5 68035903 68065321 29418
14 240 rs10138966 34627609 1 -1.6909519769954186e-5 34607464 34627609 20145
14 763 rs4904185 84951576 1 -1.5447739122280063e-5 84937257 85013821 76564
14 447 rs7145545 56185501 1 8.866531780434811e-6 56177363 56197878 20515
14 846 rs72629402 92159558 1 -7.558561799715977e-6 92159558 92200291 40733
14 414 rs708525 52834240 1 -6.770753312412133e-6 52782956 52892612 109656
14 735 rs10135954 82703080 1 4.802170622009354e-6 82669795 82830219 160424
14 152 rs17114286 29257152 1 -1.6297848180476543e-6 29203701 29257152 53451
14 73 rs6572731 23237835 3 5.064485053703736e-7 23214356 23242828 28472
