CHR Group SNP.lead BP.lead Size W BP.min BP.max BP.width
17 2310 rs9303277 37976469 1 0.12474935090577272 37976469 37976469 0
17 2853 rs3826397 46509447 1 0.03292120323546548 46509447 46509447 0
17 2715 rs199533 44828931 2 -0.03290359949940306 44828931 44828931 0
17 2164 rs12941866 34900120 2 -0.03132443662385798 34900120 34900120 0
17 3781 rs6504191 62041068 1 0.02878764687448322 62041068 62041068 0
17 853 rs2662959 10583589 1 -0.0277342490026535 10583589 10583589 0
17 2755 rs2292700 45362423 1 0.0263575807081797 45362423 45362423 0
17 5122 rs7216806 77538517 2 0.02422479689685523 77538517 77538517 0
17 4441 rs12451606 70023827 1 0.02360554162346297 70023827 70023827 0
17 286 rs8072531 4752260 1 -0.02298262561209201 4752260 4752260 0
17 660 rs2304911 8050979 2 -0.02072926572926202 8050979 8050979 0
17 88 rs58337165 1684605 1 0.0206657661781667 1684605 1684605 0
17 3367 rs7207114 53434046 1 0.02011935786193904 53434046 53434046 0
17 4260 rs8071899 67930946 1 0.0192455450861046 67930946 67930946 0
17 264 rs9909751 4299256 1 0.0190989609599104 4299256 4299256 0
17 4760 rs4789114 72950927 1 0.01908038040103433 72950927 72950927 0
17 103 rs11867830 1760379 1 -0.01887808475222905 1760379 1760379 0
17 3246 rs2331798 51909152 1 -0.0168308115428826 51909152 51909152 0
17 1329 rs230956 15202205 1 -0.01543469777120815 15202205 15202205 0
17 2879 rs9890514 46738883 1 0.01543180193477142 46738883 46738883 0
17 5251 rs7342974 79483999 1 0.01533111831426864 79483999 79483999 0
17 2803 rs62067380 46000406 1 0.01530516678571531 46000406 46000406 0
17 310 rs3786046 4920360 1 0.01503880421975847 4920360 4920360 0
17 810 rs3967769 9981026 1 0.01468087273332105 9981026 9981026 0
17 3213 rs9890221 51613235 1 0.01416592666667344 51613235 51613235 0
17 3116 rs10514997 50299021 1 0.01411720343246152 50299021 50299021 0
17 582 rs2270981 7216540 2 0.01393749098248128 7216540 7216540 0
17 5057 rs7218605 76811803 2 0.01385471166133523 76811803 76811803 0
17 1602 rs8066050 21000614 1 -0.01364053673619792 21000614 21000614 0
17 4286 rs12150382 68222772 1 0.01356592710151883 68222772 68222772 0
17 111 rs4790859 1897820 1 -0.01356390657658271 1897820 1897820 0
17 3375 rs7213162 53489599 2 -0.013275901622164561 53489599 53489599 0
17 2116 rs79007502 33880305 1 0.01306028655778726 33880305 33880305 0
17 2365 rs72821893 38907448 1 0.01202637240046314 38907448 38907448 0
17 2801 rs2228251 45994094 1 0.01191007189647628 45994094 45994094 0
17 461 rs4796346 6088673 1 -0.01178889837880353 6088673 6088673 0
17 3635 rs7222513 57582867 1 -0.01174211648251325 57582867 57582867 0
17 5254 rs7405450 79540449 2 -0.01144618938392312 79540449 79540449 0
17 2314 rs8067378 38051348 1 0.01143142597757469 38051348 38051348 0
17 1663 rs11538927 26686416 1 0.011400299318571 26686416 26686416 0
17 2770 rs118004742 45468858 1 0.01112835860961489 45468858 45468858 0
17 5004 rs4789577 76320835 1 0.01105018367606208 76320835 76320835 0
17 2692 rs7210728 43968415 1 -0.01088267041618302 43968415 43968415 0
17 1825 rs12162135 30805795 1 -0.01074127406050509 30805795 30805795 0
17 1805 rs7212433 30083687 1 -0.0103351199771078 30083687 30083687 0
17 4044 rs2706683 65552709 1 0.01009882443319096 65552709 65552709 0
17 4918 rs16969682 75127012 1 0.01009749946408547 75127012 75127012 0
17 5196 rs999977 78606412 1 0.01005131522534065 78606412 78606412 0
17 650 rs8078865 7955314 1 0.00996089312667705 7955314 7955314 0
17 4409 rs9895780 69627509 1 -0.00989321185057472 69627509 69627509 0
17 4378 rs17178041 69138255 1 0.00951281802847147 69138255 69138255 0
17 1701 rs11650603 27492042 1 -0.00949229133047377 27492042 27492042 0
17 4224 rs2074031 67522975 1 0.00938699709463199 67522975 67522975 0
17 626 rs1544724 7621777 1 0.00913996773089987 7621777 7621777 0
17 1748 rs4470197 28464474 2 -0.00889619890512121 28464474 28464474 0
17 584 rs118077107 7221197 1 0.00883836776495078 7221197 7221197 0
17 4849 rs8067774 74479889 1 0.00871433610130814 74479889 74479889 0
17 725 rs9891421 8880878 1 0.00843947836582089 8880878 8880878 0
17 3802 rs8082170 62395382 1 0.00824837995262305 62395382 62395382 0
17 5098 rs11658702 77289304 1 0.00815173389365327 77289304 77289304 0
17 902 rs7213403 11129408 1 0.00804747079515796 11129408 11129408 0
17 199 rs9911226 3214106 1 -0.00786744860969346 3214106 3214106 0
17 4787 rs4788901 73586764 1 -0.00768126064653804 73586764 73586764 0
17 4727 rs491192 72623855 1 0.00761766758380084 72623855 72623855 0
17 1785 rs735053 29742727 2 -0.00757480180230534 29742727 29742727 0
17 845 rs117790102 10415269 1 0.00756975592709054 10415269 10415269 0
17 2695 rs17563986 43991272 1 -0.00750035606511826 43991272 43991272 0
17 3603 rs2526374 56435885 1 -0.007413912036211 56435885 56435885 0
17 1402 rs4313843 16790198 1 -0.0072989629221528 16790198 16790198 0
17 1423 rs2274892 16852027 1 0.00720968528331993 16852027 16852027 0
17 221 rs11649929 3410902 2 0.00713369977460627 3410902 3410902 0
17 4469 rs1008621 70362731 1 -0.00710625681688349 70362731 70362731 0
17 4935 rs11077909 75403480 1 -0.00707292969790334 75403480 75403480 0
17 3227 rs1508966 51703484 1 0.0070478634633955 51703484 51703484 0
17 488 rs7215149 6216770 1 -0.0070455665658289 6216770 6216770 0
17 2308 rs2643195 37853118 1 -0.00704019430491818 37853118 37853118 0
17 4449 rs2193060 70086350 1 0.00692889622854631 70086350 70086350 0
17 1142 rs7208104 13640730 2 -0.00688735394613317 13640730 13640730 0
17 1755 rs3110454 28651363 1 0.00685098349735638 28651363 28651363 0
17 136 rs35343613 2227655 1 0.00683307311570204 2227655 2227655 0
17 362 rs7213832 5271804 1 0.00677950573751976 5271804 5271804 0
17 4827 rs61744818 74163759 2 -0.0067765677568635 74163759 74163759 0
17 2664 rs1230101 43483774 1 -0.00674237365222031 43483774 43483774 0
17 5130 rs4889793 77840087 1 0.00659572092626068 77840087 77840087 0
17 3111 rs2970049 50236610 1 0.0065382484902161 50236610 50236610 0
17 2579 rs2011951 42398052 1 -0.00653291313177593 42398052 42398052 0
17 5221 rs4969303 78891923 1 -0.00639488986004505 78891923 78891923 0
17 4373 rs9903422 69100197 2 0.00635369400981521 69100197 69100197 0
17 2403 rs7212376 39336342 2 -0.00629028329063517 39336342 39336342 0
17 2348 rs4135012 38450248 1 0.00616486677306994 38450248 38450248 0
17 2957 rs7225566 47798725 1 0.00616400156303134 47798725 47798725 0
17 5177 rs148731719 78350110 1 0.0061560937248816 78350110 78350110 0
17 2665 rs1230103 43485791 1 0.00613204765363895 43485791 43485791 0
17 673 rs4792734 8208155 1 0.00601407364434847 8208155 8208155 0
17 4613 rs2619995 71703533 1 0.00590085790269132 71703533 71703533 0
17 2638 rs12449933 43137201 1 0.00585649498088511 43137201 43137201 0
17 606 rs9899183 7452977 1 -0.00581285083025156 7452977 7452977 0
17 4212 rs8071378 67408662 1 -0.00579985024246718 67408662 67408662 0
17 672 rs7208297 8199161 1 0.00571586536282388 8199161 8199161 0
17 4328 rs7223156 68679731 1 -0.00564794674931294 68679731 68679731 0
17 3619 rs11079372 57411865 1 -0.00564221376221788 57411865 57411865 0
17 3266 rs8081526 52199093 1 -0.00561243044386198 52199093 52199093 0
17 3963 rs7225452 64380274 2 -0.00560972243969751 64380274 64380274 0
17 4346 rs8067887 68933985 2 -0.00560687811845906 68933985 68933985 0
17 1591 rs2958471 20682586 1 -0.00552959406768238 20682586 20682586 0
17 2765 rs34134208 45412629 1 -0.00551515803123261 45412629 45412629 0
17 5056 rs1110274 76810284 2 -0.0054532855123931 76810284 76810284 0
17 5187 rs11871757 78505323 1 -0.00544139002827612 78505323 78505323 0
17 4739 rs35489971 72700943 1 0.00542356675234096 72700943 72700943 0
17 2249 rs11079059 36813346 2 0.00541104728134898 36813346 36813346 0
17 1811 rs6505263 30153880 1 -0.00535644494010218 30153880 30153880 0
17 1877 rs12941575 31715385 1 0.00532383292927691 31715385 31715385 0
17 952 rs11078022 11511457 1 0.00526560797294006 11511457 11511457 0
17 5211 rs7219896 78775571 1 -0.00522765197506364 78775571 78775571 0
17 4 rs4286157 402843 1 0.00519138150920017 402843 402843 0
17 635 rs79350244 7734114 1 -0.00516208648659379 7734114 7734114 0
17 38 rs480233 728030 1 0.0051596627584306 728030 728030 0
17 1686 rs4795482 27315965 1 -0.0050948093734905 27315965 27315965 0
17 5208 rs9915378 78708418 1 0.00507772180737508 78708418 78708418 0
17 2149 rs1003645 34340284 1 0.00507111153303752 34340284 34340284 0
17 475 rs3888640 6153134 1 0.00506283376046266 6153134 6153134 0
17 4058 rs11658926 66212662 1 -0.00500511892100762 66212662 66212662 0
17 736 rs3744655 9058214 2 -0.00497206179138767 9058214 9058214 0
17 3936 rs9892748 64236941 1 -0.00496434218160327 64236941 64236941 0
17 926 rs2969184 11344615 1 -0.00490325154053772 11344615 11344615 0
17 1914 rs10512451 32014117 1 0.00489958375536845 32014117 32014117 0
17 4090 rs4968906 66619054 1 -0.00485938238190938 66619054 66619054 0
17 2929 rs2233362 47287067 1 0.00484427134114276 47287067 47287067 0
17 2404 rs447375 39338970 2 -0.0047253432666055 39338970 39338970 0
17 1902 rs12453488 31897097 1 0.00469651750781874 31897097 31897097 0
17 4185 rs8064595 67118787 1 -0.00468633971092061 67118787 67118787 0
17 2827 rs11079811 46233490 1 0.00467301672908103 46233490 46233490 0
17 1111 rs7502538 13358465 1 -0.00466271010199768 13358465 13358465 0
17 2139 rs16963927 34204807 1 -0.00464734469093285 34204807 34204807 0
17 5210 rs4969429 78765219 2 -0.00464324383674257 78765219 78765219 0
17 1255 rs12451382 14622329 1 -0.00456729027950541 14622329 14622329 0
17 923 rs16944647 11272698 2 -0.00455617650933025 11272698 11272698 0
17 1138 rs2108702 13592605 2 -0.00446487422263201 13592605 13592605 0
17 4384 rs2058007 69317515 1 0.00446337945709906 69317515 69317515 0
17 3648 rs1292053 57963537 2 -0.0044504954935259 57963537 57963537 0
17 184 rs4300683 2995572 1 -0.004438952732217 2995572 2995572 0
17 2696 rs3785883 44054433 2 0.00443110782192542 44054433 44054433 0
17 3161 rs12603672 51115243 1 0.00438468654315702 51115243 51115243 0
17 2546 rs1230395 41842937 2 -0.004344078556571 41842937 41842937 0
17 4946 rs8077107 75612564 2 0.00432800029573622 75612564 75612564 0
17 3787 rs2172680 62168609 1 -0.00429194740098273 62168609 62168609 0
17 4765 rs7219493 73044188 1 0.00427950199406482 73044188 73044188 0
17 1674 rs61749867 26861877 1 -0.00424830766393089 26861877 26861877 0
17 1122 rs9303081 13456721 1 -0.00420393866580273 13456721 13456721 0
17 1278 rs2191177 14804554 1 -0.00412358680964601 14804554 14804554 0
17 3828 rs4791227 63178272 1 -0.00408915313898437 63178272 63178272 0
17 3874 rs2107654 63633073 1 0.004066724436478 63633073 63633073 0
17 3361 rs3829578 53381510 1 0.00406189488194757 53381510 53381510 0
17 237 rs1716 3632836 1 -0.0040458168645197 3632836 3632836 0
17 1794 rs8075175 29916644 1 -0.00404455614207289 29916644 29916644 0
17 585 rs4796409 7269373 2 0.00400500199476868 7269373 7269373 0
17 3086 rs7207398 49812048 1 0.00398652994807957 49812048 49812048 0
17 4360 rs17177255 68972281 1 -0.00396939458079935 68972281 68972281 0
17 3609 rs2007993 56590643 1 -0.00395506305539536 56590643 56590643 0
17 1730 rs2617865 28049804 1 0.00393249266104814 28049804 28049804 0
17 1484 rs4925109 17661802 1 -0.00392369649449571 17661802 17661802 0
17 4579 rs4969113 71361834 1 0.00388125577991473 71361834 71361834 0
17 2949 rs2671666 47536521 1 -0.00387504587405021 47536521 47536521 0
17 695 rs16957494 8549527 1 0.00387361755474369 8549527 8549527 0
17 967 rs12449476 11653008 1 0.0038639979755016 11653008 11653008 0
17 2559 rs231487 41981300 1 0.00384733572905615 41981300 41981300 0
17 2777 rs2317826 45730899 1 0.00382352426377268 45730899 45730899 0
17 2102 rs10512469 33770802 1 -0.00380179195443921 33770802 33770802 0
17 1953 rs9892990 32382166 1 0.00379468888957888 32382166 32382166 0
17 1647 rs12709500 26134974 1 -0.00376928303603283 26134974 26134974 0
17 1754 rs8073378 28629763 2 -0.00368300323051754 28629763 28629763 0
17 1952 rs1978136 32377698 1 0.00367925213161394 32377698 32377698 0
17 2320 rs2290400 38066240 1 0.00367701842458043 38066240 38066240 0
17 4511 rs8068946 70712513 1 0.00367200495363935 70712513 70712513 0
17 1340 rs7208747 15309204 2 -0.00366923692988701 15309204 15309204 0
17 316 rs17765422 4986481 2 0.00366593309413489 4986481 4986481 0
17 82 rs7501840 1588930 1 0.00363225882903915 1588930 1588930 0
17 1401 rs7208027 16780763 2 0.00361873218588951 16780763 16780763 0
17 1168 rs9913851 13819731 1 0.00361772779267149 13819731 13819731 0
17 658 rs3027209 8014416 1 0.00361766448796757 8014416 8014416 0
17 943 rs3111834 11423255 1 -0.00361307294174701 11423255 11423255 0
17 3369 rs7216054 53477038 2 -0.00360238678249951 53477038 53477038 0
17 1035 rs9894153 12611343 1 0.00359850105088849 12611343 12611343 0
17 3692 rs4141531 59669077 1 -0.0035394127860278 59669077 59669077 0
17 1770 rs17826219 29161845 1 0.003478054766463 29161845 29161845 0
17 1907 rs1369112 31931592 1 0.00347141342768986 31931592 31931592 0
17 2303 rs931992 37821435 1 0.00344687170168214 37821435 37821435 0
17 4418 rs2529379 69811571 1 -0.00343941708499603 69811571 69811571 0
17 444 rs1558883 5817733 1 0.00341837105430101 5817733 5817733 0
17 1826 rs11656631 30841962 1 0.00339127461648053 30841962 30841962 0
17 2386 rs1468260 39052931 1 0.00338666351479818 39052931 39052931 0
17 3233 rs2940660 51738066 1 -0.00334174024741877 51738066 51738066 0
17 3117 rs16951144 50303337 1 0.00333003922075415 50303337 50303337 0
17 2759 rs2317676 45388283 2 0.00331112824394639 45388283 45388283 0
17 1873 rs9915774 31623326 2 -0.00329341253668678 31623326 31623326 0
17 3598 rs9913145 56389732 1 0.00325901631448309 56389732 56389732 0
17 1727 rs2289629 27959903 1 -0.00324449054179274 27959903 27959903 0
17 4303 rs9915405 68355681 2 -0.00323109632990413 68355681 68355681 0
17 1166 rs16948721 13803737 1 -0.00314052564940207 13803737 13803737 0
17 4958 rs9906155 75701697 1 -0.00312063503428484 75701697 75701697 0
17 5140 rs1696754 77945537 1 -0.00307884617004082 77945537 77945537 0
17 3071 rs16950253 49727668 1 0.00303247336635004 49727668 49727668 0
17 4004 rs9912154 64728707 1 0.00302575739291507 64728707 64728707 0
17 5059 rs1384364 76852828 1 0.00302372601196936 76852828 76852828 0
17 3941 rs8073418 64247672 2 -0.00299824292869166 64247672 64247672 0
17 2166 rs1005552 34949598 1 -0.00297815113250444 34949598 34949598 0
17 806 rs16959243 9928077 1 0.00293569599375853 9928077 9928077 0
17 2938 rs2898857 47356023 1 -0.00291094827450051 47356023 47356023 0
17 3863 rs4790945 63371880 1 0.0029042046557848 63371880 63371880 0
17 4901 rs4788961 74969428 1 -0.00289215453254726 74969428 74969428 0
17 3934 rs17769593 64221641 2 0.00289094606427109 64221641 64221641 0
17 2750 rs7217214 45355227 1 -0.00288856781811335 45355227 45355227 0
17 4951 rs2410423 75667271 2 0.00288703615643362 75667271 75667271 0
17 3798 rs9904013 62311239 1 0.00288497175086749 62311239 62311239 0
17 1729 rs2617867 28049399 1 -0.00288216278780867 28049399 28049399 0
17 2829 rs12948653 46259254 2 0.00287462443966232 46259254 46259254 0
17 4415 rs2430532 69711678 1 0.00286901977336929 69711678 69711678 0
17 4017 rs1032970 64925807 1 -0.00286805914789446 64925807 64925807 0
17 3999 rs16960050 64690853 1 0.00281577878239675 64690853 64690853 0
17 2355 rs7219622 38671228 1 0.00281130254604064 38671228 38671228 0
17 502 rs956101 6286526 1 0.00273860247879119 6286526 6286526 0
17 3804 rs2812 62401118 1 0.00273730020637954 62401118 62401118 0
17 4543 rs2131606 71059408 1 0.00273513514909652 71059408 71059408 0
17 3499 rs11651374 55094289 2 -0.00273175138057022 55094289 55094289 0
17 3600 rs2072145 56396609 2 -0.00270139573078939 56396609 56396609 0
17 3630 rs9896769 57512957 1 0.00268599898587819 57512957 57512957 0
17 4474 rs7222185 70385567 1 0.00264144422156377 70385567 70385567 0
17 3690 rs9902598 59635424 2 0.00262144747800813 59635424 59635424 0
17 3785 rs735621 62060718 2 0.00261325396115356 62060718 62060718 0
17 1140 rs9908002 13608997 1 0.0026034613272273 13608997 13608997 0
17 3595 rs11079346 56383744 1 0.00259700455262234 56383744 56383744 0
17 4026 rs8074407 65196367 1 0.00259141995814778 65196367 65196367 0
17 1642 rs4795067 26106675 1 -0.0025844142184019 26106675 26106675 0
17 3487 rs227718 54780491 1 0.00258192718661429 54780491 54780491 0
17 1546 rs2440154 19444987 1 0.00257979817369727 19444987 19444987 0
17 1235 rs2109174 14513310 2 -0.00257790137900832 14513310 14513310 0
17 3529 rs888115 55661470 1 -0.00257026099842829 55661470 55661470 0
17 3186 rs8064753 51451845 1 -0.00255248653124975 51451845 51451845 0
17 703 rs2101939 8620648 1 0.00253361675883069 8620648 8620648 0
17 954 rs12936449 11519394 1 0.0024853792163168 11519394 11519394 0
17 2040 rs2190977 33036586 1 -0.00247803666520572 33036586 33036586 0
17 3786 rs17688326 62109123 2 0.00246866053055219 62109123 62109123 0
17 496 rs4796471 6248108 1 -0.00246791044873712 6248108 6248108 0
17 3223 rs2957407 51671637 1 0.00245590126970656 51671637 51671637 0
17 4000 rs9896191 64696485 1 0.00245262374326771 64696485 64696485 0
17 3508 rs8066842 55264833 1 -0.0024208167540146 55264833 55264833 0
17 675 rs79993581 8222870 1 -0.00235687759554564 8222870 8222870 0
17 4033 rs7224314 65386214 2 -0.00235431540923507 65386214 65386214 0
17 2931 rs2158512 47290253 1 0.00230774356686979 47290253 47290253 0
17 3644 rs9899611 57832190 1 0.00229424634262347 57832190 57832190 0
17 1974 rs4795893 32574448 1 0.0022365290356083 32574448 32574448 0
17 3118 rs10515000 50304559 2 -0.00222604020091442 50304559 50304559 0
17 2556 rs72836561 41926126 1 0.00220728519333276 41926126 41926126 0
17 892 rs4792077 10899825 1 0.00219161082440198 10899825 10899825 0
17 5340 rs6502026 80921029 1 0.00218210995467993 80921029 80921029 0
17 2447 rs11079016 39976024 1 0.00217569128080318 39976024 39976024 0
17 4614 rs2661611 71708855 2 -0.00217121595758162 71708855 71708855 0
17 4995 rs2854704 76175824 1 0.00214853986146046 76175824 76175824 0
17 5280 rs12950178 80453933 1 0.00214762917148039 80453933 80453933 0
17 4955 rs10451228 75684250 1 0.0021396136748892 75684250 75684250 0
17 1164 rs933373 13801297 1 -0.00212361376001599 13801297 13801297 0
17 0 rs4617924 114669 1 0.00211604026378627 114669 114669 0
17 1428 rs4074819 17027255 1 -0.0020996359506392 17027255 17027255 0
17 3912 rs1420798 63944233 2 -0.00209834965074792 63944233 63944233 0
17 1915 rs4474738 32028162 1 0.00208799498458994 32028162 32028162 0
17 766 rs9906854 9349730 1 0.00208594211936875 9349730 9349730 0
17 3599 rs2072147 56395757 2 -0.00208408557706315 56395757 56395757 0
17 2842 rs16955073 46381746 2 0.00208393343649202 46381746 46381746 0
17 78 rs8071756 1574342 1 0.00208315061878565 1574342 1574342 0
17 4312 rs7216368 68537204 1 0.00207484017675228 68537204 68537204 0
17 4132 rs9897551 66817866 1 0.00206314505038819 66817866 66817866 0
17 2942 rs12940887 47402807 1 0.00206126546463859 47402807 47402807 0
17 760 rs10521157 9336370 1 -0.00204187945053871 9336370 9336370 0
17 4445 rs9894442 70045179 2 0.0020360313582817 70045179 70045179 0
17 903 rs1860178 11130229 1 0.00203242468089135 11130229 11130229 0
17 3587 rs56378716 56356502 1 -0.00201999010572037 56356502 56356502 0
17 255 rs78806449 3981290 1 -0.00201151879508138 3981290 3981290 0
17 2457 rs35118457 40263400 1 0.00200885141819069 40263400 40263400 0
17 3528 rs1974692 55653436 1 0.00200493198554471 55653436 55653436 0
17 4999 rs12450989 76188753 2 -0.0019731300400348 76188753 76188753 0
17 720 rs726679 8811678 1 0.0019190625453157 8811678 8811678 0
17 155 rs4790344 2455523 1 0.00190673729870891 2455523 2455523 0
17 4648 rs6501667 71859152 1 -0.00189803523832529 71859152 71859152 0
17 5200 rs7217223 78645663 1 0.00188183757129156 78645663 78645663 0
17 2240 rs2459575 36245768 1 0.00187338870668362 36245768 36245768 0
17 1659 rs241771 26592946 1 0.00187293998364936 26592946 26592946 0
17 153 rs9898838 2428703 1 0.00187194276612744 2428703 2428703 0
17 4324 rs2367005 68666455 1 0.00187039648792229 68666455 68666455 0
17 3238 rs2331793 51873495 1 0.0018672977541919 51873495 51873495 0
17 1832 rs7210010 30905457 1 0.00184803017035 30905457 30905457 0
17 5248 rs7216728 79247798 1 0.00182161546779462 79247798 79247798 0
17 146 rs9894088 2336370 1 -0.00181927376226006 2336370 2336370 0
17 1254 rs12451369 14622200 2 -0.00181695952059307 14622200 14622200 0
17 2663 rs1230094 43470156 1 -0.00181418302428406 43470156 43470156 0
17 4129 rs1470291 66812027 1 -0.0018023607592197 66812027 66812027 0
17 1011 rs887486 12326416 1 -0.00179258022082385 12326416 12326416 0
17 319 rs10438722 4991694 1 -0.00177535088253471 4991694 4991694 0
17 3419 rs9898558 53993882 1 0.00177435987874235 53993882 53993882 0
17 4930 rs4789448 75341774 1 0.00176328815762182 75341774 75341774 0
17 3803 rs1050382 62400000 1 0.00175730035046514 62400000 62400000 0
17 1970 rs887072 32532674 1 0.00175252863692365 32532674 32532674 0
17 4508 rs2713961 70708501 2 -0.00174626418066162 70708501 70708501 0
17 5257 rs9894429 79596811 1 0.00173973202295501 79596811 79596811 0
17 791 rs2293100 9760716 2 0.00173545207271525 9760716 9760716 0
17 4780 rs8064529 73519413 1 0.00173401014142997 73519413 73519413 0
17 2161 rs2242308 34861303 1 -0.00172904561261507 34861303 34861303 0
17 4991 rs11651675 76134237 1 -0.00171837658112623 76134237 76134237 0
17 1144 rs12601543 13665377 1 0.00171551840422609 13665377 13665377 0
17 2782 rs7502875 45823227 1 0.00170977711581359 45823227 45823227 0
17 1424 rs8072293 16855878 1 0.00169485301457251 16855878 16855878 0
17 3228 rs2940644 51708401 1 -0.00169097100251072 51708401 51708401 0
17 1136 rs8068338 13582848 1 -0.00169021044202028 13582848 13582848 0
17 505 rs8073152 6305509 1 0.00168709302652309 6305509 6305509 0
17 1605 rs8078205 21084892 1 -0.00168586211946661 21084892 21084892 0
17 2718 rs111769 44871987 1 -0.00168294242321072 44871987 44871987 0
17 691 rs11654033 8315649 2 -0.00168145635780425 8315649 8315649 0
17 5242 rs4613097 79170578 1 0.00167282870922089 79170578 79170578 0
17 4335 rs2109048 68700871 1 -0.0016592528031439 68700871 68700871 0
17 2136 rs141724302 34192351 1 -0.0016506914002021 34192351 34192351 0
17 953 rs17599639 11511480 1 0.00163541228682896 11511480 11511480 0
17 2572 rs2631299 42219773 1 0.0016232551663558 42219773 42219773 0
17 1064 rs5030739 12899902 1 -0.00162215526381064 12899902 12899902 0
17 3634 rs7215464 57572324 1 -0.00161156358784232 57572324 57572324 0
17 5293 rs8068482 80608149 1 0.00160654998027362 80608149 80608149 0
17 4177 rs6502001 67096079 1 0.00159095584895757 67096079 67096079 0
17 3514 rs868728 55403922 1 0.00158891018744653 55403922 55403922 0
17 706 rs2288156 8644854 1 0.00157628910743489 8644854 8644854 0
17 384 rs3865351 5382031 1 -0.00154169861543255 5382031 5382031 0
17 5262 rs4789753 80092131 1 0.00152724024197615 80092131 80092131 0
17 663 rs1476162 8091083 1 -0.00151428687680734 8091083 8091083 0
17 3843 rs16961934 63249599 1 0.00150500698006105 63249599 63249599 0
17 2988 rs3760413 48452776 1 -0.00148087506298462 48452776 48452776 0
17 4379 rs9302933 69238807 1 -0.00147565578759483 69238807 69238807 0
17 4712 rs9910083 72569644 1 0.001472477676254 72569644 72569644 0
17 4417 rs713122 69768587 1 0.00146574846029304 69768587 69768587 0
17 761 rs9916292 9336658 1 -0.00146448068288445 9336658 9336658 0
17 197 rs9911870 3212858 1 -0.00146285652219938 3212858 3212858 0
17 5000 rs2071214 76219591 1 0.0014552530307261 76219591 76219591 0
17 2121 rs28384428 33913989 1 -0.00143924279510316 33913989 33913989 0
17 1167 rs12943477 13815860 1 0.00143642046520286 13815860 13815860 0
17 915 rs7502432 11224354 2 0.00142657556622745 11224354 11224354 0
17 2981 rs8068961 48403826 2 0.00142557614075517 48403826 48403826 0
17 4005 rs9899787 64730629 1 0.00141947312734209 64730629 64730629 0
17 2334 rs4065321 38143548 2 -0.00141325474763926 38143548 38143548 0
17 2278 rs9914342 37190141 1 -0.00138052827282867 37190141 37190141 0
17 1238 rs8074490 14529338 1 -0.00135894583277816 14529338 14529338 0
17 1273 rs2058228 14739547 1 -0.00135582367448314 14739547 14739547 0
17 4677 rs3186520 72257713 2 -0.0013549292833487 72257713 72257713 0
17 1750 rs2066713 28551665 1 -0.0013540042142597 28551665 28551665 0
17 939 rs2908967 11417222 1 0.00134838063864131 11417222 11417222 0
17 744 rs12602314 9089063 1 0.00134188328305919 9089063 9089063 0
17 2913 rs6504595 47187056 1 0.00133766336755324 47187056 47187056 0
17 50 rs2120233 947233 1 0.00133233619156612 947233 947233 0
17 2639 rs2040558 43147351 2 -0.00133135491115882 43147351 43147351 0
17 1879 rs11658120 31721167 1 0.00132954158956821 31721167 31721167 0
17 4623 rs2683154 71748011 1 -0.00132947706500618 71748011 71748011 0
17 3552 rs2586094 55880661 1 0.00132489300049583 55880661 55880661 0
17 5287 rs10852797 80509676 1 0.00129744478437703 80509676 80509676 0
17 4957 rs7214916 75695647 1 -0.00129734159534298 75695647 75695647 0
17 2532 rs2063680 41764995 1 -0.00127437167212726 41764995 41764995 0
17 5123 rs9915263 77672725 1 0.00125837130896805 77672725 77672725 0
17 2420 rs117612447 39551099 1 0.00125452164751414 39551099 39551099 0
17 198 rs9905684 3213728 1 -0.0012490006558035 3213728 3213728 0
17 2377 rs7209228 38955991 1 -0.00124162049972259 38955991 38955991 0
17 4828 rs2289603 74163821 1 -0.00121826794046603 74163821 74163821 0
17 780 rs2654725 9614556 2 0.00121103783054941 9614556 9614556 0
17 4381 rs2158906 69257833 1 -0.00120918592698233 69257833 69257833 0
17 891 rs1118198 10881442 1 -0.00120035166223487 10881442 10881442 0
17 3850 rs9908306 63284466 1 0.00119402729664895 63284466 63284466 0
17 2344 rs868150 38213359 1 0.00118849272550097 38213359 38213359 0
17 1848 rs28943 31336258 1 -0.00118172552775206 31336258 31336258 0
17 5267 rs61738919 80280054 1 0.00117743367610787 80280054 80280054 0
17 1520 rs1563632 18220770 1 0.00117655515218429 18220770 18220770 0
17 4032 rs12939848 65370808 1 0.00117502195204145 65370808 65370808 0
17 4034 rs4791296 65423279 1 -0.00116518898732347 65423279 65423279 0
17 1161 rs12451418 13793253 1 0.00116379088661719 13793253 13793253 0
17 4962 rs7405639 75765605 1 0.00115874625423085 75765605 75765605 0
17 1363 rs7213827 15558557 1 0.00115528792957364 15558557 15558557 0
17 828 rs4791959 10163569 1 -0.00115508079279746 10163569 10163569 0
17 4504 rs8069275 70683801 1 -0.00115419116284542 70683801 70683801 0
17 3815 rs7218921 63068976 1 0.00115384400593149 63068976 63068976 0
17 1400 rs9905272 16779412 1 -0.00114659114252664 16779412 16779412 0
17 1542 rs2472707 18917324 1 -0.00113762995119166 18917324 18917324 0
17 2561 rs231485 41982012 1 -0.00113358346886207 41982012 41982012 0
17 49 rs11654885 896190 1 0.00112261724964602 896190 896190 0
17 4243 rs12450634 67773308 1 0.00112177693579744 67773308 67773308 0
17 4139 rs1008822 66832788 1 0.00111977227534913 66832788 66832788 0
17 3907 rs2873820 63859521 1 0.00110946699616352 63859521 63859521 0
17 4018 rs713572 64991061 2 -0.0011032779414247 64991061 64991061 0
17 2266 rs923370 37010150 1 0.00110224143895085 37010150 37010150 0
17 1884 rs1553497 31756983 1 0.00109814213491276 31756983 31756983 0
17 1410 rs12953270 16821204 1 -0.00109794159293608 16821204 16821204 0
17 5087 rs7223911 77232086 2 0.0010912745332578 77232086 77232086 0
17 4594 rs790088 71588183 1 -0.00107940028628147 71588183 71588183 0
17 1337 rs7217869 15277733 1 -0.00107654125315224 15277733 15277733 0
17 234 rs220461 3628212 1 -0.0010738469004147 3628212 3628212 0
17 2018 rs1016125 32868563 1 -0.00107035835430371 32868563 32868563 0
17 3095 rs1501255 49886052 2 0.00106556367582721 49886052 49886052 0
17 5025 rs671972 76506975 1 -0.00105753757524737 76506975 76506975 0
17 4546 rs9910686 71062115 1 -0.0010509053922312 71062115 71062115 0
17 142 rs2429909 2270284 1 -0.00104623235118243 2270284 2270284 0
17 441 rs7218232 5770670 1 -0.00104090462362052 5770670 5770670 0
17 2197 rs295869 35147345 2 0.00103812827518385 35147345 35147345 0
17 3452 rs10491199 54304056 2 0.00103776959316325 54304056 54304056 0
17 3831 rs954495 63205030 1 0.00102528335593273 63205030 63205030 0
17 2301 rs2271308 37817482 1 0.00101972367219027 37817482 37817482 0
17 2516 rs4986850 41245471 1 -0.00101649942160817 41245471 41245471 0
17 2326 rs4794820 38089344 1 9.964125989186893e-4 38089344 38089344 0
17 614 rs4968213 7474277 1 -9.931950917618794e-4 7474277 7474277 0
17 669 rs3826543 8132763 1 -9.84639471938815e-4 8132763 8132763 0
17 2173 rs17138293 34981606 1 -9.832141264132848e-4 34981606 34981606 0
17 5162 rs11652075 78178893 2 -9.726139955668912e-4 78178893 78178893 0
17 513 rs867870 6361788 1 9.67881284298968e-4 6361788 6361788 0
17 4775 rs8073890 73256533 1 9.647963819477512e-4 73256533 73256533 0
17 2427 rs11653427 39620262 1 9.598346064484696e-4 39620262 39620262 0
17 4891 rs491914 74897818 1 -9.59758264586937e-4 74897818 74897818 0
17 3915 rs17632708 64067101 1 -9.36169234733578e-4 64067101 64067101 0
17 3824 rs414341 63128261 1 -9.33640493156656e-4 63128261 63128261 0
17 4470 rs16977190 70368561 1 -9.330083084295636e-4 70368561 70368561 0
17 1224 rs12936254 14418969 1 -9.277977875767086e-4 14418969 14418969 0
17 2989 rs12450550 48456193 1 9.270332937945796e-4 48456193 48456193 0
17 2109 rs117367639 33805165 1 -9.2217590103966e-4 33805165 33805165 0
17 1658 rs241783 26567055 1 9.181597238026896e-4 26567055 26567055 0
17 4811 rs113062332 73915803 1 9.157261871819202e-4 73915803 73915803 0
17 3585 rs7211774 56257984 1 -9.091846571294804e-4 56257984 56257984 0
17 2758 rs11869835 45381823 1 -8.965929455136936e-4 45381823 45381823 0
17 2126 rs9303690 34005513 1 -8.943304492782762e-4 34005513 34005513 0
17 5237 rs9906253 79017259 1 -8.942051179865101e-4 79017259 79017259 0
17 3358 rs4239191 53331344 2 8.934212801225062e-4 53331344 53331344 0
17 4550 rs11077665 71135770 2 8.753419335786743e-4 71135770 71135770 0
17 238 rs178323 3637953 2 8.749947775129642e-4 3637953 3637953 0
17 4077 rs2909207 66439605 1 8.58510188389838e-4 66439605 66439605 0
17 2983 rs72832454 48433306 1 -8.52841545194501e-4 48433306 48433306 0
17 4673 rs12600564 72248512 1 8.469524262160041e-4 72248512 72248512 0
17 2680 rs11655764 43836477 2 8.460161828852941e-4 43836477 43836477 0
17 2658 rs2074289 43364914 1 -8.413869580443118e-4 43364914 43364914 0
17 587 rs7503417 7283726 1 8.357083414477917e-4 7283726 7283726 0
17 5167 rs12937242 78268294 1 8.354396022879785e-4 78268294 78268294 0
17 3251 rs1457354 52040994 2 -8.262882982603807e-4 52040994 52040994 0
17 1670 rs12453704 26836445 1 -8.232107401572889e-4 26836445 26836445 0
17 4532 rs2344989 70924851 1 -8.226531952049744e-4 70924851 70924851 0
17 492 rs11078618 6233740 1 8.203743691092454e-4 6233740 6233740 0
17 4835 rs71815 74270069 1 8.188839672479589e-4 74270069 74270069 0
17 526 rs9916344 6398213 1 8.024366080993488e-4 6398213 6398213 0
17 1799 rs315499 30021321 1 7.936095106917107e-4 30021321 30021321 0
17 5282 rs9911222 80473077 1 7.912041103176724e-4 80473077 80473077 0
17 938 rs1544668 11415679 1 7.880072167861894e-4 11415679 11415679 0
17 3579 rs8071251 56232315 1 -7.837840680604681e-4 56232315 56232315 0
17 3418 rs9910227 53983492 1 -7.711396227722259e-4 53983492 53983492 0
17 4383 rs4468671 69290669 1 -7.637410440443325e-4 69290669 69290669 0
17 2217 rs2898659 35531996 1 7.623905462700268e-4 35531996 35531996 0
17 4484 rs17246777 70485581 2 -7.578462875101596e-4 70485581 70485581 0
17 2436 rs1003842 39646021 1 -7.562090812592914e-4 39646021 39646021 0
17 2432 rs9303309 39638907 1 7.472277507455537e-4 39638907 39638907 0
17 1876 rs1394391 31705414 1 7.424227346945935e-4 31705414 31705414 0
17 2607 rs2231650 42927723 1 -7.420926569152098e-4 42927723 42927723 0
17 2037 rs12602173 33028104 1 -7.406425168417379e-4 33028104 33028104 0
17 5060 rs7342880 76874512 1 7.40494914812639e-4 76874512 76874512 0
17 4451 rs8074540 70091969 1 -7.395817159080294e-4 70091969 70091969 0
17 3731 rs4968613 60747979 2 7.336731440591303e-4 60747979 60747979 0
17 608 rs4511593 7455536 1 7.324039017137643e-4 7455536 7455536 0
17 2672 rs7215239 43767773 1 -7.316030063925674e-4 43767773 43767773 0
17 2701 rs2258689 44067382 1 7.290921135556922e-4 44067382 44067382 0
17 453 rs9905941 5907520 2 -7.282278172817261e-4 5907520 5907520 0
17 1751 rs7214248 28574177 2 -7.18536341703126e-4 28574177 28574177 0
17 3788 rs2270524 62174960 1 7.169006740470423e-4 62174960 62174960 0
17 3436 rs1431322 54186839 1 7.152551020790671e-4 54186839 54186839 0
17 1533 rs4924935 18753870 1 -7.065318354501582e-4 18753870 18753870 0
17 1648 rs964947 26186886 1 7.057924410409357e-4 26186886 26186886 0
17 1673 rs12449554 26857788 1 7.026507011249978e-4 26857788 26857788 0
17 905 rs758433 11179153 2 -6.96530791153206e-4 11179153 11179153 0
17 664 rs11078734 8101224 1 -6.918815841190358e-4 8101224 8101224 0
17 959 rs146479561 11550421 1 -6.896931742537065e-4 11550421 11550421 0
17 4175 rs1860120 67086724 1 -6.89600762956158e-4 67086724 67086724 0
17 1812 rs11080171 30158073 1 6.83908635456714e-4 30158073 30158073 0
17 3081 rs1263970 49784791 1 -6.801963814159434e-4 49784791 49784791 0
17 3689 rs7217738 59630944 1 -6.797646100512552e-4 59630944 59630944 0
17 1786 rs7406402 29745981 1 -6.745034196326318e-4 29745981 29745981 0
17 2354 rs2290207 38640744 1 6.711154002610772e-4 38640744 38640744 0
17 293 rs35400274 4803711 1 6.706196545950005e-4 4803711 4803711 0
17 3837 rs8074052 63235960 1 -6.703071361271615e-4 63235960 63235960 0
17 4850 rs4789302 74480715 1 -6.692786959492073e-4 74480715 74480715 0
17 1191 rs8066913 14126628 1 -6.671716632145487e-4 14126628 14126628 0
17 4127 rs9889514 66808359 1 -6.650642203128122e-4 66808359 66808359 0
17 173 rs4790403 2885146 1 -6.629209852381907e-4 2885146 2885146 0
17 4662 rs9907408 72070772 1 -6.598698971160217e-4 72070772 72070772 0
17 5311 rs35653278 80789468 1 6.598428362124535e-4 80789468 80789468 0
17 5124 rs4313838 77698582 1 -6.579177996528552e-4 77698582 77698582 0
17 325 rs11657827 5008957 1 6.557984778139034e-4 5008957 5008957 0
17 3344 rs2628299 53160946 1 -6.548714326703825e-4 53160946 53160946 0
17 701 rs7207835 8618876 1 -6.541298262188925e-4 8618876 8618876 0
17 1205 rs2021844 14325684 1 -6.524628963914403e-4 14325684 14325684 0
17 3881 rs9903648 63662560 1 -6.334960231989403e-4 63662560 63662560 0
17 2148 rs1719200 34338078 1 6.280677246488337e-4 34338078 34338078 0
17 2345 rs7502912 38215948 1 6.255310833756921e-4 38215948 38215948 0
17 1547 rs12451696 19445923 1 6.223818609261541e-4 19445923 19445923 0
17 1295 rs2875097 14920997 2 -6.214195686446879e-4 14920997 14920997 0
17 147 rs7215857 2341350 1 -6.174921222729254e-4 2341350 2341350 0
17 2687 rs929223 43922897 2 6.150480994934924e-4 43922897 43922897 0
17 4624 rs2683153 71748105 1 -6.115296912240352e-4 71748105 71748105 0
17 487 rs9894371 6212579 2 6.085728597078479e-4 6212579 6212579 0
17 4110 rs4368217 66727924 1 6.004434001449814e-4 66727924 66727924 0
17 782 rs2272033 9680451 1 5.979667618931935e-4 9680451 9680451 0
17 1237 rs16940918 14529058 1 -5.96550527758081e-4 14529058 14529058 0
17 4759 rs4789111 72940481 1 5.934336165142528e-4 72940481 72940481 0
17 4266 rs16974824 68017013 1 5.918101164026819e-4 68017013 68017013 0
17 3924 rs8178869 64206723 1 5.901131312043275e-4 64206723 64206723 0
17 2311 rs1453560 38023441 1 5.892555124022949e-4 38023441 38023441 0
17 1769 rs3816780 29161358 1 5.875559422927624e-4 29161358 29161358 0
17 5184 rs7212223 78483560 2 -5.870053276888847e-4 78483560 78483560 0
17 871 rs11658485 10758574 1 -5.841021359428147e-4 10758574 10758574 0
17 4241 rs16974282 67692362 1 -5.816947744448738e-4 67692362 67692362 0
17 4710 rs1699597 72566351 1 5.793507646408039e-4 72566351 72566351 0
17 4744 rs2305213 72769739 1 5.77543484415716e-4 72769739 72769739 0
17 2671 rs1635291 43751913 1 -5.698274157210239e-4 43751913 43751913 0
17 2881 rs508696 46862711 1 5.690288112691568e-4 46862711 46862711 0
17 3592 rs12944679 56372280 1 -5.689445428085915e-4 56372280 56372280 0
17 4301 rs17716021 68318568 1 -5.65411656320268e-4 68318568 68318568 0
17 1316 rs7214520 15072451 1 5.596419683800497e-4 15072451 15072451 0
17 5002 rs1109278 76248229 2 5.557880380331815e-4 76248229 76248229 0
17 3082 rs739434 49803636 1 5.528619517001365e-4 49803636 49803636 0
17 5070 rs8074370 76957331 1 -5.50055959977617e-4 76957331 76957331 0
17 1292 rs8075436 14911566 2 5.462770723632232e-4 14911566 14911566 0
17 4959 rs1529964 75706339 2 -5.449467909228816e-4 75706339 75706339 0
17 2527 rs556105 41709473 1 5.440853488889029e-4 41709473 41709473 0
17 3237 rs7207426 51871920 1 -5.409279943940444e-4 51871920 51871920 0
17 3391 rs4239198 53623023 1 5.328427128228934e-4 53623023 53623023 0
17 1253 rs9916805 14619256 1 5.327352636461909e-4 14619256 14619256 0
17 3998 rs1010544 64687446 2 5.31025676199003e-4 64687446 64687446 0
17 5174 rs8078251 78334206 1 5.299608884276167e-4 78334206 78334206 0
17 1319 rs9906227 15075605 1 5.253382442231647e-4 15075605 15075605 0
17 534 rs28493751 6441376 2 -5.247582971610272e-4 6441376 6441376 0
17 3910 rs1345451 63905236 1 5.21093982559966e-4 63905236 63905236 0
17 2233 rs9906814 35994809 2 -5.199285370092275e-4 35994809 35994809 0
17 4894 rs16969506 74914941 2 -5.19869044750307e-4 74914941 74914941 0
17 262 rs4573968 4147047 1 5.188475067119064e-4 4147047 4147047 0
17 4001 rs16960070 64701109 1 -5.094328009616336e-4 64701109 64701109 0
17 792 rs1607987 9761666 2 -5.075012026028834e-4 9761666 9761666 0
17 1922 rs4144698 32068973 1 5.074566733571584e-4 32068973 32068973 0
17 1565 rs138462610 19578921 1 -4.991985431741291e-4 19578921 19578921 0
17 2778 rs11870935 45732605 1 4.919581431121882e-4 45732605 45732605 0
17 2028 rs4636954 32972853 1 -4.884722601255237e-4 32972853 32972853 0
17 2335 rs8066582 38146929 1 -4.866394335406665e-4 38146929 38146929 0
17 3937 rs8079985 64237143 2 4.842444948086008e-4 64237143 64237143 0
17 5183 rs11650988 78479278 2 4.7919048326989394e-4 78479278 78479278 0
17 1950 rs7211832 32369860 1 4.739578396788516e-4 32369860 32369860 0
17 4345 rs8072501 68931412 1 -4.710916244499189e-4 68931412 68931412 0
17 259 rs9904222 4056542 1 4.691188379351077e-4 4056542 4056542 0
17 1481 rs11654526 17617309 1 4.684949654248507e-4 17617309 17617309 0
17 3685 rs4968563 59524473 2 -4.675474766061285e-4 59524473 59524473 0
17 4791 rs820206 73641714 1 4.636833019919072e-4 73641714 73641714 0
17 233 rs1107400 3615496 1 -4.611224847649598e-4 3615496 3615496 0
17 2300 rs1877031 37814080 1 4.563336716442147e-4 37814080 37814080 0
17 2877 rs16942475 46688371 1 4.5507192939290094e-4 46688371 46688371 0
17 427 rs1008588 5711950 2 -4.541475223145088e-4 5711950 5711950 0
17 1021 rs10491190 12423312 1 -4.530389664088084e-4 12423312 12423312 0
17 771 rs9910604 9448879 1 4.524794484204806e-4 9448879 9448879 0
17 1685 rs12451955 27314224 1 4.522340670003565e-4 27314224 27314224 0
17 1490 rs4299203 17878159 1 4.50547286292169e-4 17878159 17878159 0
17 1768 rs9904033 29000019 1 -4.4779580296801073e-4 29000019 29000019 0
17 2425 rs3760525 39598822 1 -4.4546756380714497e-4 39598822 39598822 0
17 3379 rs11653011 53519844 1 -4.432813583501837e-4 53519844 53519844 0
17 3796 rs17562856 62279811 1 4.411724864455078e-4 62279811 62279811 0
17 429 rs7219822 5725518 1 -4.368470885460981e-4 5725518 5725518 0
17 2222 rs11872046 35816995 1 4.315164051712769e-4 35816995 35816995 0
17 2678 rs11650810 43827534 1 -4.313622794373644e-4 43827534 43827534 0
17 1725 rs894606 27909352 2 -4.264086814388877e-4 27909352 27909352 0
17 1689 rs8075200 27346554 1 4.259526746607563e-4 27346554 27346554 0
17 3621 rs9893761 57421666 1 -4.223480845037028e-4 57421666 57421666 0
17 4207 rs536009 67273882 2 -4.1931006534452384e-4 67273882 67273882 0
17 4719 rs58253413 72588778 1 -4.18175004965017e-4 72588778 72588778 0
17 4306 rs6501388 68381555 1 -4.121242641562216e-4 68381555 68381555 0
17 543 rs218655 6573964 1 -4.076565122147843e-4 6573964 6573964 0
17 930 rs1513742 11373750 1 -4.0750554542469066e-4 11373750 11373750 0
17 2359 rs7223332 38824636 1 -4.07178011880257e-4 38824636 38824636 0
17 3113 rs1486745 50270737 1 -4.0607052665421375e-4 50270737 50270737 0
17 1871 rs7220735 31598363 1 4.057859630133033e-4 31598363 31598363 0
17 2272 rs9896257 37080317 1 -4.0374992488223055e-4 37080317 37080317 0
17 385 rs1805453 5385398 1 -4.021208241353927e-4 5385398 5385398 0
17 1061 rs11078103 12870243 1 3.9945814035530057e-4 12870243 12870243 0
17 4300 rs312742 68318486 1 -3.984615745774115e-4 68318486 68318486 0
17 4419 rs7223546 69832043 1 -3.9665572296231457e-4 69832043 69832043 0
17 3404 rs9900492 53741073 1 -3.966209393593714e-4 53741073 53741073 0
17 1667 rs8070486 26807734 2 3.932970190671445e-4 26807734 26807734 0
17 2735 rs11655536 45315486 1 3.922358039524324e-4 45315486 45315486 0
17 3546 rs4793569 55833465 1 -3.912993136382492e-4 55833465 55833465 0
17 4465 rs718400 70311511 1 -3.9032882109216e-4 70311511 70311511 0
17 4758 rs1542752 72938100 1 3.884957080992204e-4 72938100 72938100 0
17 3775 rs2584624 61904546 1 3.881917781608458e-4 61904546 61904546 0
17 1919 rs8081560 32052997 1 3.879721955013576e-4 32052997 32052997 0
17 5051 rs2279310 76792870 1 -3.875093658952288e-4 76792870 76792870 0
17 3838 rs7223099 63237054 1 -3.8684210776542406e-4 63237054 63237054 0
17 911 rs9894431 11208436 1 -3.8683625702820465e-4 11208436 11208436 0
17 1531 rs570145 18284262 1 -3.861907212147462e-4 18284262 18284262 0
17 3990 rs11079662 64628388 1 -3.849244357352247e-4 64628388 64628388 0
17 454 rs9901849 5970537 1 -3.8352811314286336e-4 5970537 5970537 0
17 2775 rs11869926 45683125 1 -3.822061159193603e-4 45683125 45683125 0
17 2162 rs2306595 34871721 1 -3.818723943956356e-4 34871721 34871721 0
17 2519 rs4793248 41470683 1 -3.7876658679044577e-4 41470683 41470683 0
17 99 rs7503422 1715435 1 -3.7602008649894534e-4 1715435 1715435 0
17 2756 rs2292864 45367681 1 -3.702302398306465e-4 45367681 45367681 0
17 884 rs860420 10839109 1 -3.6904518644656503e-4 10839109 10839109 0
17 43 rs2457270 791338 1 -3.6808454202694874e-4 791338 791338 0
17 1425 rs7223686 16960911 1 3.652794665568124e-4 16960911 16960911 0
17 2252 rs2879097 36889559 1 -3.6131624528578e-4 36889559 36889559 0
17 4633 rs8070752 71797557 2 3.600778997059521e-4 71797557 71797557 0
17 3362 rs9903045 53405259 1 3.571493941215692e-4 53405259 53405259 0
17 5042 rs4796808 76613675 1 3.531420834148331e-4 76613675 76613675 0
17 2714 rs199454 44800110 1 -3.528026743084342e-4 44800110 44800110 0
17 4134 rs12949818 66819696 1 -3.521181962703316e-4 66819696 66819696 0
17 2494 rs4792930 40805844 2 -3.4890538462525324e-4 40805844 40805844 0
17 1536 rs4393623 18775900 1 -3.4704823202338453e-4 18775900 18775900 0
17 2792 rs17774272 45910616 1 -3.4633377769990013e-4 45910616 45910616 0
17 4143 rs17682084 66844051 1 -3.42518492260044e-4 66844051 66844051 0
17 3119 rs967823 50317276 1 -3.4196964258612707e-4 50317276 50317276 0
17 3510 rs8070947 55336268 1 3.4155800564877127e-4 55336268 55336268 0
17 2918 rs16946628 47196790 1 3.411242224169367e-4 47196790 47196790 0
17 4431 rs2015816 69938454 1 -3.367813021142531e-4 69938454 69938454 0
17 3755 rs4343 61566031 1 3.362988209469837e-4 61566031 61566031 0
17 1010 rs237320 12325592 1 -3.3563599892418483e-4 12325592 12325592 0
17 4544 rs9895450 71059845 1 -3.3394908514175015e-4 71059845 71059845 0
17 294 rs3760490 4807926 1 3.310619118737503e-4 4807926 4807926 0
17 5324 rs9747334 80840989 1 3.310208550952985e-4 80840989 80840989 0
17 5276 rs9303029 80408815 2 3.286498811772291e-4 80408815 80408815 0
17 754 rs8071380 9245232 1 -3.2841938890456896e-4 9245232 9245232 0
17 3498 rs4793832 54885087 1 3.2799070866368796e-4 54885087 54885087 0
17 4178 rs16973567 67096153 1 3.2786401750239453e-4 67096153 67096153 0
17 2817 rs10491182 46120767 1 3.273656335130641e-4 46120767 46120767 0
17 942 rs2969206 11422725 2 -3.2564381427178577e-4 11422725 11422725 0
17 5165 rs9894254 78184679 1 3.23084778329854e-4 78184679 78184679 0
17 2312 rs11557467 38028634 1 -3.229614671195303e-4 38028634 38028634 0
17 1816 rs2051810 30195841 1 3.2290036461692193e-4 30195841 30195841 0
17 3077 rs9303590 49741141 1 3.198663800792437e-4 49741141 49741141 0
17 3363 rs8067230 53407119 1 -3.198461265847127e-4 53407119 53407119 0
17 300 rs238238 4856376 1 3.1983751646962033e-4 4856376 4856376 0
17 545 rs9915706 6654919 1 3.1886294669560174e-4 6654919 6654919 0
17 1024 rs16946248 12473371 1 -3.176247784612755e-4 12473371 12473371 0
17 2350 rs2120200 38460375 1 -3.1667542852641876e-4 38460375 38460375 0
17 1629 rs2945378 25851691 1 -3.1661228338004786e-4 25851691 25851691 0
17 1286 rs9303121 14892744 1 -3.1580664289366736e-4 14892744 14892744 0
17 1535 rs9903574 18768582 2 -3.1440587201322353e-4 18768582 18768582 0
17 3010 rs739924 48631607 1 3.11581000745394e-4 48631607 48631607 0
17 5 rs4968169 404617 1 -3.110706034059423e-4 404617 404617 0
17 2685 rs171440 43893487 1 -3.0914233064158035e-4 43893487 43893487 0
17 4382 rs11077554 69286681 1 3.042606856531718e-4 69286681 69286681 0
17 5294 rs2011631 80613061 1 3.0397045881169174e-4 80613061 80613061 0
17 904 rs4791455 11158773 1 -3.03647003242453e-4 11158773 11158773 0
17 2684 rs110402 43880047 1 -2.999149473771219e-4 43880047 43880047 0
17 894 rs4791439 10915554 1 2.9725115804037734e-4 10915554 10915554 0
17 1895 rs9891235 31836993 1 -2.9638557116635903e-4 31836993 31836993 0
17 1742 rs10853136 28406018 1 -2.9595565310200974e-4 28406018 28406018 0
17 640 rs4791889 7783125 1 -2.9184977582120145e-4 7783125 7783125 0
17 3684 rs4968562 59521310 1 2.910212825138462e-4 59521310 59521310 0
17 2528 rs479249 41713678 1 2.9061895715148175e-4 41713678 41713678 0
17 639 rs11078711 7777214 1 2.880310829652464e-4 7777214 7777214 0
17 1918 rs1490922 32052655 1 2.87670940564377e-4 32052655 32052655 0
17 1362 rs4792630 15510011 1 -2.809802339481683e-4 15510011 15510011 0
17 2452 rs12952314 40144923 1 2.789359563523217e-4 40144923 40144923 0
17 402 rs2733366 5514590 1 2.760638800901385e-4 5514590 5514590 0
17 1897 rs7209298 31852949 2 2.760146285556881e-4 31852949 31852949 0
17 2693 rs4792891 43973498 1 -2.7423822190545164e-4 43973498 43973498 0
17 1126 rs12952904 13487098 1 -2.7398593210902714e-4 13487098 13487098 0
17 64 rs8064578 1254875 1 -2.7048251352755723e-4 1254875 1254875 0
17 704 rs4459584 8628249 1 -2.6837409879732854e-4 8628249 8628249 0
17 5295 rs3751911 80615643 1 2.674894770354494e-4 80615643 80615643 0
17 1788 rs178900 29800656 1 -2.657273918271382e-4 29800656 29800656 0
17 3543 rs2190759 55794699 1 2.652728457737004e-4 55794699 55794699 0
17 2405 rs238824 39346518 1 2.648798136550609e-4 39346518 39346518 0
17 4851 rs3744050 74557976 1 2.648216603776773e-4 74557976 74557976 0
17 3562 rs17762258 55903829 1 -2.6459624197765696e-4 55903829 55903829 0
17 5041 rs6501232 76608673 2 -2.6447346175501767e-4 76608673 76608673 0
17 1311 rs8067758 15008718 1 2.6422086623467645e-4 15008718 15008718 0
17 4671 rs35682745 72240168 1 2.6224056399015217e-4 72240168 72240168 0
17 4426 rs16977009 69916524 1 2.6220892454548276e-4 69916524 69916524 0
17 2644 rs1053733 43183028 1 -2.606435969689914e-4 43183028 43183028 0
17 1260 rs1860379 14673060 1 -2.6058993922195724e-4 14673060 14673060 0
17 2122 rs225295 33925755 1 -2.6014456567315884e-4 33925755 33925755 0
17 4777 rs959260 73369422 1 2.5597355242436526e-4 73369422 73369422 0
17 2265 rs1239176 37006131 1 2.5385557684600525e-4 37006131 37006131 0
17 1473 rs9890064 17538008 1 -2.5245712003819584e-4 17538008 17538008 0
17 912 rs1008360 11209792 2 2.5069232269849125e-4 11209792 11209792 0
17 5173 rs61600413 78321157 1 2.503683854005026e-4 78321157 78321157 0
17 3524 rs11868362 55498236 1 -2.4987797953591133e-4 55498236 55498236 0
17 5007 rs111563325 76451830 1 2.477184286207467e-4 76451830 76451830 0
17 2496 rs7359598 40897470 1 2.476060004892609e-4 40897470 40897470 0
17 2650 rs16939879 43216472 1 2.475751524801251e-4 43216472 43216472 0
17 3776 rs2665833 61906846 1 -2.471159932561614e-4 61906846 61906846 0
17 632 rs9905906 7685748 1 2.453821919134839e-4 7685748 7685748 0
17 1908 rs12943567 31938138 1 2.445248738685445e-4 31938138 31938138 0
17 464 rs17201619 6114005 1 -2.4303900792246695e-4 6114005 6114005 0
17 521 rs7208709 6383674 1 2.4122916452082684e-4 6383674 6383674 0
17 72 rs9895971 1456507 1 -2.3964430232790063e-4 1456507 1456507 0
17 361 rs8081520 5269132 1 -2.390713044910976e-4 5269132 5269132 0
17 4574 rs9989465 71300907 1 2.3897205896711583e-4 71300907 71300907 0
17 2223 rs11867983 35826182 2 2.3751197297993277e-4 35826182 35826182 0
17 2713 rs12947457 44797820 1 2.353269599883048e-4 44797820 44797820 0
17 4287 rs11077483 68235645 2 2.3498163155776417e-4 68235645 68235645 0
17 1082 rs7210118 13047713 2 -2.29475745647541e-4 13047713 13047713 0
17 5096 rs11656298 77285797 1 2.2416251411915472e-4 77285797 77285797 0
17 1296 rs6502412 14921926 2 2.2368224513501635e-4 14921926 14921926 0
17 4307 rs11658767 68451507 1 2.2341821481801951e-4 68451507 68451507 0
17 56 rs7217439 1009156 1 -2.2191489640267835e-4 1009156 1009156 0
17 4570 rs9900652 71273999 1 2.184316316945558e-4 71273999 71273999 0
17 3597 rs61741210 56386732 1 2.073544655248793e-4 56386732 56386732 0
17 446 rs4985622 5819714 1 2.041508470659695e-4 5819714 5819714 0
17 3784 rs3760238 62050528 1 2.0360053400892705e-4 62050528 62050528 0
17 2298 rs9972882 37807698 1 2.029172122991693e-4 37807698 37807698 0
17 4507 rs2713960 70708074 1 2.0167685968444033e-4 70708074 70708074 0
17 4668 rs7211140 72173910 1 2.011374998796109e-4 72173910 72173910 0
17 4233 rs7209518 67580175 1 1.9999702446772512e-4 67580175 67580175 0
17 4341 rs1015657 68878487 1 1.9977501730029075e-4 68878487 68878487 0
17 2429 rs11655712 39625032 1 1.989837103756808e-4 39625032 39625032 0
17 1719 rs883828 27753846 1 -1.9812759240379484e-4 27753846 27753846 0
17 1287 rs999725 14894010 1 -1.9742076836571864e-4 14894010 14894010 0
17 3995 rs8070293 64682078 1 -1.9661794065942612e-4 64682078 64682078 0
17 4664 rs8075025 72132949 1 -1.9627451130641233e-4 72132949 72132949 0
17 5207 rs6565478 78692004 1 -1.9421631931104612e-4 78692004 78692004 0
17 726 rs7219148 8905016 1 1.934572057341021e-4 8905016 8905016 0
17 5176 rs61740658 78337584 1 1.9335387435499767e-4 78337584 78337584 0
17 2641 rs6503422 43163851 1 1.931934348989676e-4 43163851 43163851 0
17 382 rs1805446 5376458 1 -1.840639276434158e-4 5376458 5376458 0
17 2306 rs11078919 37835755 1 -1.8302860656148115e-4 37835755 37835755 0
17 4454 rs741348 70171052 1 -1.819064319936396e-4 70171052 70171052 0
17 2563 rs3760360 41988992 1 1.786017350489862e-4 41988992 41988992 0
17 4015 rs12948693 64897622 1 -1.7696119340056507e-4 64897622 64897622 0
17 4747 rs10775365 72780491 1 1.745929437639218e-4 72780491 72780491 0
17 450 rs2051672 5906425 1 -1.7432633389382072e-4 5906425 5906425 0
17 5273 rs7211306 80367353 1 -1.73447974926679e-4 80367353 80367353 0
17 3078 rs4794293 49741155 1 1.7150264731770036e-4 49741155 49741155 0
17 3693 rs728368 59675381 1 -1.7029641624989676e-4 59675381 59675381 0
17 1077 rs12452504 12974697 1 -1.699722793983874e-4 12974697 12974697 0
17 5089 rs12051618 77243063 1 1.694887340071685e-4 77243063 77243063 0
17 495 rs8076681 6247468 1 -1.6936655623152455e-4 6247468 6247468 0
17 466 rs35433451 6117513 1 -1.6911692911661234e-4 6117513 6117513 0
17 2724 rs10491149 45034021 1 -1.671575950756782e-4 45034021 45034021 0
17 1453 rs9910747 17433959 1 1.6691747239625968e-4 17433959 17433959 0
17 1741 rs118026417 28405431 1 1.6595588299010174e-4 28405431 28405431 0
17 1598 rs11204328 20872331 1 -1.6442743398704674e-4 20872331 20872331 0
17 4455 rs4793407 70206349 1 1.6336917227055528e-4 70206349 70206349 0
17 1282 rs4792560 14854206 2 -1.6098882908019223e-4 14854206 14854206 0
17 2293 rs10491128 37551988 1 -1.605873097464788e-4 37551988 37551988 0
17 4997 rs11653181 76179530 1 1.601854808492182e-4 76179530 76179530 0
17 4567 rs8915 71244630 1 -1.601243069858691e-4 71244630 71244630 0
17 4932 rs388090 75379439 1 1.597590221328789e-4 75379439 75379439 0
17 1162 rs4792411 13797101 1 -1.5921432697073624e-4 13797101 13797101 0
17 2215 rs8072064 35493313 1 1.5875469454373786e-4 35493313 35493313 0
17 4297 rs17715938 68315648 1 1.5629813712621292e-4 68315648 68315648 0
17 116 rs9912609 1967620 1 -1.552509613464776e-4 1967620 1967620 0
17 3534 rs4793885 55728224 2 -1.5256040310675028e-4 55728224 55728224 0
17 431 rs2042005 5733558 2 -1.5094934692752365e-4 5733558 5733558 0
17 4412 rs9893864 69640574 1 -1.5021007036592878e-4 69640574 69640574 0
17 1197 rs11078241 14250136 1 1.4917601920977277e-4 14250136 14250136 0
17 1683 rs4794842 27290751 1 -1.46739835004816e-4 27290751 27290751 0
17 4914 rs8082404 75085015 1 1.4665216086898043e-4 75085015 75085015 0
17 2039 rs1990262 33034326 1 1.463864129298234e-4 33034326 33034326 0
17 4208 rs17686569 67290840 1 1.4602350258458493e-4 67290840 67290840 0
17 4291 rs11077488 68290082 1 -1.4558104167961943e-4 68290082 68290082 0
17 2206 rs7218928 35263956 1 1.452338664611707e-4 35263956 35263956 0
17 282 rs4790706 4689572 1 -1.4418581711864886e-4 4689572 4689572 0
17 963 rs3744578 11648332 1 1.423557387887711e-4 11648332 11648332 0
17 802 rs3826528 9885606 1 1.4231875606298896e-4 9885606 9885606 0
17 2156 rs11651881 34406906 1 1.4222362636597582e-4 34406906 34406906 0
17 1214 rs16949556 14344249 1 1.4181085371546982e-4 14344249 14344249 0
17 225 rs322937 3446885 1 -1.3766097357727027e-4 3446885 3446885 0
17 193 rs9894016 3118733 1 -1.3716167745067304e-4 3118733 3118733 0
17 2296 rs35797948 37792090 1 -1.3574007484761365e-4 37792090 37792090 0
17 4402 rs9302937 69489575 1 1.3562754978475243e-4 69489575 69489575 0
17 208 rs9303174 3342002 1 -1.3421328937992153e-4 3342002 3342002 0
17 5235 rs1062935 78939857 2 -1.3367651848327666e-4 78939857 78939857 0
17 1614 rs17703271 25571166 2 -1.3360441663589392e-4 25571166 25571166 0
17 2524 rs16940051 41696370 1 -1.3029667729730498e-4 41696370 41696370 0
17 2936 rs4794031 47342153 1 -1.2898036318614224e-4 47342153 47342153 0
17 4103 rs4968913 66659235 1 1.2895184233459447e-4 66659235 66659235 0
17 547 rs7215005 6668117 1 1.274153860627058e-4 6668117 6668117 0
17 764 rs8075395 9337757 1 -1.2633306006030583e-4 9337757 9337757 0
17 2066 rs16970659 33476001 1 1.2537612170523228e-4 33476001 33476001 0
17 4708 rs1699598 72564029 2 -1.2260861903896e-4 72564029 72564029 0
17 641 rs17807204 7784295 1 1.1962166998764686e-4 7784295 7784295 0
17 350 rs1046368 5204730 1 1.176020637714294e-4 5204730 5204730 0
17 2922 rs16970025 47243622 1 1.16037650743739e-4 47243622 47243622 0
17 1920 rs9893177 32055164 1 1.1548780929391988e-4 32055164 32055164 0
17 2364 rs16966175 38888121 1 1.1483375097819811e-4 38888121 38888121 0
17 977 rs12940825 11854302 1 -1.1436086021752802e-4 11854302 11854302 0
17 4002 rs8081512 64708866 1 -1.1276577810515428e-4 64708866 64708866 0
17 2593 rs17544039 42693848 1 1.1240933301451658e-4 42693848 42693848 0
17 933 rs4792143 11385890 1 -1.1216109529149744e-4 11385890 11385890 0
17 1900 rs8079016 31870759 1 1.11571577071485e-4 31870759 31870759 0
17 411 rs9893797 5578857 1 -1.1006700873706436e-4 5578857 5578857 0
17 383 rs3865350 5381867 1 -1.0998216563338946e-4 5381867 5381867 0
17 372 rs1071648 5326089 1 -1.076873754693274e-4 5326089 5326089 0
17 3041 rs7214942 49324752 1 -1.0753604446587592e-4 49324752 49324752 0
17 69 rs17761155 1433913 1 1.0483957744416643e-4 1433913 1433913 0
17 4920 rs11655883 75234757 1 1.047039829128838e-4 75234757 75234757 0
17 3297 rs1025905 52704312 1 1.0341573396817836e-4 52704312 52704312 0
17 3672 rs8064681 59155210 1 1.0230147968110976e-4 59155210 59155210 0
17 946 rs9897837 11467691 1 1.0121542447398874e-4 11467691 11467691 0
17 3272 rs7220060 52308825 1 1.0117567271410916e-4 52308825 52308825 0
17 1004 rs2252 12241592 1 -1.0093061852571418e-4 12241592 12241592 0
17 3935 rs1801692 64222164 1 1.0067358191906296e-4 64222164 64222164 0
17 3337 rs12947685 53045519 1 -9.96162481741728e-5 53045519 53045519 0
17 3790 rs9896332 62250050 1 9.858831963932514e-5 62250050 62250050 0
17 3258 rs12938655 52097411 1 9.785627972230275e-5 52097411 52097411 0
17 5217 rs2589158 78818603 1 9.687670741344867e-5 78818603 78818603 0
17 2287 rs12946701 37303198 1 9.632407961005778e-5 37303198 37303198 0
17 46 rs2955621 812750 1 -9.597985938806516e-5 812750 812750 0
17 1710 rs16964949 27582578 1 -9.42713086961525e-5 27582578 27582578 0
17 781 rs17207388 9621676 1 9.403254126954688e-5 9621676 9621676 0
17 4755 rs689730 72851133 2 9.314859129399093e-5 72851133 72851133 0
17 3336 rs11871939 53043769 1 9.27483124268196e-5 53043769 53043769 0
17 228 rs55916885 3495391 2 9.10505718268926e-5 3495391 3495391 0
17 1281 rs9914741 14853048 1 9.0644991022342e-5 14853048 14853048 0
17 3477 rs9915822 54666735 1 8.739352194264428e-5 54666735 54666735 0
17 4169 rs1984722 66988666 1 8.686622024561427e-5 66988666 66988666 0
17 4701 rs783250 72523259 1 8.559394645377378e-5 72523259 72523259 0
17 652 rs72842957 7984479 1 8.502206174142338e-5 7984479 7984479 0
17 216 rs7209613 3372179 1 8.50162947434762e-5 3372179 3372179 0
17 2668 rs11012 43513441 1 -8.479693050255437e-5 43513441 43513441 0
17 3650 rs16943991 58121453 1 -8.449942080044473e-5 58121453 58121453 0
17 3928 rs8178855 64214104 1 8.246630380873802e-5 64214104 64214104 0
17 3328 rs17745049 52935126 1 8.043000345175631e-5 52935126 52935126 0
17 1613 rs2270758 25568707 1 7.995487593775996e-5 25568707 25568707 0
17 5109 rs868134 77371081 1 7.28476237750355e-5 77371081 77371081 0
17 24 rs2295479 636822 1 -6.728594512319755e-5 636822 636822 0
17 2473 rs8074524 40469598 1 -6.646165601668368e-5 40469598 40469598 0
17 1798 rs425809 30000429 1 6.600276044135063e-5 30000429 30000429 0
17 1060 rs10521205 12869142 1 6.467274652664364e-5 12869142 12869142 0
17 1934 rs402601 32182391 1 -6.424465165603877e-5 32182391 32182391 0
17 1290 rs9303122 14909712 1 6.278957918745215e-5 14909712 14909712 0
17 768 rs8071640 9354504 1 6.176504639278507e-5 9354504 9354504 0
17 4947 rs4788999 75621704 1 -6.127781950909245e-5 75621704 75621704 0
17 77 rs61735419 1551223 1 6.06245206214099e-5 1551223 1551223 0
17 4707 rs905710 72563060 1 -6.011727730482085e-5 72563060 72563060 0
17 3633 rs1557814 57569247 2 -5.788951057428943e-5 57569247 57569247 0
17 705 rs7211295 8628684 1 -5.728000598071962e-5 8628684 8628684 0
17 989 rs7218124 11906351 1 5.715270714911012e-5 11906351 11906351 0
17 3388 rs12602627 53595972 1 -5.650622309721439e-5 53595972 53595972 0
17 2560 rs231486 41981404 2 -5.636380581478859e-5 41981404 41981404 0
17 2241 rs306801 36249430 1 5.604183514345584e-5 36249430 36249430 0
17 5268 rs73999868 80285076 1 5.547051503735471e-5 80285076 80285076 0
17 3354 rs171511 53273910 1 -5.45208177550318e-5 53273910 53273910 0
17 4683 rs11652975 72288399 1 -5.20873044081248e-5 72288399 72288399 0
17 4726 rs556985 72622634 1 5.114066186648049e-5 72622634 72622634 0
17 1646 rs2779248 26127832 1 4.9963644693884014e-5 26127832 26127832 0
17 2878 rs150997786 46700352 1 -4.723047909564955e-5 46700352 46700352 0
17 2806 rs2597169 46034091 1 -4.5974857467352944e-5 46034091 46034091 0
17 2816 rs7209072 46110469 1 4.5124136844813134e-5 46110469 46110469 0
17 5001 rs2661694 76221008 1 -4.25831468963972e-5 76221008 76221008 0
17 3572 rs11649864 56093061 2 -4.132960826850418e-5 56093061 56093061 0
17 4332 rs2041265 68684282 1 4.112062703276393e-5 68684282 68684282 0
17 172 rs4790402 2885090 1 -4.010062474335917e-5 2885090 2885090 0
17 814 rs12150284 10031090 2 3.924877665015707e-5 10031090 10031090 0
17 3638 rs4968384 57637803 1 -3.878888066705234e-5 57637803 57637803 0
17 4830 rs10512605 74212382 1 -3.844057960096033e-5 74212382 74212382 0
17 1875 rs7215745 31702422 1 3.653575495771658e-5 31702422 31702422 0
17 527 rs10852883 6398233 1 -3.610515212066528e-5 6398233 6398233 0
17 2221 rs2898656 35806418 1 3.526635523512825e-5 35806418 35806418 0
17 4166 rs7223763 66982991 2 3.506077946184311e-5 66982991 66982991 0
17 2059 rs10853174 33351917 1 -3.30660558523369e-5 33351917 33351917 0
17 4056 rs8077384 66163231 1 3.0774510338963363e-5 66163231 66163231 0
17 4545 rs2344872 71060337 1 3.0581509030045285e-5 71060337 71060337 0
17 1534 rs8066636 18761109 1 2.953941093616221e-5 18761109 18761109 0
17 4045 rs2952454 65599398 1 2.900880542170376e-5 65599398 65599398 0
17 1081 rs9909179 13044303 2 2.7433360957297356e-5 13044303 13044303 0
17 3075 rs4794291 49738763 1 2.6577992654786203e-5 49738763 49738763 0
17 2053 rs9674871 33156538 1 -2.631210093365786e-5 33156538 33156538 0
17 3152 rs11870108 50987882 1 2.6107897529828856e-5 50987882 50987882 0
17 250 rs7207552 3896807 1 -2.291998054832928e-5 3896807 3896807 0
17 1828 rs225190 30877658 1 -2.1798783851531416e-5 30877658 30877658 0
17 3029 rs9905480 48936065 1 -2.1235146338059925e-5 48936065 48936065 0
17 1951 rs6505393 32375998 2 2.1033875156507647e-5 32375998 32375998 0
17 1008 rs2726550 12267102 1 -2.040558154767587e-5 12267102 12267102 0
17 1630 rs7222355 25854188 1 -2.021104306988405e-5 25854188 25854188 0
17 2562 rs105025 41987441 1 2.00846862253251e-5 41987441 41987441 0
17 4735 rs477963 72641440 1 -1.8716275199809615e-5 72641440 72641440 0
17 4189 rs4968844 67147037 1 -1.7494042616141233e-5 67147037 67147037 0
17 1291 rs7217839 14911130 1 1.7342425778338382e-5 14911130 14911130 0
17 1671 rs2071587 26851602 1 -1.3883903774165651e-5 26851602 26851602 0
17 2636 rs7216522 43108705 1 1.2913111650438952e-5 43108705 43108705 0
17 4179 rs1468514 67097212 1 -1.1343604737941589e-5 67097212 67097212 0
17 1417 rs4792801 16845467 2 1.112385760130259e-5 16845467 16845467 0
17 1963 rs2368698 32495847 1 -1.0356077575958815e-5 32495847 32495847 0
17 708 rs4309437 8648103 1 1.0020635193489834e-5 8648103 8648103 0
17 1365 rs12600853 15627329 1 -9.86798764562377e-6 15627329 15627329 0
17 5271 rs79314916 80352300 1 8.283769078250481e-6 80352300 80352300 0
17 1699 rs8076604 27438469 1 -7.971197120419661e-6 27438469 27438469 0
17 231 rs150857 3526637 1 7.363057257806731e-6 3526637 3526637 0
17 2946 rs16948048 47440466 1 -6.889909576472527e-6 47440466 47440466 0
17 551 rs4796556 6691017 1 -3.413175703479055e-6 6691017 6691017 0
17 772 rs8077921 9466072 1 -2.3598178315038553e-6 9466072 9466072 0
17 4320 rs1860316 68606316 1 1.7226351358111216e-6 68606316 68606316 0
17 1772 rs3764421 29167653 1 1.0057065003189189e-15 29167653 29167653 0
17 3805 rs9892152 62401965 1 6.754891873129171e-16 62401965 62401965 0
17 1916 rs2347559 32028737 1 3.033343406039579e-16 32028737 32028737 0
17 5061 rs4796812 76875186 1 2.6005470283159763e-16 76875186 76875186 0
17 3925 rs8178867 64207129 1 9.037086965467782e-17 64207129 64207129 0
17 1773 rs11657270 29214387 1 8.69525134833925e-17 29214387 29214387 0
17 1774 rs2433 29226228 1 2.4196474464432983e-17 29226228 29226228 0
