CHR Group SNP.lead BP.lead Size W BP.min BP.max BP.width
22 157 rs12627970 39721745 9 0.13083948302927398 39659773 39721745 61972
22 163 rs9607852 42258272 22 0.1189873190616131 41418154 42685537 1267383
22 158 rs2294360 39897792 7 0.07059008584576508 39781585 39989216 207631
22 95 rs1002189 30771458 7 0.05787573403568936 30658722 30953295 294573
22 26 rs7291930 20876509 2 0.05241508664538762 20753615 20903410 149795
22 23 rs2531708 20017445 13 0.04380203461274034 19956781 20100596 143815
22 139 rs2284033 37534034 4 0.04212044287134584 37506680 37535471 28791
22 18 rs5748167 19370586 10 0.04168318560150932 19154522 19594436 439914
22 195 rs6006753 45846472 4 -0.04048016173259643 45680473 45846472 165999
22 31 rs1210606 21452237 5 0.03702818976937755 21423908 21460220 36312
22 48 rs1041749 24846391 12 0.03621993887528089 24460593 24946924 486331
22 61 rs8139900 26394724 4 0.02940335385817954 26369358 26415475 46117
22 248 rs140522 50971266 6 0.02823517910858111 50937445 51072161 134716
22 205 rs13057352 47095235 3 0.02696090157150794 46964267 47103512 139245
22 91 rs4823003 29410232 18 0.02525517989084089 28288136 29454477 1166341
22 174 rs2267597 44427612 3 0.0230792507465786 44424108 44466550 42442
22 116 rs204276 34744069 7 0.02289136625038494 34537450 34799261 261811
22 11 rs439231 18319179 4 0.02278363386535287 18286672 18319179 32507
22 68 rs5752327 26844070 10 0.02186567845664207 26794102 26960789 166687
22 124 rs4820201 35970204 5 -0.01986634949392082 35970204 36041650 71446
22 227 rs13056461 49155087 3 0.01830210529176814 49085205 49175009 89804
22 46 rs7287310 24047092 9 0.0171979982041391 23971028 24187820 216792
22 41 rs5759742 23700907 1 0.01710989000190509 23700907 23700907 0
22 247 rs11555194 50876662 7 0.01706490211443386 50814075 50910875 96800
22 98 rs16989291 31971282 13 0.01603776672619378 31487701 32324140 836439
22 32 rs4821112 21964761 4 0.01591522843115916 21806401 21982892 176491
22 144 rs4821653 37771985 2 0.01561320230947435 37728491 37771985 43494
22 59 rs739281 26277148 7 0.01537721266401239 26173661 26278427 104766
22 235 rs11703376 49678713 1 0.01524703412106044 49671776 49685455 13679
22 162 rs6001931 40877514 8 0.01478392138597207 40729614 41291730 562116
22 207 rs4476 47440669 4 0.01452618079296337 47302584 47440669 138085
22 232 rs9616437 49529613 4 -0.01440406249408444 49505948 49532043 26095
22 249 rs9616906 51104680 1 -0.01333331865265652 51104680 51104680 0
22 113 rs2157088 34211435 8 -0.01317289298653135 34133758 34260738 126980
22 226 rs5771758 49028180 7 -0.01296438070049707 49027446 49074301 46855
22 72 rs13054025 27222059 2 0.01296111777839614 27206289 27222286 15997
22 135 rs4821540 37241788 1 0.01186818842052342 37197530 37241788 44258
22 83 rs136923 27785809 7 0.01180421389286868 27747270 27785809 38539
22 47 rs1007888 24241101 2 -0.0115879839797015 24192879 24270777 77898
22 166 rs738533 43172308 10 0.01158387811489823 43162952 43483242 320290
22 80 rs498789 27627416 2 -0.01147183885820099 27622907 27627416 4509
22 86 rs8136304 27917070 2 0.0112487373539672 27905428 27935369 29941
22 12 rs1072405 18406068 5 0.01109975434156716 18350514 18486017 135503
22 155 rs738469 39510995 2 -0.01108702581318858 39497452 39552597 55145
22 146 rs8140025 37910395 1 0.01098961659848048 37843239 37929759 86520
22 159 rs136858 40065322 2 -0.0109054791976313 40065322 40083730 18408
22 36 rs16985150 22525600 4 0.01049061605512541 22504946 22548831 43885
22 55 rs4820621 25608548 5 -0.01037295450940158 25473134 25620142 147008
22 164 rs733278 42811919 8 0.01028904882691549 42698800 42867898 169098
22 54 rs139762 25307571 2 0.01021442485300268 25307571 25388318 80747
22 143 rs2284051 37710569 1 0.01020608812798149 37699377 37710569 11192
22 88 rs9613477 27989890 4 -0.01018951999432964 27988228 28033628 45400
22 208 rs4823464 47489470 2 0.01012815722959096 47454664 47556231 101567
22 196 rs6006756 45884487 3 0.00958246823767511 45864459 45892433 27974
22 100 rs5753991 32738182 5 0.00896392476926394 32706904 32823071 116167
22 60 rs9613049 26345603 2 0.00858560658406873 26283020 26346108 63088
22 122 rs743811 35792974 2 0.0084442205405011 35792974 35818398 25424
22 138 rs5756471 37404249 3 0.0083862746600494 37367928 37470224 102296
22 77 rs760529 27485345 4 0.00834818092550357 27433250 27485959 52709
22 92 rs132372 29604561 1 0.00815949623742828 29498118 29604561 106443
22 81 rs932299 27661009 3 -0.00793569487160698 27657507 27668370 10863
22 121 rs11704301 35711543 3 0.00771991255491931 35544775 35733654 188879
22 69 rs5752351 26990807 11 -0.00771528322289128 26981039 27110259 129220
22 109 rs16992276 33801983 9 0.00760754696916423 33728035 33801983 73948
22 38 rs2854096 23255525 2 -0.00757725835747845 23250737 23278593 27856
22 176 rs5764558 44544028 2 0.00751468053679627 44530420 44576132 45712
22 87 rs723184 27962517 4 0.0074585749116067 27962517 27974819 12302
22 82 rs507070 27700919 4 0.00736984972991144 27689956 27729548 39592
22 206 rs139596 47224481 4 0.00730974579033284 47108189 47230348 122159
22 231 rs6009408 49461764 9 0.00708320267613872 49405594 49486490 80896
22 97 rs4820897 31117495 8 0.00691202255404129 31070493 31290637 220144
22 150 rs6001064 38638071 1 0.0065909731151375 38628306 38701393 73087
22 99 rs5994466 32518130 9 0.00640207071361878 32355455 32655284 299829
22 200 rs910923 46487902 1 0.00633963641945493 46487902 46553308 65406
22 141 rs5995396 37586000 5 0.00632944397515263 37567490 37611807 44317
22 117 rs2223271 34920388 5 -0.00629433113871941 34811838 34940942 129104
22 63 rs134703 26500417 5 -0.00628153571117218 26485668 26507645 21977
22 94 rs2412973 30529631 8 0.00605958612310423 29840180 30597810 757630
22 173 rs2896019 44333694 7 0.00601756809427726 44322970 44395451 72481
22 44 rs140174 23922983 1 0.00596854204363398 23922983 23922983 0
22 181 rs135938 44812036 4 -0.00570070078393637 44769535 44812036 42501
22 76 rs6005266 27410749 3 0.00566818174314411 27410749 27425365 14616
22 40 rs9624019 23407301 3 0.00543811827625102 23407301 23644794 237493
22 20 rs1985884 19643245 5 -0.00533749616477791 19643245 19678655 35410
22 238 rs5770391 49790713 2 0.00531723344437949 49784591 49796800 12209
22 216 rs874961 48318237 5 -0.00523538305670083 48284514 48343389 58875
22 171 rs2017461 44285765 13 0.00510812206616171 43950853 44286950 336097
22 128 rs4820222 36609739 4 -0.00495647778941803 36583084 36623920 40836
22 67 rs2226691 26789849 1 0.00491377785265747 26758375 26789849 31474
22 213 rs10460765 47944748 3 0.00488212630646405 47940908 47989391 48483
22 42 rs2330452 23754578 2 0.00487918846755782 23752398 23754578 2180
22 220 rs4499 48646288 5 0.00484279350825748 48546285 48646288 100003
22 79 rs9620665 27557030 6 0.00481878741609397 27533998 27613318 79320
22 154 rs1969643 39413668 5 -0.00472006804543615 39392296 39445554 53258
22 165 rs12166331 43121426 2 0.00469393898285554 42876604 43122720 246116
22 199 rs3788673 45994189 3 0.00459011097502532 45988571 46255004 266433
22 102 rs7292178 32859619 1 0.00431881154249754 32859619 32882121 22502
22 147 rs2235336 37958268 1 0.00429132717202139 37943299 37958268 14969
22 112 rs240073 34086494 1 0.00427594073252357 34070821 34108174 37353
22 246 rs34163881 50655543 5 -0.00415684155752306 50492235 50660137 167902
22 9 rs174330 18009909 1 0.00414978862926206 17990852 18021760 30908
22 133 rs2283994 37016614 1 -0.0040956979442451 37013694 37027680 13986
22 101 rs11703151 32849712 4 0.00391053588481615 32831809 32849712 17903
22 22 rs165631 19951816 2 0.00390980542764331 19906511 19951816 45305
22 234 rs8140508 49610259 5 -0.00381044468484342 49593847 49623181 29334
22 52 rs56123612 25251372 2 0.00374098987799428 25238729 25284829 46100
22 50 rs7287595 25208398 2 0.00358450318174014 25079925 25208398 128473
22 15 rs5992185 18633978 2 0.00350255228174681 18582650 18640300 57650
22 169 rs11704418 43705678 4 0.00350078685952578 43655427 43705678 50251
22 191 rs132011 45421536 4 0.00348086457811884 45421242 45435202 13960
22 185 rs4422244 45003748 5 -0.00347961096752858 45003748 45057826 54078
22 70 rs6005150 27122480 1 0.00332309349522736 27122480 27141605 19125
22 130 rs139933 36845207 5 0.00327397023633658 36770038 36900806 130768
22 192 rs132829 45551071 6 -0.00326789583079831 45465068 45568986 103918
22 10 rs11538 18220831 3 -0.00313348342405738 18115392 18255988 140596
22 115 rs242885 34423169 3 -0.00303136639931796 34395171 34474560 79389
22 13 rs390495 18504801 2 -0.00300666733729684 18504801 18539553 34752
22 142 rs8139798 37660255 3 0.00299317550701768 37618637 37673781 55144
22 212 rs131056 47905322 1 -0.00290713579205554 47783287 47910705 127418
22 30 rs2072550 21386019 4 0.00277496399671537 21352181 21386019 33838
22 153 rs5757387 39333340 1 0.00266479647813566 39320828 39355109 34281
22 175 rs6006486 44503633 2 -0.00264011814716203 44503633 44522312 18679
22 221 rs133588 48666450 2 0.0025342439145969 48666450 48672302 5852
22 78 rs4822859 27508858 2 0.00248893332073307 27497704 27508858 11154
22 190 rs961500 45339110 5 -0.00248743409260832 45303255 45409136 105881
22 224 rs2032489 48843478 3 -0.00246045319430681 48838815 48897881 59066
22 27 rs2072517 21115244 3 0.00240908884154303 20993328 21115244 121916
22 103 rs12628631 32939719 3 0.00238372692394868 32925170 32939719 14549
22 186 rs5765930 45115579 2 -0.00236406633984216 45109666 45116127 6461
22 65 rs3788378 26715923 2 0.00235707152038178 26681640 26716432 34792
22 211 rs2187793 47688003 7 -0.00232907582495544 47683805 47763158 79353
22 229 rs12158344 49214032 4 0.00229322301797859 49203730 49228507 24777
22 137 rs5750326 37276285 7 0.00228159766044596 37268555 37333804 65249
22 217 rs9615717 48381376 2 -0.00225823578518818 48371416 48381376 9960
22 127 rs2413380 36519040 3 -0.00225150266115189 36500899 36557550 56651
22 168 rs148458324 43618695 3 0.00191026606020558 43577048 43645133 68085
22 71 rs2285155 27189536 2 -0.00187389045159439 27167348 27191942 24594
22 204 rs5767244 46924254 1 0.00183493316018481 46919541 46924254 4713
22 193 rs9626655 45612551 3 0.00181360350461149 45589490 45648846 59356
22 210 rs4823616 47625078 2 -0.00163211881682867 47604571 47627231 22660
22 106 rs2071947 33246032 15 0.0016243317895571 33159636 33433761 274125
22 34 rs5999264 22095920 5 0.00152705698318772 22082820 22355496 272676
22 39 rs6003439 23327745 3 -0.00150388781104733 23299769 23379985 80216
22 188 rs3788630 45191504 1 0.00144682795985538 45180554 45192660 12106
22 6 rs4819996 17790731 1 0.00143529962642997 17790731 17790731 0
22 194 rs6006973 45665663 1 -0.00139270934770471 45665663 45665663 0
22 189 rs5766113 45251423 3 0.00136684727807202 45225297 45255043 29746
22 3 rs4819558 17616217 5 -0.00132547135734946 17589209 17669306 80097
22 2 rs11703655 17450952 4 0.00126273361032963 17399211 17492452 93241
22 151 rs2267389 38840221 1 -0.00120694865208873 38807144 38840221 33077
22 73 rs136531 27245485 1 -0.00120067188095109 27227219 27273238 46019
22 58 rs4822649 26163003 1 0.00116422136581064 25938025 26164413 226388
22 89 rs5752628 28135297 3 -0.00116176835255028 28044594 28141301 96707
22 21 rs17745302 19839438 1 -0.00110730693268574 19766782 19849501 82719
22 215 rs5766898 48225779 4 -0.00106236783361844 48222045 48269511 47466
22 244 rs139789 50124094 1 -9.95343215255147e-4 50117191 50319170 201979
22 149 rs6001027 38545619 1 9.845141433455311e-4 38456598 38569006 112408
22 123 rs13054394 35950648 2 9.825627783339138e-4 35899384 35952603 53219
22 93 rs2267136 29767925 6 9.79100630999047e-4 29630337 29791234 160897
22 33 rs73166641 21998280 1 9.1740351395456e-4 21998280 22068740 70460
22 167 rs4988386 43514886 4 9.166158495154114e-4 43514886 43559137 44251
22 223 rs8136255 48832904 2 -9.127891771753746e-4 48766791 48832904 66113
22 241 rs12158315 49874136 1 -9.087871441344862e-4 49874136 49900158 26022
22 107 rs137297 33502167 1 -8.772331101873371e-4 33445313 33502167 56854
22 233 rs12170052 49571596 2 8.695817406537442e-4 49559242 49589243 30001
22 197 rs136753 45936121 4 8.375300533991809e-4 45908895 45937149 28254
22 96 rs4149488 30957832 1 -8.272100491427423e-4 30957832 31046587 88755
22 105 rs13340089 33032041 5 8.168252288002979e-4 33003307 33142908 139601
22 180 rs8138173 44760039 1 8.04288076415755e-4 44760039 44763752 3713
22 29 rs7292968 21335559 2 7.942697066061314e-4 21328568 21339751 11183
22 203 rs760991 46854398 1 -7.934753988627088e-4 46854398 46900462 46064
22 243 rs135793 49946905 4 7.847046072442866e-4 49932138 50092148 160010
22 1 rs4819535 17278762 2 7.840624418126985e-4 17278762 17329601 50839
22 177 rs16991639 44595239 3 7.764453415732923e-4 44583246 44646105 62859
22 118 rs137269 35167444 2 -7.721404856896328e-4 35033249 35337195 303946
22 152 rs5757166 38995385 5 7.460182674334567e-4 38995385 39300936 305551
22 182 rs8135880 44834292 1 -7.3758183236166e-4 44828077 44881837 53760
22 110 rs9609802 33846914 2 7.227039119220698e-4 33826566 33893601 67035
22 219 rs16994730 48514296 2 6.948253783446897e-4 48494758 48538763 44005
22 240 rs8138283 49841479 1 6.843660745811253e-4 49826381 49841479 15098
22 239 rs5770418 49812076 2 6.648091546041891e-4 49803587 49823224 19637
22 57 rs760555 25872837 1 6.356984821580113e-4 25872592 25924444 51852
22 75 rs2157465 27381346 1 -5.696409019865114e-4 27381346 27381346 0
22 84 rs79556 27814314 1 5.21181050651105e-4 27802721 27818766 16045
22 187 rs5765956 45150659 1 5.08416860156315e-4 45150659 45150659 0
22 184 rs2349634 44973739 1 4.312733189902617e-4 44973739 44973739 0
22 214 rs9615217 48178135 3 -3.831620383471573e-4 48009277 48184882 175605
22 108 rs137326 33523109 3 -3.710967860056849e-4 33523109 33637087 113978
22 183 rs4407350 44922275 1 -3.5137702674292975e-4 44898190 44943401 45211
22 85 rs2092741 27888434 2 -3.322338290581309e-4 27852183 27896011 43828
22 160 rs6001679 40169926 1 2.823459415631397e-4 40169926 40363778 193852
22 64 rs134760 26573345 4 -2.8214302972096934e-4 26565156 26670085 104929
22 245 rs5771069 50435480 1 2.601911800689207e-4 50435480 50482126 46646
22 14 rs5992985 18545634 1 2.5383225032568564e-4 18545634 18549740 4106
22 17 rs4819778 19134083 2 2.5299743596170313e-4 18972450 19135603 163153
22 49 rs4820599 24990213 1 2.498630293190544e-4 24990213 24991895 1682
22 28 rs756875 21318433 1 -2.4450118502047024e-4 21318433 21318433 0
22 230 rs5769415 49316305 4 2.4354954231054935e-4 49316305 49372831 56526
22 222 rs11090830 48726996 1 -2.3488384448482573e-4 48725114 48726996 1882
22 0 rs5747999 17075353 1 2.2223671930778055e-4 17075353 17075353 0
22 74 rs5761863 27348456 2 -2.145687829292588e-4 27301137 27348456 47319
22 202 rs4044210 46786315 2 -2.0367192825573825e-4 46786315 46829377 43062
22 129 rs136148 36652931 1 1.9967854710133291e-4 36652931 36668884 15953
22 170 rs5759305 43755827 1 1.7528029049548258e-4 43755827 43857328 101501
22 104 rs1962222 32971900 4 1.7379804948908228e-4 32959350 32995751 36401
22 148 rs143910997 38321806 7 1.7361194888246235e-4 37982012 38447444 465432
22 201 rs11090819 46626506 1 1.6198810259497322e-4 46610409 46731689 121280
22 198 rs739215 45967526 1 1.4668665798545202e-4 45967526 45967526 0
22 90 rs3819658 28160074 1 1.383082736624382e-4 28160074 28160972 898
22 236 rs929025 49742889 1 1.2920152489502888e-4 49722925 49746915 23990
22 225 rs10483242 48958927 3 -1.2306582319673918e-4 48906295 48958927 52632
22 16 rs450046 18901004 1 1.0188801795024632e-4 18901004 18912678 11674
22 8 rs2522288 17946168 2 -9.59749159842222e-5 17890558 17946202 55644
22 161 rs12628051 40654276 1 7.043912796021769e-5 40403171 40697581 294410
22 136 rs10854693 37252010 1 -6.677029912776486e-5 37251377 37252010 633
22 19 rs5748371 19636858 2 -4.558876109357618e-5 19609943 19636858 26915
22 132 rs1569488 36965284 2 -3.2623383743075405e-5 36965284 36994063 28779
22 145 rs5995425 37794293 1 2.5663924215040648e-5 37792590 37807303 14713
22 51 rs1883993 25211229 1 -1.7765158072244408e-5 25209724 25232065 22341
