CHR Group SNP.lead BP.lead Size W BP.min BP.max BP.width
22 248 rs7291930 20876509 1 0.05450193993322817 20876509 20876509 0
22 276 rs1210606 21452237 2 0.04160126938530539 21452237 21452237 0
22 1797 rs968451 39670851 2 0.03921337809964386 39670851 39670851 0
22 1651 rs2284033 37534034 1 -0.03602055593101105 37534034 37534034 0
22 2190 rs135938 44812036 1 -0.03071378042689836 44812036 44812036 0
22 1808 rs2294360 39897792 1 0.03026044953977129 39897792 39897792 0
22 1916 rs9607852 42258272 1 0.02740664500978104 42258272 42258272 0
22 1518 rs4820201 35970204 1 0.0270774797483267 35970204 35970204 0
22 1997 rs738533 43172308 1 -0.02566964265504468 43172308 43172308 0
22 127 rs5748167 19370586 1 0.02535486950803915 19370586 19370586 0
22 2135 rs2267597 44427612 1 0.02360758519313505 44427612 44427612 0
22 2360 rs13057352 47095235 1 0.02320807856467973 47095235 47095235 0
22 565 rs8139900 26394724 1 0.02161831024556623 26394724 26394724 0
22 2381 rs4476 47440669 2 -0.02105890484543145 47440669 47440669 0
22 1412 rs204276 34744069 1 0.02012770897256468 34744069 34744069 0
22 1652 rs2281094 37535471 1 -0.02012543930099002 37535471 37535471 0
22 59 rs439231 18319179 2 0.01982003855934371 18319179 18319179 0
22 377 rs5759742 23700907 1 0.01969655533752844 23700907 23700907 0
22 2532 rs5771622 49027446 1 -0.0195812798578295 49027446 49027446 0
22 444 rs1041749 24846391 2 0.01896764301361363 24846391 24846391 0
22 803 rs5762311 28090207 1 -0.01875089803409434 28090207 28090207 0
22 2646 rs5770391 49790713 1 -0.01841292517339901 49790713 49790713 0
22 555 rs739281 26277148 1 0.01835701003188029 26277148 26277148 0
22 1807 rs5757670 39829736 1 0.01760689164821328 39829736 39829736 0
22 1950 rs5996130 42612297 1 0.01720319649089367 42612297 42612297 0
22 2372 rs139596 47224481 1 -0.01702112502606754 47224481 47224481 0
22 1895 rs4822024 41757647 2 0.01633136315524771 41757647 41757647 0
22 2632 rs11703376 49678713 1 0.0160945106399538 49678713 49678713 0
22 379 rs2330452 23754578 2 0.01602897835115611 23754578 23754578 0
22 1753 rs5757166 38995385 1 0.01590349218086103 38995385 38995385 0
22 619 rs5752327 26844070 1 0.01579564145973566 26844070 26844070 0
22 1853 rs6001931 40877514 1 0.0157887899263356 40877514 40877514 0
22 1800 rs2076124 39709605 1 0.01577000732181272 39709605 39709605 0
22 562 rs9613049 26345603 1 -0.01559941680087589 26345603 26345603 0
22 2713 rs140522 50971266 1 0.01539520281266099 50971266 50971266 0
22 966 rs5753281 31105269 1 -0.01518181325823121 31105269 31105269 0
22 144 rs2157727 19565395 1 0.0150172238224592 19565395 19565395 0
22 1099 rs9606916 32567306 1 -0.01494048860886926 32567306 32567306 0
22 1814 rs132575 39982721 1 0.01491793439368214 39982721 39982721 0
22 226 rs9606241 20075858 1 0.01464756886751228 20075858 20075858 0
22 1897 rs132902 41797758 1 0.01447353641710592 41797758 41797758 0
22 776 rs8136304 27917070 1 0.01446887335343367 27917070 27917070 0
22 2709 rs8138406 50937445 1 -0.01437007102024313 50937445 50937445 0
22 1887 rs139461 41611460 1 -0.01436233966528459 41611460 41611460 0
22 1949 rs34030679 42610099 1 0.01422071693549218 42610099 42610099 0
22 2740 rs9616906 51104680 1 -0.01399639926169411 51104680 51104680 0
22 1128 rs9619261 32777364 1 -0.01389725940941236 32777364 32777364 0
22 1290 rs16992276 33801983 2 0.01361389306347282 33801983 33801983 0
22 2707 rs11555194 50876662 1 0.01324570416971966 50876662 50876662 0
22 917 rs5753014 30515049 1 -0.01311444658617841 30515049 30515049 0
22 754 rs136923 27785809 2 -0.01303740223135933 27785809 27785809 0
22 696 rs6005266 27410749 1 -0.01301679950532829 27410749 27410749 0
22 1619 rs4821540 37241788 1 0.01291919251409099 37241788 37241788 0
22 2571 rs12158344 49214032 2 0.01245210264682357 49214032 49214032 0
22 676 rs10483127 27222286 1 -0.01239776649467996 27222286 27222286 0
22 755 rs5762128 27802721 1 -0.01187126413399806 27802721 27802721 0
22 2722 rs131749 51024624 2 -0.01182420796063274 51024624 51024624 0
22 853 rs5762930 29378708 2 -0.01177473995442727 29378708 29378708 0
22 394 rs6003824 23993051 1 -0.01166526956678999 23993051 23993051 0
22 1914 rs7287886 42238027 1 0.01150562818767829 42238027 42238027 0
22 2662 rs5770527 49932138 1 -0.01135919696845379 49932138 49932138 0
22 2288 rs6006756 45884487 2 0.01135910223889255 45884487 45884487 0
22 1686 rs2284051 37710569 1 0.01134607152121264 37710569 37710569 0
22 1281 rs5998876 33729763 1 0.0113288517563217 33729763 33729763 0
22 859 rs9613777 29420482 1 -0.01122661418859193 29420482 29420482 0
22 2493 rs4499 48646288 2 -0.01117939331058099 48646288 48646288 0
22 907 rs41156 30404653 1 -0.01116327172219252 30404653 30404653 0
22 2139 rs6006486 44503633 1 -0.01114092706710974 44503633 44503633 0
22 213 rs2531708 20017445 2 -0.0110989674782167 20017445 20017445 0
22 1962 rs9620039 42738766 2 -0.01093278695177231 42738766 42738766 0
22 1030 rs16989291 31971282 1 0.01092840016238519 31971282 31971282 0
22 933 rs1002189 30771458 2 0.01092654341535201 30771458 30771458 0
22 869 rs132372 29604561 1 0.01086964987872857 29604561 29604561 0
22 1813 rs2413599 39952098 1 0.010679007340030921 39952098 39952098 0
22 695 rs2157465 27381346 1 -0.01065924727189858 27381346 27381346 0
22 1698 rs8140025 37910395 1 0.01035906865707784 37910395 37910395 0
22 1804 rs12627970 39721745 2 -0.01030290738579107 39721745 39721745 0
22 487 rs139762 25307571 2 0.00992463674143627 25307571 25307571 0
22 1091 rs5994466 32518130 2 -0.00990690398938205 32518130 32518130 0
22 834 rs738722 29130012 1 -0.009790906332223 29130012 29130012 0
22 1625 rs5750326 37276285 1 -0.00977446321445901 37276285 37276285 0
22 1116 rs5753991 32738182 1 0.00950387561890431 32738182 32738182 0
22 935 rs5749088 30776095 1 -0.00918701139738103 30776095 30776095 0
22 564 rs9306419 26369358 1 0.00918088451060828 26369358 26369358 0
22 443 rs5760425 24842452 1 -0.0090547354025529 24842452 24842452 0
22 937 rs7288366 30796422 1 0.00885334523684803 30796422 30796422 0
22 1745 rs6001064 38638071 1 0.00872422324169132 38638071 38638071 0
22 1718 rs143910997 38321806 2 -0.00825280708976968 38321806 38321806 0
22 2624 rs2688173 49610157 1 -0.00816916593282069 49610157 49610157 0
22 2313 rs910923 46487902 1 0.00810629910012717 46487902 46487902 0
22 2706 rs8185000 50861324 1 0.00804914914692943 50861324 50861324 0
22 2259 rs132829 45551071 1 -0.00789022032417224 45551071 45551071 0
22 2277 rs12172195 45813687 1 0.0078080924926528 45813687 45813687 0
22 2246 rs132011 45421536 1 0.00770339940596815 45421536 45421536 0
22 936 rs5997637 30794950 2 0.00767224765434608 30794950 30794950 0
22 2142 rs5764558 44544028 2 0.00754301286358008 44544028 44544028 0
22 1220 rs2071947 33246032 1 -0.00716383736625711 33246032 33246032 0
22 2714 rs131794 50971752 1 -0.00710876267957518 50971752 50971752 0
22 2114 rs2281135 44332570 1 -0.0070813480929903 44332570 44332570 0
22 1889 rs139480 41626663 1 0.00701874537481588 41626663 41626663 0
22 1591 rs2011107 36890353 1 -0.00699225370094188 36890353 36890353 0
22 721 rs9620665 27557030 2 -0.00698477875503117 27557030 27557030 0
22 1706 rs2235336 37958268 1 0.00693824405457112 37958268 37958268 0
22 607 rs2226691 26789849 1 0.00688238602080871 26789849 26789849 0
22 2053 rs11704418 43705678 2 -0.00686793193072294 43705678 43705678 0
22 2534 rs6010520 49028732 1 -0.00683274723756613 49028732 49028732 0
22 146 rs4819808 19567149 1 -0.00675310071273086 19567149 19567149 0
22 1681 rs8139798 37660255 2 0.00673745981101476 37660255 37660255 0
22 893 rs2857651 30075052 1 0.00656929594348813 30075052 30075052 0
22 518 rs7286366 25910315 1 -0.00655373034963237 25910315 25910315 0
22 569 rs5752254 26415475 2 -0.00645619373985901 26415475 26415475 0
22 1286 rs7286572 33776430 1 -0.0063994111578789 33776430 33776430 0
22 822 rs7292859 28368266 1 -0.00637114805201473 28368266 28368266 0
22 2676 rs139789 50124094 1 -0.00632608076792134 50124094 50124094 0
22 341 rs10483109 22537581 1 0.00629831411640656 22537581 22537581 0
22 2357 rs875559 47034838 2 0.00628953620428519 47034838 47034838 0
22 2396 rs6008118 47683805 1 -0.00618820152178312 47683805 47683805 0
22 1326 rs240073 34086494 1 0.00611584723952983 34086494 34086494 0
22 278 rs460106 21806401 1 0.00611178198943066 21806401 21806401 0
22 2304 rs2071871 45996110 1 -0.00600202153688547 45996110 45996110 0
22 2106 rs2017461 44285765 2 0.00597383398028842 44285765 44285765 0
22 993 rs5753338 31227901 1 0.0059211003601919 31227901 31227901 0
22 1994 rs12166331 43121426 2 -0.00583205668406081 43121426 43121426 0
22 1638 rs5756471 37404249 1 0.00580190894641433 37404249 37404249 0
22 1494 rs2103642 35631590 1 0.0057953620171121 35631590 35631590 0
22 733 rs498789 27627416 2 -0.0057689621090028 27627416 27627416 0
22 979 rs4820902 31165724 2 -0.00575057135202123 31165724 31165724 0
22 2024 rs8141749 43483242 1 -0.00567746091105784 43483242 43483242 0
22 366 rs5751574 23416005 1 -0.00554401439912318 23416005 23416005 0
22 283 rs4821112 21964761 1 0.00553039336470659 21964761 21964761 0
22 67 rs1072405 18406068 2 0.00550675711269277 18406068 18406068 0
22 387 rs140174 23922983 1 0.00547632523453382 23922983 23922983 0
22 663 rs6005150 27122480 1 0.00541082473675959 27122480 27122480 0
22 41 rs174330 18009909 1 0.00538190415669721 18009909 18009909 0
22 204 rs2073742 19989642 1 0.00530161877340336 19989642 19989642 0
22 780 rs723184 27962517 2 0.00526076296237876 27962517 27962517 0
22 410 rs6003847 24047657 1 -0.00525228969879583 24047657 24047657 0
22 328 rs16985150 22525600 1 0.00524925631304846 22525600 22525600 0
22 13 rs11703655 17450952 1 0.00524218876559563 17450952 17450952 0
22 1663 rs5995396 37586000 1 0.00524031901583749 37586000 37586000 0
22 422 rs738807 24234245 1 -0.00521900561402977 24234245 24234245 0
22 1036 rs2236033 32001050 1 0.00514972689359364 32001050 32001050 0
22 694 rs5761863 27348456 1 0.00514450774858138 27348456 27348456 0
22 1516 rs13054394 35950648 1 0.00512997934457999 35950648 35950648 0
22 14 rs917838 17492452 2 -0.00511060349580197 17492452 17492452 0
22 185 rs165631 19951816 1 0.00508393688020378 19951816 19951816 0
22 409 rs7287310 24047092 1 -0.0048981084733915 24047092 24047092 0
22 153 rs9606090 19593854 1 0.00485563203187677 19593854 19593854 0
22 1506 rs743811 35792974 2 0.00476503621993734 35792974 35792974 0
22 467 rs7287595 25208398 2 0.00470423498244466 25208398 25208398 0
22 2208 rs4422244 45003748 1 -0.00464334653057196 45003748 45003748 0
22 1968 rs733278 42811919 2 0.00464190199338827 42811919 42811919 0
22 425 rs1007888 24241101 1 -0.00462805872286923 24241101 24241101 0
22 1564 rs5995255 36602779 1 -0.00460266130226521 36602779 36602779 0
22 741 rs507070 27700919 2 -0.00453718496214533 27700919 27700919 0
22 699 rs134932 27425365 1 -0.00453462398329013 27425365 27425365 0
22 2597 rs6009408 49461764 1 0.00453206158982427 49461764 49461764 0
22 267 rs2072550 21386019 2 0.00449422802341616 21386019 21386019 0
22 858 rs4823003 29410232 1 0.00447894359108968 29410232 29410232 0
22 1809 rs710192 39913420 2 -0.00447531665381635 39913420 39913420 0
22 2580 rs4824047 49351767 2 -0.00447475277539321 49351767 49351767 0
22 837 rs5752793 29160314 1 0.00441952101725768 29160314 29160314 0
22 722 rs9625165 27557351 2 -0.0043726405931634 27557351 27557351 0
22 1998 rs9623697 43179166 2 -0.00437164584420592 43179166 43179166 0
22 1803 rs5995711 39720348 1 0.00427358065488975 39720348 39720348 0
22 2382 rs86559 47454664 1 0.00427152187221479 47454664 47454664 0
22 1584 rs139933 36845207 1 0.00420443566515188 36845207 36845207 0
22 54 rs429940 18292466 1 -0.00419020817344014 18292466 18292466 0
22 434 rs17854874 24468386 2 0.00415481518205124 24468386 24468386 0
22 2625 rs8140508 49610259 2 0.00415039483229453 49610259 49610259 0
22 965 rs5753271 31070493 1 -0.00407426539076029 31070493 31070493 0
22 1170 rs1962222 32971900 2 0.00397090480838748 32971900 32971900 0
22 647 rs5752351 26990807 1 -0.00397019444076355 26990807 26990807 0
22 1168 rs743762 32959350 1 -0.00395121289886136 32959350 32959350 0
22 747 rs7511351 27748742 1 -0.00394200115559905 27748742 27748742 0
22 1643 rs855791 37462936 1 0.00386558598244359 37462936 37462936 0
22 820 rs2143180 28298336 2 0.00383842094021952 28298336 28298336 0
22 191 rs5993891 19959746 1 0.00383638839430256 19959746 19959746 0
22 1204 rs7292199 33181575 1 -0.00380746047679241 33181575 33181575 0
22 2711 rs12148 50962208 1 -0.00380541360999887 50962208 50962208 0
22 1288 rs9609779 33799128 1 -0.00379673063136963 33799128 33799128 0
22 1946 rs9623534 42565200 1 0.00378469593931197 42565200 42565200 0
22 2049 rs5759250 43673800 1 0.00377240613156421 43673800 43673800 0
22 1798 rs79290 39685832 2 0.00375714276843757 39685832 39685832 0
22 2418 rs10460765 47944748 2 0.00374358885180278 47944748 47944748 0
22 622 rs1894706 26854441 1 -0.00373191251771318 26854441 26854441 0
22 281 rs181362 21932068 1 0.00372533987991281 21932068 21932068 0
22 785 rs9613477 27989890 1 -0.00366300486746479 27989890 27989890 0
22 904 rs9620935 30380528 1 -0.00366202360883774 30380528 30380528 0
22 2352 rs5767244 46924254 1 0.00365308778882121 46924254 46924254 0
22 2299 rs9682 45937149 1 -0.00363493216266795 45937149 45937149 0
22 626 rs3747137 26879691 1 -0.00363108182979552 26879691 26879691 0
22 2537 rs8142256 49050435 1 -0.00357091872383798 49050435 49050435 0
22 1688 rs5750423 37734452 2 -0.00356837765096572 37734452 37734452 0
22 113 rs1060376 19196502 1 0.00356637075554314 19196502 19196502 0
22 1465 rs5755319 35211173 1 -0.00355791596391724 35211173 35211173 0
22 453 rs743368 24946924 1 0.00355131183814685 24946924 24946924 0
22 2268 rs9626655 45612551 2 -0.00353081873761955 45612551 45612551 0
22 364 rs6003484 23379985 2 0.00352550588870075 23379985 23379985 0
22 17 rs738033 17599844 1 0.00351614946284479 17599844 17599844 0
22 2283 rs6006753 45846472 1 0.00350382416529764 45846472 45846472 0
22 718 rs4822859 27508858 1 0.00346824738859688 27508858 27508858 0
22 1848 rs6001906 40812499 1 0.00341960981328833 40812499 40812499 0
22 296 rs9607210 22082820 1 -0.00341055115842283 22082820 22082820 0
22 2494 rs133588 48666450 1 0.00339999966777482 48666450 48666450 0
22 2616 rs12170052 49571596 1 0.00339692307196937 49571596 49571596 0
22 1649 rs228942 37524619 1 -0.00338331740224901 37524619 37524619 0
22 1145 rs6518779 32847116 1 0.00336438565130061 32847116 32847116 0
22 1631 rs2075726 37310046 1 -0.003354714969308 37310046 37310046 0
22 727 rs550260 27575542 1 -0.00334564426861593 27575542 27575542 0
22 2039 rs148458324 43618695 1 0.00334105348525317 43618695 43618695 0
22 282 rs5754217 21939675 1 0.00334040945686669 21939675 21939675 0
22 1148 rs7292178 32859619 2 0.00333546070624478 32859619 32859619 0
22 757 rs136945 27804079 1 -0.00329807109054715 27804079 27804079 0
22 2116 rs1010023 44336098 2 -0.00325832324344248 44336098 44336098 0
22 1771 rs5757387 39333340 1 0.00324831871692223 39333340 39333340 0
22 598 rs3788378 26715923 1 0.00318827013244634 26715923 26715923 0
22 1559 rs80584 36555794 1 0.003136161074303 36555794 36555794 0
22 926 rs2108093 30679387 1 -0.00313405396638481 30679387 30679387 0
22 1147 rs11703151 32849712 2 0.00313158803782675 32849712 32849712 0
22 1167 rs12628631 32939719 1 0.00303461916847034 32939719 32939719 0
22 2377 rs136068 47344209 2 -0.00301441599505551 47344209 47344209 0
22 1182 rs13340089 33032041 1 0.00301351856828429 33032041 33032041 0
22 2561 rs13056461 49155087 2 -0.00301183023371488 49155087 49155087 0
22 228 rs35569747 20082293 1 0.00301120421327145 20082293 20082293 0
22 1844 rs17001868 40778231 1 0.00300940980400046 40778231 40778231 0
22 1872 rs61756762 41257393 1 0.00296072358282411 41257393 41257393 0
22 297 rs5999264 22095920 1 0.00295005890324362 22095920 22095920 0
22 2586 rs5769373 49411595 1 0.00294255615530482 49411595 49411595 0
22 784 rs9613476 27989777 1 -0.00293662571501882 27989777 27989777 0
22 1143 rs2076051 32831809 1 0.00291825496723686 32831809 32831809 0
22 479 rs56123612 25251372 1 0.00290858333243727 25251372 25251372 0
22 714 rs760529 27485345 2 0.00284087084679687 27485345 27485345 0
22 1857 rs16985899 40963402 1 0.00282600510077285 40963402 40963402 0
22 2080 rs1476036 44158490 2 -0.00281422354754933 44158490 44158490 0
22 464 rs56032751 25158445 1 -0.0027713507396948 25158445 25158445 0
22 715 rs760530 27485959 2 0.00275236913884012 27485959 27485959 0
22 2172 rs5766627 44750243 1 -0.00272135002344085 44750243 44750243 0
22 821 rs7292046 28314113 1 -0.00270639142054605 28314113 28314113 0
22 578 rs134717 26507645 1 -0.00266427124334148 26507645 26507645 0
22 854 rs5762938 29382386 2 -0.0026488784386152 29382386 29382386 0
22 1486 rs61735502 35481493 1 -0.00264067739244103 35481493 35481493 0
22 675 rs13054025 27222059 2 0.00262438788629932 27222059 27222059 0
22 1691 rs4821653 37771985 2 -0.00259445142150422 37771985 37771985 0
22 2019 rs5759111 43442599 1 -0.00259365420763568 43442599 43442599 0
22 488 rs139763 25308272 1 0.0025814538760586 25308272 25308272 0
22 1767 rs2413552 39300936 1 -0.00256384644845551 39300936 39300936 0
22 2579 rs2092779 49339278 1 -0.00255012336845368 49339278 49339278 0
22 1221 rs2283885 33248902 1 -0.00254697402443775 33248902 33248902 0
22 505 rs9608379 25620142 1 0.00253436588926164 25620142 25620142 0
22 1773 rs7293205 39338731 1 -0.00252384358070574 39338731 39338731 0
22 1747 rs17753394 38678387 1 -0.00249371802824248 38678387 38678387 0
22 257 rs2072517 21115244 1 0.0024860382190607898 21115244 21115244 0
22 2489 rs2001902 48569604 1 -0.00244080021254785 48569604 48569604 0
22 1801 rs2076125 39711351 2 0.0024293597572863 39711351 39711351 0
22 1438 rs738968 34889097 1 0.00242385200222672 34889097 34889097 0
22 1001 rs11089481 31288769 1 -0.00242359822934393 31288769 31288769 0
22 1616 rs4820250 37197530 1 -0.0024120428734552 37197530 37197530 0
22 2599 rs6009424 49473747 1 0.00240406859180952 49473747 49473747 0
22 1765 rs469987 39287355 1 0.00233517813676156 39287355 39287355 0
22 1287 rs715487 33791374 1 -0.00229049735193173 33791374 33791374 0
22 365 rs9624019 23407301 2 0.00228445957026466 23407301 23407301 0
22 621 rs1894704 26853905 2 -0.00228214798630386 26853905 26853905 0
22 2705 rs9616997 50859049 2 -0.00220174405674644 50859049 50859049 0
22 388 rs131429 23925779 1 -0.00219051801361134 23925779 23925779 0
22 1342 rs686137 34172588 1 -0.00217987563802723 34172588 34172588 0
22 2467 rs5766958 48343389 1 -0.00217043136585024 48343389 48343389 0
22 636 rs2267085 26945043 2 -0.00216385475963463 26945043 26945043 0
22 756 rs136944 27804019 1 -0.00214850900606714 27804019 27804019 0
22 716 rs5761974 27497704 1 0.00212588150481326 27497704 27497704 0
22 373 rs5751614 23593051 1 0.00209909558752831 23593051 23593051 0
22 86 rs5992185 18633978 2 0.00205976811609584 18633978 18633978 0
22 1731 rs2076114 38509439 1 -0.00202104399696037 38509439 38509439 0
22 1781 rs139298 39497452 1 0.00201948128001023 39497452 39497452 0
22 1394 rs5754910 34636072 1 0.00201921554307238 34636072 34636072 0
22 438 rs2275984 24622648 1 0.00201752252919997 24622648 24622648 0
22 872 rs13056977 29710360 2 -0.00201439298099355 29710360 29710360 0
22 2469 rs9615717 48381376 1 -0.00201167851012743 48381376 48381376 0
22 574 rs134703 26500417 1 -0.00200165339321514 26500417 26500417 0
22 2538 rs8135393 49050448 1 0.00197947389454541 49050448 49050448 0
22 2240 rs6007397 45339200 1 0.00196219016446706 45339200 45339200 0
22 2256 rs9306489 45525484 2 0.00195655023896706 45525484 45525484 0
22 2549 rs130129 49096694 2 0.0019541159563135598 49096694 49096694 0
22 1501 rs11704301 35711543 2 0.0018932711445327 35711543 35711543 0
22 1892 rs2235852 41661154 1 0.00189119957415604 41661154 41661154 0
22 2291 rs5765425 45892433 1 -0.00187631163312224 45892433 45892433 0
22 2311 rs11090654 46160991 1 0.00185445541595906 46160991 46160991 0
22 2233 rs4823418 45315232 1 0.00182420341491647 45315232 45315232 0
22 870 rs3950176 29630337 1 0.00181656049675471 29630337 29630337 0
22 507 rs9612906 25640628 1 -0.00178479386358109 25640628 25640628 0
22 899 rs28635872 30297546 1 0.00177204209390945 30297546 30297546 0
22 1367 rs13057617 34247064 2 0.00176883348711573 34247064 34247064 0
22 286 rs73166641 21998280 1 0.00176171222563604 21998280 21998280 0
22 698 rs134931 27425162 1 -0.00174605680396245 27425162 27425162 0
22 2708 rs738683 50910875 1 -0.00174253903398153 50910875 50910875 0
22 2728 rs14136 51048721 1 0.00173441927879239 51048721 51048721 0
22 1919 rs17002737 42282012 1 0.00170369700383473 42282012 42282012 0
22 1066 rs61731667 32218727 2 -0.00168728443459113 32218727 32218727 0
22 1821 rs6001679 40169926 1 0.0016848157405477 40169926 40169926 0
22 1876 rs926914 41418154 1 -0.00166727576389458 41418154 41418154 0
22 745 rs545614 27729548 1 0.00165844187332593 27729548 27729548 0
22 2221 rs5766006 45181545 1 -0.00163681845674931 45181545 45181545 0
22 2120 rs9626074 44363736 1 0.00160515371925284 44363736 44363736 0
22 85 rs9618203 18607872 1 -0.00160448244278746 18607872 18607872 0
22 161 rs1985884 19643245 1 -0.00158751051455181 19643245 19643245 0
22 1963 rs6002695 42742451 1 0.00158152406450676 42742451 42742451 0
22 1662 rs229527 37581485 2 -0.00157475502679119 37581485 37581485 0
22 2672 rs760841 50079133 1 -0.00155425736991589 50079133 50079133 0
22 2670 rs5770650 50077362 1 -0.00154935682995975 50077362 50077362 0
22 1893 rs9607793 41736090 2 -0.00153962613978649 41736090 41736090 0
22 2298 rs136756 45937061 1 -0.00150724959898481 45937061 45937061 0
22 659 rs5752378 27069835 1 0.00150394344870917 27069835 27069835 0
22 781 rs5762257 27968208 1 0.00149916639030805 27968208 27968208 0
22 214 rs2078749 20019768 1 -0.00148370367376023 20019768 20019768 0
22 1816 rs136858 40065322 1 0.00143380258486303 40065322 40065322 0
22 982 rs136287 31192023 1 0.0014196773064121 31192023 31192023 0
22 1219 rs715572 33234931 1 0.00141933335255382 33234931 33234931 0
22 2383 rs4823464 47489470 2 -0.00141847762765188 47489470 47489470 0
22 2171 rs743864 44747100 1 -0.00141770135813619 44747100 44747100 0
22 1017 rs5997917 31621792 1 -0.00141604075198225 31621792 31621792 0
22 1363 rs3819670 34226660 1 -0.00141513640314113 34226660 34226660 0
22 2729 rs140510 51052379 1 -0.00140938740361853 51052379 51052379 0
22 78 rs5992985 18545634 1 -0.00140475348635165 18545634 18545634 0
22 230 rs9606248 20087539 2 0.00140432695533803 20087539 20087539 0
22 1218 rs130301 33234199 1 0.00137579138913196 33234199 33234199 0
22 513 rs5996945 25875573 1 -0.00137541565435957 25875573 25875573 0
22 1437 rs5999398 34880370 1 0.00135579214836114 34880370 34880370 0
22 1532 rs5755820 36041562 1 -0.00135382377432048 36041562 36041562 0
22 2482 rs5768350 48494758 1 0.00134223992459969 48494758 48494758 0
22 2484 rs16994730 48514296 1 0.00134166926401851 48514296 48514296 0
22 2009 rs2076158 43289738 1 0.00133885126270859 43289738 43289738 0
22 2565 rs131025 49175009 1 -0.00133815227614369 49175009 49175009 0
22 2703 rs7284516 50817485 1 0.00132731284023646 50817485 50817485 0
22 441 rs5751862 24802564 2 0.00132010222282459 24802564 24802564 0
22 2654 rs8138283 49841479 1 0.00130453146542962 49841479 49841479 0
22 483 rs139724 25284829 1 0.00128833525681513 25284829 25284829 0
22 396 rs738785 24022631 2 0.00127812208640452 24022631 24022631 0
22 437 rs7288201 24621293 1 0.00127661495140638 24621293 24621293 0
22 1607 rs2283994 37016614 1 -0.00126839465966448 37016614 37016614 0
22 2601 rs926761 49486490 1 -0.00124059697842954 49486490 49486490 0
22 737 rs134794 27668370 1 -0.00120664025013228 27668370 27668370 0
22 329 rs5750648 22526062 1 -0.00119145864373662 22526062 22526062 0
22 162 rs5748391 19659099 2 -0.0011770673224213 19659099 19659099 0
22 1021 rs11089495 31685129 1 0.00117674523296052 31685129 31685129 0
22 28 rs5747037 17724093 1 -0.00115399496632878 17724093 17724093 0
22 312 rs9610728 22318538 1 0.00113908123763198 22318538 22318538 0
22 902 rs737906 30367857 2 -0.00110895893379426 30367857 30367857 0
22 187 rs35478083 19956885 1 -0.00109616617060721 19956885 19956885 0
22 1264 rs137326 33523109 1 -0.00109535764879187 33523109 33523109 0
22 2181 rs7285004 44774700 1 0.00109268715806478 44774700 44774700 0
22 254 rs1339959 21005697 1 0.00108878522668944 21005697 21005697 0
22 494 rs726133 25473134 1 -0.00108599859266335 25473134 25473134 0
22 1894 rs12484074 41752747 1 0.00107861848984497 41752747 41752747 0
22 2034 rs6973 43559137 1 0.00107786711049052 43559137 43559137 0
22 535 rs4822652 26180196 1 -0.00107706113834702 26180196 26180196 0
22 1067 rs118001924 32239739 1 -0.00106755242633555 32239739 32239739 0
22 2121 rs3761472 44368122 1 -0.00105960041788101 44368122 44368122 0
22 2237 rs5766218 45337329 1 0.00105230711698005 45337329 45337329 0
22 126 rs2285334 19365286 1 -0.00103695244497159 19365286 19365286 0
22 2444 rs4823703 48222045 1 -0.00103374603178278 48222045 48222045 0
22 2704 rs7410465 50856222 1 0.0010217808281023301 50856222 50856222 0
22 637 rs9608498 26945288 2 -0.00102142649557333 26945288 26945288 0
22 2303 rs3788673 45994189 1 0.00101668460486022 45994189 45994189 0
22 426 rs7293178 24248370 2 0.00099970155374239089 24248370 24248370 0
22 1217 rs242076 33229830 1 9.993157143767934e-4 33229830 33229830 0
22 2227 rs5766113 45251423 1 9.987273581058085e-4 45251423 45251423 0
22 2517 rs9615893 48851078 1 9.92544682820447e-4 48851078 48851078 0
22 2436 rs738731 48177064 1 -9.813688927194622e-4 48177064 48177064 0
22 635 rs7288210 26942127 1 -9.783906841273936e-4 26942127 26942127 0
22 31 rs5746366 17890558 1 9.773597068753715e-4 17890558 17890558 0
22 2363 rs9616101 47108189 1 9.769717260378133e-4 47108189 47108189 0
22 1295 rs713740 33832735 1 -9.677353266472488e-4 33832735 33832735 0
22 264 rs398577 21362849 1 -9.635961434414584e-4 21362849 21362849 0
22 1664 rs229541 37591318 1 9.54736351241611e-4 37591318 37591318 0
22 270 rs383331 21424414 1 9.53498380826452e-4 21424414 21424414 0
22 29 rs4819996 17790731 1 9.497883476849864e-4 17790731 17790731 0
22 657 rs4822763 27060641 1 -9.437622285656914e-4 27060641 27060641 0
22 2495 rs6007822 48671102 1 9.326251467583756e-4 48671102 48671102 0
22 1560 rs132653 36556823 1 9.268751293934778e-4 36556823 36556823 0
22 504 rs4820621 25608548 2 9.266146481449908e-4 25608548 25608548 0
22 420 rs2330625 24207962 1 -9.213358448659106e-4 24207962 24207962 0
22 2673 rs11090995 50085210 1 -9.129690855035056e-4 50085210 50085210 0
22 913 rs1476514 30433822 1 -9.082083705041756e-4 30433822 30433822 0
22 1084 rs738993 32437340 2 9.031371480156168e-4 32437340 32437340 0
22 1806 rs5750820 39825322 1 8.824077367734322e-4 39825322 39825322 0
22 391 rs17002910 23973725 2 -8.756766030939561e-4 23973725 23973725 0
22 1428 rs4821257 34825788 2 8.715359250075522e-4 34825788 34825788 0
22 787 rs732110 28015322 1 -8.650318986836679e-4 28015322 28015322 0
22 1210 rs135153 33191491 1 -8.62540893073226e-4 33191491 33191491 0
22 2416 rs130481 47940908 1 8.612755922456335e-4 47940908 47940908 0
22 16 rs879575 17589567 2 -8.58526006833067e-4 17589567 17589567 0
22 1723 rs742395 38447444 1 -8.577538367902302e-4 38447444 38447444 0
22 968 rs4820897 31117495 1 -8.507756062937228e-4 31117495 31117495 0
22 2117 rs926633 44337533 2 -8.41913209611931e-4 44337533 44337533 0
22 1596 rs5756233 36935796 1 8.39425153124796e-4 36935796 36935796 0
22 816 rs6005605 28141301 1 -8.327174715610233e-4 28141301 28141301 0
22 928 rs4823086 30688659 1 8.309487734071152e-4 30688659 30688659 0
22 1280 rs2283889 33728035 2 8.293416466722955e-4 33728035 33728035 0
22 2225 rs9614576 45225297 1 -8.252441502612266e-4 45225297 45225297 0
22 573 rs11090428 26485668 1 8.232002007071352e-4 26485668 26485668 0
22 894 rs7291645 30079213 2 8.207381452465758e-4 30079213 30079213 0
22 79 rs17742344 18549641 1 -8.187626937942059e-4 18549641 18549641 0
22 2572 rs12163450 49214863 1 8.138708645076771e-4 49214863 49214863 0
22 1554 rs2413380 36519040 1 -7.9450306287381e-4 36519040 36519040 0
22 2491 rs9615800 48609843 1 -7.927218169264444e-4 48609843 48609843 0
22 1284 rs2142550 33743341 1 7.891124668786829e-4 33743341 33743341 0
22 1979 rs11703700 42877543 1 7.869205402328087e-4 42877543 42877543 0
22 2648 rs6009663 49803587 1 7.864600375355757e-4 49803587 49803587 0
22 1029 rs5753700 31971258 1 7.853889955265087e-4 31971258 31971258 0
22 1993 rs5758898 43117463 1 7.560572330638371e-4 43117463 43117463 0
22 157 rs13057911 19623386 1 -7.551789560996749e-4 19623386 19623386 0
22 2691 rs138220 50550808 1 7.535749856788955e-4 50550808 50550808 0
22 1251 rs9609684 33429708 1 -7.533851254681714e-4 33429708 33429708 0
22 251 rs7290923 20999208 1 7.526503904517345e-4 20999208 20999208 0
22 1447 rs2899228 35041350 1 -7.525526085706516e-4 35041350 35041350 0
22 2405 rs131853 47763158 1 -7.426686975313989e-4 47763158 47763158 0
22 2525 rs133503 48911602 1 7.415012610920404e-4 48911602 48911602 0
22 939 rs8142204 30853082 1 7.348146636712324e-4 30853082 30853082 0
22 1777 rs6001376 39407399 2 -7.30148353761776e-4 39407399 39407399 0
22 857 rs4823002 29410104 1 7.286700937964744e-4 29410104 29410104 0
22 641 rs9613212 26957774 1 -7.271407660686053e-4 26957774 26957774 0
22 1156 rs17771806 32881581 1 -7.26883158751338e-4 32881581 32881581 0
22 1624 rs5756379 37275904 1 -7.260980084515915e-4 37275904 37275904 0
22 746 rs569626 27747270 1 -7.244997834470201e-4 27747270 27747270 0
22 1093 rs12160839 32533584 1 7.201148489584068e-4 32533584 32533584 0
22 943 rs77679347 30891300 1 7.198819643241783e-4 30891300 30891300 0
22 661 rs5752388 27109475 1 7.102558775201934e-4 27109475 27109475 0
22 2152 rs470111 44595591 2 -7.039176834561235e-4 44595591 44595591 0
22 543 rs8143030 26222247 1 7.034197146414294e-4 26222247 26222247 0
22 2684 rs5771069 50435480 1 6.886795811999521e-4 50435480 50435480 0
22 1775 rs2142833 39392296 2 -6.810592704557064e-4 39392296 39392296 0
22 1381 rs242885 34423169 1 -6.778320404894329e-4 34423169 34423169 0
22 2560 rs16999845 49154931 1 -6.671274183077065e-4 49154931 49154931 0
22 1680 rs13054809 37650844 1 -6.555768337945343e-4 37650844 37650844 0
22 2189 rs5766063 44788913 1 -6.520665689415389e-4 44788913 44788913 0
22 1854 rs6001932 40877635 1 6.519016751553748e-4 40877635 40877635 0
22 260 rs7292968 21335559 2 -6.503287412909225e-4 21335559 21335559 0
22 1739 rs6001027 38545619 1 6.486970377246359e-4 38545619 38545619 0
22 2454 rs4823506 48265076 1 -6.447194698943463e-4 48265076 48265076 0
22 537 rs5996973 26185235 1 6.444477675520007e-4 26185235 26185235 0
22 2254 rs5766456 45523909 1 6.440314817405575e-4 45523909 45523909 0
22 389 rs7288250 23938204 1 -6.358490615960309e-4 23938204 23938204 0
22 2531 rs10483242 48958927 1 -6.311598549025379e-4 48958927 48958927 0
22 2101 rs739231 44282276 1 -6.265697539756633e-4 44282276 44282276 0
22 2007 rs5758972 43232973 2 -6.126024804581089e-4 43232973 43232973 0
22 900 rs9620928 30337120 1 -6.096120462176018e-4 30337120 30337120 0
22 1984 rs736013 43084613 1 -6.058965123208308e-4 43084613 43084613 0
22 873 rs2267135 29767034 2 -6.05466231819688e-4 29767034 29767034 0
22 137 rs5746758 19496882 1 6.02507901549399e-4 19496882 19496882 0
22 1970 rs8139123 42822283 1 -6.013917721874149e-4 42822283 42822283 0
22 2249 rs2057114 45465068 1 -5.927055105816838e-4 45465068 45465068 0
22 1200 rs4992163 33170856 1 -5.92294159731891e-4 33170856 33170856 0
22 11 rs5748766 17446914 1 -5.903492788228568e-4 17446914 17446914 0
22 275 rs421390 21438417 1 -5.895630578828256e-4 21438417 21438417 0
22 2141 rs2267614 44530420 1 5.869585513375387e-4 44530420 44530420 0
22 831 rs1547014 29100711 1 -5.815992424226789e-4 29100711 29100711 0
22 88 rs450046 18901004 1 5.792052164291311e-4 18901004 18901004 0
22 143 rs5992428 19563347 1 5.756970373003939e-4 19563347 19563347 0
22 1453 rs5999506 35096084 1 5.7268425588602e-4 35096084 35096084 0
22 1594 rs6000299 36923499 1 -5.718123605752362e-4 36923499 36923499 0
22 186 rs165599 19956781 1 5.703324889546972e-4 19956781 19956781 0
22 1 rs4819535 17278762 2 5.657723021233946e-4 17278762 17278762 0
22 874 rs2267136 29767925 1 5.601775650101719e-4 29767925 29767925 0
22 2523 rs6008748 48909082 1 5.580968221664971e-4 48909082 48909082 0
22 263 rs396130 21357602 1 -5.546593588758958e-4 21357602 21357602 0
22 1565 rs6000197 36603294 1 5.471812674232595e-4 36603294 36603294 0
22 241 rs361640 20753615 1 5.461547611721174e-4 20753615 20753615 0
22 1194 rs5998625 33159872 1 -5.346012470158e-4 33159872 33159872 0
22 763 rs5752554 27862808 1 -5.335554793699434e-4 27862808 27862808 0
22 748 rs4302309 27751796 1 -5.278231322883768e-4 27751796 27751796 0
22 2605 rs135230 49513663 2 5.267911511943636e-4 49513663 49513663 0
22 529 rs4822649 26163003 2 5.149787501995502e-4 26163003 26163003 0
22 2346 rs61737816 46829377 1 -5.148111134452764e-4 46829377 46829377 0
22 1549 rs5756047 36425725 1 5.12501039322464e-4 36425725 36425725 0
22 121 rs2078750 19271831 1 -5.053608571822793e-4 19271831 19271831 0
22 2353 rs5767265 46964267 1 5.003889932576718e-4 46964267 46964267 0
22 1637 rs9610624 37387257 1 4.977184058202686e-4 37387257 37387257 0
22 2522 rs133515 48907545 1 -4.973309359107063e-4 48907545 48907545 0
22 2295 rs136723 45916679 1 -4.922318560079329e-4 45916679 45916679 0
22 1424 rs204456 34799184 1 4.909789657249325e-4 34799184 34799184 0
22 1678 rs739043 37645230 1 -4.879095094299277e-4 37645230 37645230 0
22 1411 rs738959 34740703 1 -4.786757178535719e-4 34740703 34740703 0
22 1922 rs7293091 42341308 1 4.7856108908403503e-4 42341308 42341308 0
22 1818 rs4820386 40068051 1 -4.7395662381663776e-4 40068051 40068051 0
22 2276 rs73169241 45728596 1 -4.670727015250146e-4 45728596 45728596 0
22 1423 rs204448 34798397 1 4.6511771419724434e-4 34798397 34798397 0
22 1297 rs9609802 33846914 1 4.64397313821631e-4 33846914 33846914 0
22 2428 rs9615594 48097091 1 4.633736748185507e-4 48097091 48097091 0
22 1768 rs5757373 39320828 1 -4.631419793981243e-4 39320828 39320828 0
22 2247 rs132028 45428606 1 4.607789662268878e-4 45428606 45428606 0
22 2100 rs5764372 44278752 1 -4.595702123119189e-4 44278752 44278752 0
22 1022 rs737887 31696615 2 4.5901528645367166e-4 31696615 31696615 0
22 1677 rs2284038 37635055 1 4.538280866720668e-4 37635055 37635055 0
22 2 rs5748648 17280822 1 4.523847225197497e-4 17280822 17280822 0
22 719 rs9608581 27533998 1 4.4718779544133784e-4 27533998 27533998 0
22 2170 rs5765896 44744080 1 -4.4558065259153935e-4 44744080 44744080 0
22 2520 rs6007873 48906295 1 4.437111645251422e-4 48906295 48906295 0
22 758 rs79556 27814314 2 4.4203039099810184e-4 27814314 27814314 0
22 2681 rs5770755 50280136 1 -4.3259027965367815e-4 50280136 50280136 0
22 1188 rs2008206 33124633 1 -4.309327406522517e-4 33124633 33124633 0
22 739 rs768784 27690377 1 4.295617062444146e-4 27690377 27690377 0
22 2677 rs761878 50249677 1 -4.2801344791946593e-4 50249677 50249677 0
22 1328 rs7285897 34090440 1 4.278416213418824e-4 34090440 34090440 0
22 577 rs134716 26507446 1 -4.21051416502515e-4 26507446 26507446 0
22 2460 rs12165477 48305427 1 4.154434237710805e-4 48305427 48305427 0
22 769 rs2092741 27888434 2 4.146693345111671e-4 27888434 27888434 0
22 433 rs3827321 24464377 1 -4.0651448260726e-4 24464377 24464377 0
22 1020 rs1858821 31676454 1 -3.944589151007076e-4 31676454 31676454 0
22 666 rs4820706 27167348 1 3.8467170912925174e-4 27167348 27167348 0
22 980 rs136319 31169761 1 -3.8334239801146336e-4 31169761 31169761 0
22 1112 rs5994515 32655284 1 3.826040060939678e-4 32655284 32655284 0
22 1469 rs2223433 35226671 1 -3.806880519660528e-4 35226671 35226671 0
22 344 rs9623019 22539076 1 3.802660346158824e-4 22539076 22539076 0
22 1573 rs136148 36652931 1 3.802379418925566e-4 36652931 36652931 0
22 585 rs737792 26651766 1 -3.7922032507909406e-4 26651766 26651766 0
22 2124 rs738494 44370439 1 3.6745570809588345e-4 44370439 44370439 0
22 800 rs134099 28071675 1 3.667587392870218e-4 28071675 28071675 0
22 599 rs596633 26716432 1 -3.658118229959656e-4 26716432 26716432 0
22 1330 rs8142640 34108174 1 -3.6191413937822144e-4 34108174 34108174 0
22 245 rs361988 20810054 1 3.5902609700542943e-4 20810054 20810054 0
22 2388 rs738669 47548321 1 -3.5833631315594866e-4 47548321 47548321 0
22 1779 rs2014881 39445380 2 -3.577515008075849e-4 39445380 39445380 0
22 2310 rs6007155 46154366 1 3.558231030712607e-4 46154366 46154366 0
22 2373 rs974226 47230348 1 3.5417396369971774e-4 47230348 47230348 0
22 1530 rs5999900 36033341 1 -3.530448671835617e-4 36033341 36033341 0
22 1511 rs909704 35899384 1 -3.530400039585381e-4 35899384 35899384 0
22 1936 rs133380 42468910 1 3.504249517616262e-4 42468910 42468910 0
22 354 rs737885 23263708 1 3.5002259005068433e-4 23263708 23263708 0
22 1252 rs9609686 33430734 1 -3.4958553632845476e-4 33430734 33430734 0
22 1957 rs134874 42661144 1 3.4760168628291603e-4 42661144 42661144 0
22 1455 rs4552280 35131487 1 3.464427817922445e-4 35131487 35131487 0
22 480 rs139683 25252387 1 -3.454292621325039e-4 25252387 25252387 0
22 2252 rs723553 45518890 1 -3.444043847950785e-4 45518890 45518890 0
22 672 rs4822799 27191942 1 3.4427322244512523e-4 27191942 27191942 0
22 1838 rs12628051 40654276 1 -3.414249043929486e-4 40654276 40654276 0
22 4 rs874836 17301843 1 3.4037351541267455e-4 17301843 17301843 0
22 1427 rs1034394 34823828 2 -3.371264631737023e-4 34823828 34823828 0
22 158 rs2871039 19634330 1 -3.3636627977036535e-4 19634330 19634330 0
22 2251 rs6006926 45475332 1 -3.353088310334472e-4 45475332 45475332 0
22 2026 rs4988394 43516133 1 3.3525336714976164e-4 43516133 43516133 0
22 601 rs655581 26750230 1 -3.331970917490018e-4 26750230 26750230 0
22 712 rs16983592 27473169 1 3.2772344875810764e-4 27473169 27473169 0
22 2222 rs3788630 45191504 2 3.2725335074796063e-4 45191504 45191504 0
22 477 rs7291798 25238729 1 -3.228860412075061e-4 25238729 25238729 0
22 1693 rs5995425 37794293 1 -3.211153420161276e-4 37794293 37794293 0
22 2521 rs8142739 48906678 1 3.198869366915193e-4 48906678 48906678 0
22 2702 rs8142229 50814075 1 3.1232691001107456e-4 50814075 50814075 0
22 2195 rs133796 44842135 1 -3.118001779046153e-4 44842135 44842135 0
22 2162 rs5764659 44646105 1 3.0948964254967496e-4 44646105 44646105 0
22 2596 rs6009399 49459944 1 3.0330368740521103e-4 49459944 49459944 0
22 2500 rs4823756 48766791 1 3.0060645449354005e-4 48766791 48766791 0
22 1337 rs2283940 34154020 1 2.9761888313897496e-4 34154020 34154020 0
22 52 rs389496 18289204 1 2.942094370168592e-4 18289204 18289204 0
22 1352 rs2899212 34203195 1 -2.870469986764691e-4 34203195 34203195 0
22 1705 rs8137687 37943299 1 -2.8634543671564555e-4 37943299 37943299 0
22 2701 rs34455105 50660137 1 -2.8456167706187706e-4 50660137 50660137 0
22 2176 rs763041 44763752 1 2.840700563909573e-4 44763752 44763752 0
22 1529 rs17722827 36030165 1 -2.839169469447829e-4 36030165 36030165 0
22 1432 rs11913296 34846352 1 -2.8325450785885207e-4 34846352 34846352 0
22 1414 rs204280 34748164 2 2.8282455358615726e-4 34748164 34748164 0
22 2510 rs4823771 48828223 1 -2.814140401405668e-4 48828223 48828223 0
22 2344 rs9615362 46795141 1 2.8037397764908326e-4 46795141 46795141 0
22 1746 rs9622771 38675738 1 -2.753446180964184e-4 38675738 38675738 0
22 2649 rs5770418 49812076 2 -2.7240972954364564e-4 49812076 49812076 0
22 68 rs1076539 18439598 2 -2.723541743783263e-4 18439598 18439598 0
22 2543 rs9617493 49065116 1 -2.7228149468636227e-4 49065116 49065116 0
22 1490 rs134258 35544775 1 -2.652183332250785e-4 35544775 35544775 0
22 57 rs61744286 18310439 2 -2.627049521731178e-4 18310439 18310439 0
22 2108 rs2071883 44286950 1 -2.616497854255475e-4 44286950 44286950 0
22 355 rs394409 23266118 1 -2.6104396671818535e-4 23266118 23266118 0
22 584 rs1207386 26650662 1 -2.5905545992915266e-4 26650662 26650662 0
22 252 rs5759767 21004805 1 -2.559753772440175e-4 21004805 21004805 0
22 1278 rs5998822 33628586 2 2.486945129160056e-4 33628586 33628586 0
22 1975 rs5996168 42862481 2 2.475056122800251e-4 42862481 42862481 0
22 439 rs2267073 24639069 1 2.4308380304052915e-4 24639069 24639069 0
22 1632 rs1801114 37333804 1 2.401399654750017e-4 37333804 37333804 0
22 633 rs2283822 26924312 1 -2.3831487910366925e-4 26924312 26924312 0
22 508 rs760554 25872592 1 -2.3784104599980255e-4 25872592 25872592 0
22 817 rs3819658 28160074 1 2.376567185800245e-4 28160074 28160074 0
22 2035 rs2071724 43577048 2 -2.3648326123209553e-4 43577048 43577048 0
22 2278 rs1022477 45821887 1 2.2634955133287585e-4 45821887 45821887 0
22 418 rs5760066 24187820 1 2.2473680254708297e-4 24187820 24187820 0
22 2542 rs4925429 49059945 1 2.211217612696504e-4 49059945 49059945 0
22 2606 rs75993 49514275 1 -2.1788326658177352e-4 49514275 49514275 0
22 2136 rs1018795 44429762 1 2.1764609278652184e-4 44429762 44429762 0
22 651 rs2071862 27021401 1 -2.1533806401305373e-4 27021401 27021401 0
22 2122 rs3177036 44368204 1 2.1486908633443447e-4 44368204 44368204 0
22 2025 rs4988386 43514886 2 2.1334126517025148e-4 43514886 43514886 0
22 210 rs2518827 20010730 2 2.1287287384275623e-4 20010730 20010730 0
22 1440 rs2223271 34920388 1 -2.1140637480534285e-4 34920388 34920388 0
22 2054 rs5759305 43755827 1 2.112865790416614e-4 43755827 43755827 0
22 380 rs4822416 23816428 1 -2.1115051545345372e-4 23816428 23816428 0
22 2118 rs738491 44354111 2 2.0556624215008516e-4 44354111 44354111 0
22 815 rs5752628 28135297 1 -2.0436389936454464e-4 28135297 28135297 0
22 1521 rs2009681 35976171 1 2.035039962125269e-4 35976171 35976171 0
22 814 rs134133 28129239 1 -2.03074825673486e-4 28129239 28129239 0
22 2066 rs137719 44019011 2 1.9492128924637785e-4 44019011 44019011 0
22 1520 rs5750120 35975792 1 1.8898540736983965e-4 35975792 35975792 0
22 750 rs2142619 27756300 1 -1.8612740297241495e-4 27756300 27756300 0
22 2539 rs8140223 49050544 1 1.8118143212023723e-4 49050544 49050544 0
22 2312 rs136033 46255004 1 -1.810779811554824e-4 46255004 46255004 0
22 174 rs11704009 19840123 1 -1.8072358605533264e-4 19840123 19840123 0
22 1090 rs9609429 32517431 1 -1.804363514182993e-4 32517431 32517431 0
22 1209 rs130559 33188536 1 -1.7959351978669868e-4 33188536 33188536 0
22 1915 rs4501042 42245763 1 1.7654398780559465e-4 42245763 42245763 0
22 102 rs4819778 19134083 1 1.742532636763137e-4 19134083 19134083 0
22 2229 rs6006893 45253895 2 1.7160374716968863e-4 45253895 45253895 0
22 2207 rs2349634 44973739 1 1.6402092546545917e-4 44973739 44973739 0
22 2281 rs5764725 45823327 1 1.6238788364311176e-4 45823327 45823327 0
22 356 rs463235 23278593 1 1.6177225402590832e-4 23278593 23278593 0
22 664 rs763105 27137135 1 1.6075763035632923e-4 27137135 27137135 0
22 1713 rs7284476 38129332 1 -1.593109280158045e-4 38129332 38129332 0
22 2150 rs16991639 44595239 1 1.5300561536574965e-4 44595239 44595239 0
22 2287 rs5765401 45881315 1 -1.4824669094911166e-4 45881315 45881315 0
22 1811 rs2092168 39947068 1 -1.4413014436538446e-4 39947068 39947068 0
22 2658 rs10854872 49912406 1 -1.438208420608957e-4 49912406 49912406 0
22 1621 rs10854693 37252010 1 1.4126020130191146e-4 37252010 37252010 0
22 1161 rs2239765 32934225 1 -1.407318739402786e-4 32934225 32934225 0
22 967 rs136383 31113004 1 -1.3701280470918294e-4 31113004 31113004 0
22 395 rs5751708 24022307 2 -1.3504165602357663e-4 24022307 24022307 0
22 1155 rs5754110 32878244 1 -1.343545858242609e-4 32878244 32878244 0
22 2607 rs135231 49514337 1 -1.304084428896587e-4 49514337 49514337 0
22 580 rs134760 26573345 1 -1.2852660344991754e-4 26573345 26573345 0
22 352 rs1475930 23250737 1 -1.2531228123422464e-4 23250737 23250737 0
22 742 rs79136 27701317 1 1.2452801774384524e-4 27701317 27701317 0
22 327 rs5757186 22524651 1 -1.2402752269331425e-4 22524651 22524651 0
22 2219 rs5765956 45150659 1 1.2251945191614377e-4 45150659 45150659 0
22 91 rs2023634 18972450 1 1.1890268542261663e-4 18972450 18972450 0
22 1173 rs16990808 32994093 1 -1.1846504785636188e-4 32994093 32994093 0
22 2325 rs41371446 46637272 1 1.164858787029453e-4 46637272 46637272 0
22 2499 rs11090830 48726996 1 -1.1536456647536794e-4 48726996 48726996 0
22 1519 rs2064145 35970554 1 -1.1510325121764482e-4 35970554 35970554 0
22 1245 rs9609680 33408519 1 1.1362885810036505e-4 33408519 33408519 0
22 0 rs5747999 17075353 1 1.1302898453852436e-4 17075353 17075353 0
22 660 rs1045363 27072146 1 1.1293093471545226e-4 27072146 27072146 0
22 2174 rs8138173 44760039 1 1.1215126876176023e-4 44760039 44760039 0
22 945 rs55674628 30953280 1 1.1197461444659648e-4 30953280 30953280 0
22 2588 rs4823969 49416063 2 -1.1064737914518222e-4 49416063 49416063 0
22 929 rs4823087 30693581 1 1.1042563556052588e-4 30693581 30693581 0
22 1716 rs139842 38272929 1 -1.0942401884709832e-4 38272929 38272929 0
22 499 rs5760863 25510459 1 1.0762385476352772e-4 25510459 25510459 0
22 2228 rs7289868 45253872 1 -1.0718108730067216e-4 45253872 45253872 0
22 790 rs5752599 28017801 1 1.0709424533192456e-4 28017801 28017801 0
22 2270 rs6006973 45665663 2 1.0227063611939824e-4 45665663 45665663 0
22 941 rs35764129 30856121 1 -1.0050286408812132e-4 30856121 30856121 0
22 313 rs732466 22329747 1 9.96280745603524e-5 22329747 22329747 0
22 1967 rs17003058 42811101 1 -9.72698817347633e-5 42811101 42811101 0
22 1191 rs9606990 33140654 1 -9.461881407450887e-5 33140654 33140654 0
22 1969 rs8139063 42813753 1 -9.37858837369172e-5 42813753 42813753 0
22 1760 rs5757279 39168987 1 -9.378406925498033e-5 39168987 39168987 0
22 2644 rs713997 49784591 1 -9.322870687904616e-5 49784591 49784591 0
22 1896 rs5758314 41762523 1 9.30645174736055e-5 41762523 41762523 0
22 55 rs2277831 18299197 1 9.016777973478112e-5 18299197 18299197 0
22 1056 rs112531886 32113269 1 -8.814490452426223e-5 32113269 32113269 0
22 579 rs134755 26565156 1 8.568880172112628e-5 26565156 26565156 0
22 1294 rs2255556 33832317 1 -8.509196113759688e-5 33832317 33832317 0
22 2184 rs2071815 44778738 1 7.917926279784443e-5 44778738 44778738 0
22 2595 rs13056160 49459147 1 -7.912623457797232e-5 49459147 49459147 0
22 1601 rs2267341 36976975 1 -7.660975796935705e-5 36976975 36976975 0
22 2397 rs2187793 47688003 1 7.542042859314503e-5 47688003 47688003 0
22 1187 rs4821089 33118165 1 7.505908961071075e-5 33118165 33118165 0
22 1484 rs61739193 35463225 1 -7.46908975141913e-5 35463225 35463225 0
22 287 rs447001 22010918 1 7.343228055990751e-5 22010918 22010918 0
22 2212 rs9614840 45012097 1 6.922360214403882e-5 45012097 45012097 0
22 2318 rs4253772 46627603 1 6.908037263304002e-5 46627603 46627603 0
22 1712 rs9610841 38121152 1 6.784613564901905e-5 38121152 38121152 0
22 2058 rs34955597 43950853 1 -6.719750512263869e-5 43950853 43950853 0
22 272 rs408718 21425769 1 6.531236589012496e-5 21425769 21425769 0
22 1866 rs5995941 41144917 1 6.519830594456884e-5 41144917 41144917 0
22 1180 rs7511209 33030026 1 6.38052800071195e-5 33030026 33030026 0
22 1467 rs5755348 35225029 1 -6.184908991485266e-5 35225029 35225029 0
22 836 rs6005863 29156448 1 6.146984936123375e-5 29156448 29156448 0
22 1770 rs1014971 39332623 1 -6.127773957105203e-5 39332623 39332623 0
22 1433 rs12170276 34847027 2 -6.083883784991078e-5 34847027 34847027 0
22 221 rs7285397 20057143 1 5.8563337429384776e-5 20057143 20057143 0
22 1215 rs242089 33213319 1 5.742306750702728e-5 33213319 33213319 0
22 1913 rs2267439 42237769 1 5.7351363016264245e-5 42237769 42237769 0
22 735 rs932299 27661009 1 5.686370977936842e-5 27661009 27661009 0
22 2492 rs5768453 48621722 1 -5.4366081770403695e-5 48621722 48621722 0
22 662 rs5761697 27110259 1 5.234141526062989e-5 27110259 27110259 0
22 432 rs9624395 24460593 1 4.8144083078329486e-5 24460593 24460593 0
22 1395 rs5754914 34640046 1 -4.775805493352418e-5 34640046 34640046 0
22 1849 rs6001912 40828361 1 4.768207988262118e-5 40828361 40828361 0
22 1298 rs8140002 33847076 1 4.635211466250611e-5 33847076 33847076 0
22 2358 rs135676 47091321 2 -4.587647540315344e-5 47091321 47091321 0
22 293 rs1860 22055394 1 -4.266834192997884e-5 22055394 22055394 0
22 2697 rs5771086 50595842 2 4.1882851812902145e-5 50595842 50595842 0
22 1581 rs6000262 36770038 1 -4.04224284411409e-5 36770038 36770038 0
22 265 rs2541953 21381646 1 3.990597120422081e-5 21381646 21381646 0
22 1256 rs2413163 33447946 1 3.9587298621091145e-5 33447946 33447946 0
22 2011 rs11090122 43308475 1 3.895440391581533e-5 43308475 43308475 0
22 463 rs2007382 25109027 1 -3.5326845102834345e-5 25109027 25109027 0
22 268 rs2075271 21423908 1 3.425686297186567e-5 21423908 21423908 0
22 2640 rs929025 49742889 1 3.3184361731728555e-5 49742889 49742889 0
22 160 rs5748371 19636858 1 -2.7787150693852867e-5 19636858 19636858 0
22 1406 rs5754954 34727172 1 -2.7542366631800354e-05 34727172 34727172 0
22 266 rs2541954 21381682 1 2.732585935419368e-5 21381682 21381682 0
22 2168 rs9614891 44737646 1 2.6904293007237355e-5 44737646 44737646 0
22 891 rs2527335 30065967 1 2.6578035160506416e-5 30065967 30065967 0
22 1378 rs4820127 34395171 2 2.6541913011989744e-5 34395171 34395171 0
22 871 rs5752884 29636985 1 -2.543728352071747e-5 29636985 29636985 0
22 2017 rs2018340 43390319 1 -2.4522576774356947e-5 43390319 43390319 0
22 1972 rs5758731 42855277 1 -2.2568279878091143e-5 42855277 42855277 0
22 1904 rs8139203 42166416 1 2.094544490113051e-5 42166416 42166416 0
22 445 rs1008931 24855541 1 1.7326671741041785e-5 24855541 24855541 0
22 1600 rs1569488 36965284 1 1.727459154893418e-5 36965284 36965284 0
22 1776 rs6001363 39392480 1 -1.5556850610987254e-5 39392480 39392480 0
22 2723 rs131737 51040546 1 -1.48456191264264e-5 51040546 51040546 0
22 1216 rs135028 33228070 1 1.4685445260176485e-5 33228070 33228070 0
22 2453 rs761917 48258293 1 1.4244654038703483e-5 48258293 48258293 0
22 1569 rs5995259 36611863 1 -1.284631689306831e-5 36611863 36611863 0
22 988 rs738374 31212641 1 1.1055770452154008e-5 31212641 31212641 0
22 595 rs137203 26688831 2 -9.849565395320792e-6 26688831 26688831 0
22 736 rs5762049 27662213 1 9.72230466570662e-6 27662213 27662213 0
22 442 rs4822489 24833760 1 8.339144746305925e-6 24833760 24833760 0
22 2389 rs754890 47556231 1 -7.188801290773678e-6 47556231 47556231 0
22 76 rs458888 18533434 1 -6.4553232270807124e-06 18533434 18533434 0
22 2033 rs6972 43558972 1 6.257729180294968e-6 43558972 43558972 0
22 903 rs5763662 30378703 1 -5.968453225920444e-6 30378703 30378703 0
22 2232 rs6006906 45305136 1 -3.9501286428682046e-6 45305136 45305136 0
22 2570 rs7286388 49212730 1 3.663681242888368e-6 49212730 49212730 0
22 2730 rs131729 51053719 1 -3.5051268173988834e-6 51053719 51053719 0
22 849 rs6005922 29251926 1 3.059056497593511e-6 29251926 29251926 0
22 1905 rs6519287 42169269 1 -2.443517959831491e-6 42169269 42169269 0
22 1430 rs1005285 34828825 1 -1.98414588289501e-6 34828825 34828825 0
22 69 rs1076540 18439958 1 1.8551454161644824e-6 18439958 18439958 0
22 2192 rs8135880 44834292 1 1.2084989681376708e-6 44834292 44834292 0
22 2214 rs136899 45048253 1 2.7590661025872513e-7 45048253 45048253 0
22 205 rs2073741 19989890 1 1.8094084244617995e-15 19989890 19989890 0
22 231 rs8139591 20093317 1 7.875340891703816e-16 20093317 20093317 0
22 2326 rs41355347 46637511 1 1.184121626173695e-16 46637511 46637511 0
