CHR Group SNP.lead BP.lead Size W BP.min BP.max BP.width
18 828 rs1790588 67535184 3 0.05669787293918701 67529014 67556646 27632
18 347 rs11659941 24494344 2 -0.0292054837590669 24489062 24620300 131238
18 706 rs17773430 57963117 4 0.02262421409639263 57922526 57963117 40591
18 434 rs1540043 33691313 1 0.01962199571718377 33691313 33781725 90412
18 498 rs1835499 40335882 3 0.01837997192697465 40324824 40468883 144059
18 51 rs11665524 2978535 1 0.01817037118594534 2951876 3002230 50354
18 678 rs7238217 56227820 6 0.01783247784979002 56227820 56270997 43177
18 443 rs61735998 34289285 3 0.01777324748145206 34220737 34324091 103354
18 17 rs1720464 1013959 1 -0.01753977193491187 968021 1013959 45938
18 306 rs2278664 21719327 5 0.01721501506489601 21689394 21762678 73284
18 227 rs11877870 10742289 1 -0.01690291226969812 10729880 10765352 35472
18 806 rs17078903 65982452 2 0.01595360296663287 65942408 65982452 40044
18 298 rs7238618 20913598 7 0.01534580606434824 20879217 21068118 188901
18 160 rs1441002 7887531 2 -0.01518102133783233 7871278 7914057 42779
18 681 rs4940757 56461646 6 -0.014844266855825 56457396 56518513 61117
18 319 rs8086988 22510457 1 -0.01371937948937681 22478664 22510457 31793
18 268 rs3859299 13462726 2 0.01358535845785521 13458063 13487485 29422
18 686 rs17835556 56818766 2 0.01333891246651991 56802550 56828687 26137
18 675 rs4309483 56085917 1 0.01245001891310083 56085917 56118999 33082
18 773 rs12455246 63498880 1 0.01234895589702447 63470003 63498880 28877
18 365 rs8088478 26413621 3 0.01230655288808333 26323792 26498677 174885
18 818 rs2364201 67088062 3 0.01229958011459332 67086620 67134392 47772
18 296 rs2278452 20774097 1 0.01206912175771071 20774097 20774097 0
18 680 rs1059442 56416693 1 0.01150105502181333 56331663 56446902 115239
18 429 rs7240151 33222545 1 -0.01144055721660704 33187340 33285609 98269
18 88 rs8085726 4370882 1 0.01141492201353377 4370882 4376022 5140
18 816 rs17080654 66898945 5 0.01122071020127985 66898157 67012528 114371
18 579 rs2000813 47093864 2 0.01019755332504255 47069033 47109955 40922
18 563 rs937019 45981769 4 0.01016574747740482 45969470 46044052 74582
18 649 rs7233847 54451284 2 -0.00948177851286525 54265847 54451284 185437
18 59 rs1785272 3314310 2 0.00943170131697534 3305738 3330062 24324
18 248 rs11872939 11782521 2 -0.00937965440205725 11749198 11802991 53793
18 927 rs7228334 73500233 3 0.00925599526595311 73486030 73515143 29113
18 659 rs12958967 55315959 1 0.00911249358950835 55315959 55349914 33955
18 428 rs1241077 33133859 1 -0.00908552400298596 33096799 33135111 38312
18 243 rs7239176 11452145 2 0.00901217817469362 11452145 11512551 60406
18 690 rs17769526 57047921 9 0.00899610673260495 56946086 57056907 110821
18 221 rs16974966 10562575 1 -0.00897385024226579 10491281 10562575 71294
18 156 rs2051264 7547285 3 -0.00878997962956902 7544341 7635681 91340
18 502 rs2622781 41081332 2 0.0087819184097575 40992698 41083535 90837
18 995 rs487395 76806843 4 -0.00876576476453591 76806843 76937552 130709
18 859 rs4268850 69892689 1 -0.00841964285038971 69875724 69892689 16965
18 228 rs7236574 10795051 3 0.00836327872559116 10769803 10809196 39393
18 257 rs2096847 12415136 1 0.00829347530420053 12392308 12415136 22828
18 181 rs4798712 8890011 1 0.00784193856964266 8876666 8912044 35378
18 796 rs2448731 65376601 4 0.00782855869164809 65359829 65404933 45104
18 850 rs649809 69160304 3 0.00772119493469315 69153026 69188891 35865
18 994 rs2981423 76741423 2 -0.00770201605975453 76711024 76754549 43525
18 590 rs11082811 47763296 2 0.00760425443962398 47739631 47802971 63340
18 302 rs1154232 21511034 3 -0.00735041960650453 21496166 21580492 84326
18 941 rs17564521 74374345 2 -0.0072316184602549604 74351381 74380643 29262
18 413 rs1457880 31051882 1 -0.00713091661262386 30996108 31079945 83837
18 145 rs8088532 7082526 2 0.00701792301854671 7054431 7082526 28095
18 258 rs12457026 12551818 4 -0.0070167251598594 12447303 12718593 271290
18 661 rs6566896 55408681 2 -0.00655498519374416 55395811 55432083 36272
18 594 rs2118370 48161544 3 -0.00654814101154653 48152084 48166556 14472
18 860 rs4572503 69935826 2 0.00654439388665231 69908670 69935826 27156
18 757 rs4292016 61868222 2 -0.00647769614872752 61868222 61995848 127626
18 391 rs8094212 29034304 2 0.00627971078979309 29018114 29057719 39605
18 538 rs732109 44135050 1 -0.00594305796159202 44135050 44137400 2350
18 376 rs4420605 27907683 7 0.00558214692237557 27826653 27935931 109278
18 644 rs11151630 53857981 1 -0.00554296912715522 53845164 53887306 42142
18 80 rs7505745 4099242 1 -0.00551569114069575 4099242 4099242 0
18 111 rs7242770 5647875 1 0.00535016853386993 5643417 5655381 11964
18 725 rs567629 59641926 2 0.0051043848155428 59594659 59645371 50712
18 355 rs2851757 25313101 2 -0.00502849001763083 25313101 25316814 3713
18 191 rs16955101 9429811 1 0.00502021514689858 9429811 9429811 0
18 108 rs4798363 5473725 4 -0.0049151870474143 5444240 5478295 34055
18 382 rs1970694 28283411 2 0.00484457777709649 28263619 28398821 135202
18 138 rs7244230 6939755 2 0.0048434033222411 6939755 6942997 3242
18 287 rs1465501 19814796 4 0.00467213967128437 19786854 19890598 103744
18 441 rs1874382 34122682 9 -0.00465606195310828 34098851 34127383 28532
18 435 rs1057251 33848581 2 0.00462831862310389 33802526 33852617 50091
18 471 rs7236890 37517721 1 -0.00458403632458031 37460240 37523159 62919
18 273 rs3760533 13760290 2 -0.00447312168550729 13662150 13780084 117934
18 364 rs8088603 26188052 5 0.00436168281394256 26075587 26256806 181219
18 421 rs9956218 32366760 2 -0.00425780579112339 32350725 32448251 97526
18 405 rs16963205 29930576 2 -0.00416557967268165 29898479 30032385 133906
18 179 rs55676538 8819246 2 0.00412309246811263 8792044 8819246 27202
18 3 rs618671 362199 3 0.00404080636477507 354439 362199 7760
18 523 rs10502868 43153949 1 0.0040073545831973 43144642 43153949 9307
18 877 rs9319864 70885017 3 -0.00400017568848734 70868766 70914071 45305
18 462 rs2959219 35998626 6 -0.00399796319847422 35998626 36053643 55017
18 951 rs9951586 74857318 1 -0.00385835886886682 74848698 74857974 9276
18 455 rs12970162 35562926 2 0.00385616801097563 35557827 35577756 19929
18 317 rs6508330 22379964 1 0.00384736414632753 22328172 22430986 102814
18 492 rs623931 39724275 3 -0.00384530521196132 39724275 39828781 104506
18 118 rs626823 5952544 1 -0.00382102174065461 5952544 5956633 4089
18 346 rs1017414 24405600 1 -0.00379652442876841 24405600 24414687 9087
18 339 rs8084658 24130007 1 -0.0037267265511574 24111764 24153466 41702
18 283 rs786045 14949001 2 -0.00367865304591381 14949001 14978677 29676
18 677 rs17065127 56202231 4 0.00360841462848945 56156233 56205551 49318
18 260 rs2847297 12797694 6 0.00356078578042293 12797694 12870038 72344
18 546 rs4939797 45033486 4 0.0035186885633531 44983381 45064406 81025
18 689 rs10469215 56915473 2 -0.00350863368771414 56906961 56934358 27397
18 631 rs588705 51763722 1 0.00343884601457004 51678367 51773841 95474
18 116 rs8088340 5836382 1 0.00338625913888105 5836382 5843069 6687
18 670 rs17833599 55823239 2 -0.00337405715173001 55811058 55839162 28104
18 278 rs10513904 14023754 2 0.00335693552677401 14019830 14090271 70441
18 780 rs8097294 63964551 2 0.00334220882956175 63959330 63976053 16723
18 641 rs1506633 53586671 3 0.00334073336401188 53577346 53676203 98857
18 119 rs6506355 5971493 1 0.00333035076353026 5971039 5983611 12572
18 720 rs9964155 59287860 3 0.00328061770496968 59246069 59296381 50312
18 737 rs6567313 60702324 1 0.00318666446224335 60693026 60702324 9298
18 267 rs16940509 13431471 2 -0.00313691244971507 13431471 13434152 2681
18 886 rs1942723 71236588 1 -0.00306965419859172 71236588 71239581 2993
18 371 rs1492801 27205055 3 0.00303645688368333 27157000 27223970 66970
18 903 rs4328535 71978076 2 -0.00299921417837689 71955979 71993111 37132
18 777 rs2715335 63671513 1 0.00297466466523539 63671513 63689939 18426
18 616 rs9951523 49867224 1 0.00295097922703877 49804768 49892325 87557
18 245 rs4797559 11583447 1 -0.00294354548054042 11583447 11583447 0
18 68 rs8083633 3522006 1 0.00282751413141855 3522006 3522006 0
18 749 rs6567383 61375683 1 0.00281744140795341 61364844 61398078 33234
18 81 rs1543229 4130516 1 0.0027755724327883902 4130516 4130516 0
18 562 rs1038670 45898195 5 -0.00273866076505347 45877135 45913212 36077
18 494 rs7229024 39948375 5 0.00273268735696257 39895631 39954132 58501
18 71 rs12457197 3680476 1 0.00266420769892842 3645894 3693772 47878
18 913 rs3861309 72502997 3 -0.00265510087243058 72490940 72519457 28517
18 45 rs12606220 2555008 2 -0.0026280800871952 2533130 2593662 60532
18 879 rs6566715 70986258 3 0.00257809747940064 70965861 70986258 20397
18 249 rs787554 11862697 1 0.00257183876333893 11862697 11862697 0
18 705 rs1893512 57787559 2 0.00255579056536187 57732689 57884750 152061
18 578 rs506426 46849333 2 -0.00254919711110422 46786058 47037399 251341
18 437 rs2000662 33966135 2 0.00252984698623852 33907628 33989375 81747
18 845 rs17083850 68848130 1 0.0025212324041837 68837291 68848130 10839
18 415 rs2000677 31338906 5 0.00251965305733899 31313124 31392833 79709
18 269 rs1785205 13512266 2 -0.0024238009137069 13510974 13512266 1292
18 939 rs8084598 74277674 1 -0.0024163911527801 74269894 74277674 7780
18 735 rs8095915 60406536 1 -0.00240028499305953 60396499 60630531 234032
18 336 rs2959356 23590203 3 -0.00239183937164023 23562519 23776435 213916
18 702 rs11878145 57607365 1 -0.00238698040460863 57582135 57628926 46791
18 458 rs8094570 35775236 2 -0.0023806434456496 35767744 35824345 56601
18 216 rs206605 10335737 1 0.00237808406177481 10333499 10335737 2238
18 698 rs1788897 57419473 1 0.00234152170556357 57383568 57419473 35905
18 282 rs785989 14902902 1 0.00234119519563983 14791236 14902902 111666
18 798 rs8084950 65537352 4 -0.0023380338702086 65494529 65541451 46922
18 912 rs516410 72407862 2 0.00233538233371683 72252137 72414096 161959
18 153 rs16951791 7448196 1 -0.00232473365075777 7436203 7456094 19891
18 598 rs17805042 48324575 1 0.00230233815151176 48290668 48324575 33907
18 452 rs8092743 35279922 2 -0.00230216322054727 35214006 35279922 65916
18 626 rs1431183 50822084 4 0.00228869802672126 50792090 50931599 139509
18 905 rs1256723 72069279 3 0.00219906170017302 72067682 72073178 5496
18 729 rs9960450 60016875 3 0.00217404569914471 60014463 60032949 18486
18 484 rs8087566 38792674 1 -0.00213140237364582 38770460 38842906 72446
18 490 rs987380 39448009 1 0.00211502348620745 39428052 39461087 33035
18 923 rs12458682 73097909 1 0.00205198960433608 73086616 73107145 20529
18 565 rs3786180 46150975 2 0.00204426611874248 46141721 46183078 41357
18 692 rs9966402 57151850 1 -0.0020310214015269 57131794 57182339 50545
18 558 rs1124349 45718309 1 0.00202801831221465 45718309 45735556 17247
18 708 rs500817 58154350 1 -0.0020247215640435 58104556 58156977 52421
18 265 rs16940343 13309150 1 0.00199569150162897 13294262 13366862 72600
18 196 rs7228240 9729894 2 0.00199320074019292 9710554 9732627 22073
18 305 rs4043679 21653838 1 0.00198781493235708 21653838 21665224 11386
18 856 rs9957008 69633468 2 0.00192991967300363 69633468 69663285 29817
18 24 rs8090522 1542523 3 -0.00191228379335778 1512430 1567186 54756
18 744 rs2850761 60966397 4 0.00189232161855784 60966397 61019455 53058
18 372 rs11872736 27239696 2 -0.0018893468951082 27239696 27360928 121232
18 21 rs8087377 1427930 1 -0.00187267890185114 1213560 1429364 215804
18 555 rs9945161 45625272 1 0.00186035292249569 45624977 45625755 778
18 517 rs957001 42741032 2 -0.00182586645717171 42725529 42785997 60468
18 42 rs2139661 2460332 1 0.00178515649959857 2460332 2463095 2763
18 200 rs8082842 9814778 1 0.00176285168283199 9814778 9835419 20641
18 560 rs868306 45821540 1 -0.00174442819237015 45821540 45852077 30537
18 540 rs34589386 44157764 1 0.00171012371699436 44157764 44197963 40199
18 950 rs966782 74772891 1 0.0017084752727363 74765400 74782069 16669
18 324 rs9958887 22887059 1 -0.00170642119345473 22861794 22887059 25265
18 884 rs1942788 71095826 2 0.00169119795656965 71095012 71115113 20101
18 400 rs12606084 29558592 1 0.00168896351224532 29542204 29558592 16388
18 710 rs614729 58229212 2 0.00168571305719898 58183931 58229503 45572
18 418 rs4389200 31984392 3 -0.00167660767096853 31906011 32000277 94266
18 399 rs11660777 29426669 2 0.0016746250032438 29378538 29432624 54086
18 760 rs7233409 62170058 1 -0.00167427340605491 62100203 62170726 70523
18 460 rs7227029 35938375 1 -0.00165334572662039 35895358 35938375 43017
18 199 rs7238421 9785042 2 -0.00165131946928136 9785042 9787464 2422
18 465 rs2027730 36112086 2 -0.00163694198653842 36112086 36153889 41803
18 713 rs1532486 58684235 2 -0.00162507936036369 58542737 58717342 174605
18 704 rs1984337 57711489 1 -0.0015509920343492 57679365 57713553 34188
18 870 rs4892042 70430087 2 -0.00154432627597315 70398386 70456290 57904
18 466 rs7242236 36231245 2 -0.00152268203691274 36164249 36348735 184486
18 4 rs11663304 381704 1 0.00151461118589105 372041 381704 9663
18 811 rs9963985 66407942 2 0.00149879273803789 66407942 66408427 485
18 709 rs12606949 58165167 1 0.00149139441234896 58165167 58177942 12775
18 101 rs599322 5148001 4 -0.00148226101171912 5145389 5152737 7348
18 897 rs4552099 71610943 1 0.00145974607665059 71610943 71626962 16019
18 977 rs7229204 76021556 2 -0.00141061730650653 76012596 76025123 12527
18 94 rs8089250 4772807 1 0.00138856185959994 4772807 4772807 0
18 95 rs8086761 4812752 1 0.00138851230794203 4780620 4824346 43726
18 393 rs1791235 29126670 1 0.00137500413072681 29096919 29126670 29751
18 988 rs2931024 76502001 2 0.00134787786979382 76502001 76502001 0
18 697 rs1652076 57368446 1 0.00132246018004095 57368446 57370181 1735
18 519 rs11082438 42865210 1 -0.00132072448308054 42864657 42902001 37344
18 169 rs12607517 8436239 2 0.00130847217133165 8436239 8439366 3127
18 975 rs953845 75967549 3 0.00128905132097998 75921478 75967549 46071
18 651 rs1657424 54662887 3 0.00127314362267351 54658824 54689619 30795
18 604 rs321899 48910603 1 0.00126607468449896 48895003 48924702 29699
18 847 rs2597831 68997002 1 0.00124582619682196 68923199 69033385 110186
18 898 rs1540032 71700987 2 0.00123297005748158 71671333 71704019 32686
18 732 rs11152344 60111781 1 0.0012076210145203 60111781 60114270 2489
18 962 rs9948375 75195300 2 -0.00120586325789857 75143777 75195300 51523
18 934 rs2116283 73869891 3 0.0011925408111063 73849753 73890904 41151
18 600 rs6508036 48359730 1 0.00118658559256257 48359730 48382668 22938
18 823 rs4891764 67320971 2 0.0011704598108918 67304729 67323641 18912
18 521 rs4416113 42991796 1 -0.00116890231643675 42973922 43049299 75377
18 304 rs2337237 21631244 1 -0.00116701844908433 21631244 21631244 0
18 867 rs9966507 70308101 1 0.00115346046174637 70308101 70308101 0
18 508 rs3819128 41795393 1 0.00115325906582669 41626891 41796551 169660
18 362 rs10775520 25765494 2 0.00112101559029895 25763595 25904868 141273
18 667 rs4528665 55715670 2 0.001110158490692 55709155 55728452 19297
18 612 rs10048311 49500742 2 -0.00110554348353868 49500742 49590264 89522
18 758 rs2193860 62053185 1 0.00108703730339458 62017237 62062517 45280
18 30 rs312998 1901534 1 -0.00108378405605805 1853561 1901534 47973
18 188 rs9973049 9055545 1 0.00107875260158228 9055545 9055545 0
18 352 rs16943696 25065432 6 -0.00107255603893538 25065432 25144165 78733
18 853 rs8088887 69334079 1 0.00107213743840056 69325983 69334079 8096
18 866 rs634392 70216045 1 -0.00105655128452299 70204066 70296422 92356
18 284 rs9957932 19461917 1 -0.00105153777924304 18570235 19461917 891682
18 885 rs17087818 71218924 2 -0.00104660924708384 71159126 71218924 59798
18 163 rs12965261 8218296 2 0.00104454761637604 8207445 8247249 39804
18 327 rs7240975 22989234 1 0.00103565439273001 22989234 22989234 0
18 599 rs9948324 48349191 1 0.00103238379863426 48331524 48349191 17667
18 239 rs8091999 11288105 2 0.00103161459209574 11245830 11307693 61863
18 596 rs17804724 48222107 2 -0.00103022934981434 48220152 48226068 5916
18 180 rs668620 8864811 1 0.00102292495587599 8833087 8869780 36693
18 724 rs12604169 59583446 1 0.00102069596970127 59535428 59583446 48018
18 468 rs8087160 36791383 1 -0.0010154471996321 36579088 36853734 274646
18 194 rs676629 9648130 2 -0.00101174209666175 9648130 9648419 289
18 593 rs10502909 48130532 2 9.865704166502876e-4 48075258 48146048 70790
18 0 rs7226677 278796 1 9.808601187576817e-4 139767 286971 147204
18 389 rs9959147 28887090 1 9.743097496874136e-4 28850260 28919913 69653
18 630 rs2698521 51554436 1 -9.689477538686688e-4 51450266 51642003 191737
18 211 rs12954327 10199279 1 9.623081956033298e-4 10199279 10199279 0
18 530 rs590694 43562102 1 9.620016958333384e-4 43562102 43567199 5097
18 348 rs12956990 24713270 2 -9.600524724419104e-4 24634095 24761768 127673
18 334 rs17799466 23471816 1 9.552080703572756e-4 23440992 23501282 60290
18 635 rs74991234 52604083 1 -9.348151420473388e-4 52570345 52700963 130618
18 622 rs7236766 50222796 1 9.111270162030332e-4 50187873 50267296 79423
18 487 rs16975050 39187170 1 -9.088579087713612e-4 39149367 39240054 90687
18 89 rs16946716 4425743 1 9.009066999301716e-4 4400387 4425743 25356
18 917 rs1828098 72857946 1 9.0075672822422e-4 72852959 72857946 4987
18 157 rs9953589 7706347 1 -8.79655805839338e-4 7706347 7706347 0
18 787 rs9967525 64782143 1 8.749437563781026e-4 64767560 64833335 65775
18 18 rs789029 1053252 2 8.741319145809787e-4 1050812 1063447 12635
18 314 rs12454682 22158679 1 -8.613799984814342e-4 22135024 22170630 35606
18 556 rs8091725 45660778 2 -8.480736780772459e-4 45642989 45691715 48726
18 611 rs2928940 49443797 1 -8.356823514797361e-4 49379001 49443797 64796
18 262 rs61740922 13057655 2 8.324697640804083e-4 12927114 13116432 189318
18 453 rs972900 35335646 2 -8.223853468290411e-4 35297968 35391168 93200
18 581 rs1943973 47179516 4 -8.177807702280822e-4 47157004 47179516 22512
18 665 rs4591234 55582254 4 7.939408529494753e-4 55582254 55608446 26192
18 676 rs2003159 56142499 1 -7.917076039248407e-4 56138943 56154571 15628
18 834 rs10513984 68107719 1 -7.892216719660748e-4 68090674 68114712 24038
18 438 rs12457257 34008468 1 7.7282856140668e-4 34003734 34008468 4734
18 655 rs990729 54979396 3 7.714407601263925e-4 54976972 55066546 89574
18 804 rs3912317 65848177 4 -7.657325302653094e-4 65848177 65887287 39110
18 671 rs7243662 55859854 1 7.587533430551353e-4 55859854 55881103 21249
18 217 rs12454438 10384633 1 7.529762923791721e-4 10378142 10395219 17077
18 193 rs638578 9625750 1 -7.468467720547711e-4 9545961 9625750 79789
18 141 rs679388 6990280 1 -7.463603586929764e-4 6980523 6992271 11748
18 79 rs12963271 4056394 2 7.424703105077903e-4 4056012 4056394 382
18 589 rs6507965 47662494 2 7.406572494805778e-4 47641401 47726830 85429
18 23 rs177953 1495271 1 -7.384623950779378e-4 1481898 1495271 13373
18 350 rs2339331 24922502 1 7.318384442488613e-4 24880578 24938196 57618
18 662 rs2850243 55453784 1 7.312516286885926e-4 55448382 55453784 5402
18 425 rs11872966 32765310 1 7.248856996271536e-4 32618893 32765310 146417
18 987 rs2015066 76496620 1 7.188723140023892e-4 76496620 76496620 0
18 414 rs11878169 31147930 1 6.933291824709504e-4 31147930 31284008 136078
18 401 rs168058 29621938 2 -6.90618941427718e-4 29621938 29625685 3747
18 694 rs2851871 57218840 1 -6.892138871022176e-4 57218840 57224779 5939
18 370 rs4369752 27118814 1 6.880764438460759e-4 27081969 27150116 68147
18 964 rs6566009 75295978 2 -6.764514729184753e-4 75262263 75301069 38806
18 472 rs307078 37642885 2 6.75756460755056e-4 37642885 37675866 32981
18 205 rs571890 10026087 1 -6.684691237467269e-4 10026087 10029510 3423
18 75 rs3915772 3848826 1 6.661278470814963e-4 3842566 3848826 6260
18 685 rs9948204 56756133 1 6.642603709463397e-4 56756133 56798344 42211
18 638 rs7235757 53067954 1 -6.622211381886328e-4 52949657 53125364 175707
18 1001 rs2460386 77417934 1 -6.610992083516743e-4 77417934 77533618 115684
18 815 rs884006 66871719 1 6.588141142512888e-4 66800137 66873244 73107
18 846 rs4243328 68886253 3 6.572615881433328e-4 68867258 68908351 41093
18 618 rs6508142 49964151 1 -6.472704858958349e-4 49953847 49964151 10304
18 967 rs11662532 75432721 1 6.438882585919405e-4 75390648 75455105 64457
18 1004 rs12604098 77819643 3 -6.425176730556706e-4 77728135 77916015 187880
18 61 rs16944782 3374132 1 6.402960888488877e-4 3373062 3380115 7053
18 501 rs11664719 40640843 2 6.380048683329059e-4 40629416 40884989 255573
18 636 rs4510110 52780909 2 -6.34512739122135e-4 52717725 52821124 103399
18 984 rs2002842 76409597 1 6.298130708501899e-4 76379213 76421267 42054
18 996 rs8082857 77021380 4 -6.296739582310372e-4 77013918 77147472 133554
18 201 rs490854 9863867 1 -6.291557633231884e-4 9851388 9863867 12479
18 412 rs76952832 30969567 1 6.198681661454375e-4 30894482 30969567 75085
18 764 rs7227796 62502996 1 6.184407073464666e-4 62397699 62516332 118633
18 125 rs882838 6429648 1 6.089660988794945e-4 6429648 6429648 0
18 337 rs12458331 23825857 2 6.06817787491055e-4 23825857 24016157 190300
18 830 rs3862700 67862224 1 5.885078417014487e-4 67862224 67869834 7610
18 826 rs882113 67466068 1 -5.762343546702873e-4 67451522 67469275 17753
18 602 rs9304408 48674356 1 5.675948476068947e-4 48674356 48783342 108986
18 396 rs34683195 29205591 1 -5.649931023931767e-4 29205591 29262427 56836
18 925 rs17057304 73295992 1 -5.641598261823122e-4 73278547 73342901 64354
18 748 rs4261645 61239806 5 -5.573708994939556e-4 61183511 61294936 111425
18 53 rs4613146 3077464 2 -5.409526803250199e-4 3074611 3089522 14911
18 247 rs16976596 11696613 2 -5.401794016454049e-4 11696613 11696613 0
18 349 rs11083201 24775819 1 -5.380292409572128e-4 24775819 24857568 81749
18 102 rs10853327 5160759 1 -5.354283034888967e-4 5160759 5193132 32373
18 703 rs17066458 57654067 1 -5.282695152571728e-4 57645433 57658779 13346
18 416 rs11399467 31477790 1 -5.225281163725003e-4 31434486 31477790 43304
18 373 rs2863737 27491494 1 -5.154987635109172e-4 27448256 27491494 43238
18 285 rs4800343 19603013 3 5.131297062299017e-4 19513517 19626195 112678
18 28 rs7227078 1804120 1 5.011227866408635e-4 1800231 1804120 3889
18 833 rs10513986 68081085 1 4.928388130604991e-4 68062874 68081085 18211
18 353 rs11083221 25225559 2 4.915977420513197e-4 25152084 25238114 86030
18 711 rs7229783 58283202 1 -4.91476289220228e-4 58258830 58402885 144055
18 126 rs8083385 6459659 1 -4.880642294043314e-4 6446269 6474496 28227
18 215 rs206620 10323659 1 -4.8765179302607213e-4 10323659 10323659 0
18 423 rs8098687 32519272 1 4.732478144325492e-4 32518790 32527959 9169
18 522 rs2254943 43088638 1 -4.708944481604456e-4 43065107 43127971 62864
18 312 rs11659923 22108175 1 -4.622090557746582e-4 22085864 22118315 32451
18 299 rs11663558 21133937 4 4.610897334116486e-4 21112206 21178845 66639
18 524 rs34461862 43204739 1 4.482499908427035e-4 43182342 43206985 24643
18 436 rs7239113 33879397 1 4.4174563771236805e-4 33873415 33885091 11676
18 825 rs7243421 67411257 1 -4.41110196394418e-4 67411257 67432141 20884
18 741 rs12457700 60860246 1 4.353881889848185e-4 60857793 60860246 2453
18 240 rs459329 11315010 1 4.351105796274081e-4 11315010 11320782 5772
18 637 rs4800985 52829535 1 4.2776230130398994e-4 52829535 52877685 48150
18 152 rs11663384 7382800 2 -4.271777433644856e-4 7377381 7383260 5879
18 537 rs11664831 44103392 3 4.203435916580938e-4 44077879 44126909 49030
18 489 rs1115001 39406192 1 4.1986832215386554e-4 39377737 39408516 30779
18 543 rs1970668 44523220 1 4.1756256002768895e-4 44335724 44580082 244358
18 387 rs4325646 28744391 3 4.156101827376838e-4 28732160 28765530 33370
18 610 rs3894774 49278632 1 4.1374251887806945e-4 49278632 49360609 81977
18 419 rs2579799 32155796 2 -4.050015015194933e-4 32103169 32187922 84753
18 295 rs11082304 20720973 1 -4.044975587984611e-4 20720973 20744254 23281
18 144 rs483480 7031103 1 4.0184594828885625e-4 7027438 7034508 7070
18 603 rs4544324 48812253 1 -3.919177099082652e-4 48788446 48866388 77942
18 535 rs3911130 43991529 1 -3.886864955684894e-4 43976885 43991529 14644
18 120 rs565841 5990968 2 3.804350507795826e-4 5986416 5990968 4552
18 642 rs1364417 53693949 1 3.7694804784923623e-4 53686306 53729156 42850
18 679 rs8082808 56318033 1 3.757503466061089e-4 56296138 56318033 21895
18 715 rs9950956 58879662 2 3.75082519464991e-4 58824736 58910315 85579
18 723 rs8085961 59508211 2 3.720005686930977e-4 59472346 59508211 35865
18 276 rs11873019 13907526 1 3.719413553370719e-4 13907526 13913563 6037
18 518 rs16978310 42823514 3 -3.7130683540741736e-4 42791236 42823514 32278
18 385 rs9304077 28644841 1 3.6985489538223816e-4 28639548 28669839 30291
18 41 rs2346628 2436748 1 -3.69829641022695e-4 2408938 2444569 35631
18 881 rs9953769 71021568 1 -3.609750046094296e-4 71021568 71027541 5973
18 323 rs4131294 22772210 1 3.4979838646448776e-4 22772069 22774712 2643
18 367 rs2056095 26753739 1 -3.490945986314439e-4 26719357 26757855 38498
18 507 rs1380835 41493047 1 3.468513037741748e-4 41480527 41509655 29128
18 184 rs7236054 8972284 1 3.374969812953368e-4 8972284 8978829 6545
18 928 rs8096931 73548318 1 -3.3622136319549553e-4 73528080 73557030 28950
18 536 rs61744490 44036029 2 -3.3059279537457826e-4 44036029 44057673 21644
18 810 rs7232428 66328837 1 -3.2538991930294023e-4 66327314 66328837 1523
18 916 rs4891229 72813958 1 -3.1574708504337204e-4 72813958 72813958 0
18 504 rs11082339 41287746 2 3.1405348258853484e-4 41221014 41339382 118368
18 259 rs888265 12750499 1 -3.139200426180092e-4 12747012 12750499 3487
18 408 rs1980034 30259109 1 3.1196576060392456e-4 30249433 30259109 9676
18 629 rs10515963 51268184 2 -3.090226594242218e-4 51213366 51444327 230961
18 910 rs12964208 72210190 1 -3.074799790104897e-4 72201918 72210190 8272
18 733 rs3744927 60245247 1 -2.970074961546402e-4 60147412 60253761 106349
18 513 rs16978216 42458434 2 2.9505118417074544e-4 42428724 42505799 77075
18 361 rs1785835 25684095 2 2.943833449001847e-4 25674859 25731500 56641
18 131 rs11081250 6640510 3 2.875999559325608e-4 6635800 6640510 4710
18 940 rs3829636 74335247 1 2.8424835889224705e-4 74327084 74335247 8163
18 786 rs8099233 64730582 1 -2.7909832747218384e-4 64724416 64734174 9758
18 447 rs488797 34970627 2 2.725064357710854e-4 34936882 34992205 55323
18 864 rs9964306 70121997 1 2.6742143201040835e-4 70099656 70123101 23445
18 112 rs10502331 5658744 1 2.634665044163809e-4 5658744 5718931 60187
18 819 rs17081006 67150084 1 -2.630245186449203e-4 67139253 67160595 21342
18 968 rs2727046 75477351 1 2.592519515647896e-4 75477351 75558694 81343
18 475 rs1961340 37871384 2 -2.5599610585811023e-4 37812658 37896596 83938
18 203 rs29132 9944960 1 2.556799086966211e-4 9942075 9959118 17043
18 571 rs2337094 46403018 1 2.536769265370652e-4 46403018 46442183 39165
18 623 rs10083941 50282122 3 -2.4896612354315464e-4 50282122 50355807 73685
18 333 rs1941232 23408770 1 2.4889705082268594e-4 23408770 23431790 23020
18 321 rs1893311 22627578 1 -2.41630804081833e-4 22595550 22656876 61326
18 807 rs17078922 66004354 1 -2.399275365938892e-4 66004354 66055389 51035
18 56 rs1962519 3188976 1 2.2421942888067593e-4 3188976 3192682 3706
18 739 rs17070739 60819383 2 2.2406344796908805e-4 60809783 60819383 9600
18 688 rs9961404 56877537 2 -2.2266681456233197e-4 56877489 56892947 15458
18 624 rs2156283 50430275 1 2.217180645449359e-4 50370920 50529171 158251
18 497 rs11082289 40226942 1 2.180810870162568e-4 40218068 40288293 70225
18 656 rs10503014 55160632 1 2.165592327433167e-4 55118992 55179142 60150
18 595 rs751114 48201463 2 -2.1515416413050016e-4 48177860 48203725 25865
18 824 rs17200441 67359360 2 2.134888783801884e-4 67343438 67368356 24918
18 696 rs12454887 57359432 1 2.1305557126470657e-4 57356148 57359877 3729
18 15 rs12373400 923096 1 2.1023574461962884e-4 920151 923230 3079
18 528 rs1115075 43358614 1 -2.0940671362253572e-4 43309911 43383705 73794
18 488 rs7244350 39345891 2 -2.090975623375479e-4 39289536 39346601 57065
18 742 rs1005793 60890160 1 2.062912506966427e-4 60890160 60922851 32691
18 572 rs4939826 46453406 2 2.0047543318867233e-4 46453406 46453929 523
18 93 rs9807688 4706001 1 1.889659073435415e-4 4609374 4718609 109235
18 392 rs9962121 29076717 1 -1.8764386040897316e-4 29076717 29076717 0
18 1003 rs4081877 77721125 2 1.8630971341711353e-4 77630073 77721125 91052
18 499 rs671164 40512135 1 1.844530683476884e-4 40512135 40515238 3103
18 922 rs9965347 73047983 1 -1.8400498441760633e-4 73021081 73056716 35635
18 424 rs657018 32558960 1 1.8052726620823437e-4 32555153 32594072 38919
18 974 rs8084678 75858655 1 1.775405729832467e-4 75858655 75872492 13837
18 328 rs1009685 23041828 1 1.752614437617442e-4 23014701 23041828 27127
18 955 rs1893829 74954315 1 1.6900847156346818e-4 74940312 74959841 19529
18 632 rs17470798 51858197 3 -1.6247625372958456e-4 51795329 51958845 163516
18 410 rs1403757 30383426 1 -1.611268743930287e-4 30356647 30383426 26779
18 783 rs9949882 64255420 1 1.5958418244705052e-4 64255420 64390003 134583
18 470 rs2848791 37243913 1 -1.5862060626152828e-4 37013771 37416318 402547
18 802 rs12964216 65711516 1 -1.576886020943588e-4 65682863 65753315 70452
18 918 rs652015 72898905 1 1.55012767666115e-4 72898905 72914280 15375
18 40 rs7227539 2377088 1 -1.5468131131366936e-4 2356164 2377088 20924
18 992 rs4030882 76659706 1 1.5131926878184462e-4 76641125 76661677 20552
18 738 rs6567316 60717894 2 1.4547092953607976e-4 60708726 60754772 46046
18 946 rs608433 74611127 1 1.4028970982301556e-4 74496416 74691112 194696
18 588 rs11876744 47614050 1 -1.3479553537944e-4 47566647 47635466 68819
18 242 rs8096163 11422601 2 -1.3097073634302166e-4 11417597 11422601 5004
18 836 rs17082769 68204223 3 -1.300540321430908e-4 68199224 68319148 119924
18 772 rs2156188 63374392 2 -1.2664921974512593e-4 63292590 63448256 155666
18 165 rs9949149 8298633 1 1.2433415313656526e-4 8298633 8298633 0
18 123 rs7241700 6293561 2 -1.2397742210115e-4 6283038 6337218 54180
18 831 rs7230661 67948111 1 1.164780917332554e-4 67948111 67948111 0
18 496 rs4633808 40158156 1 1.1381073294278749e-4 40140404 40188744 48340
18 751 rs1243039 61498396 1 -1.1254542480244856e-4 61444083 61498396 54313
18 952 rs1667923 74885751 1 1.0865181836485158e-4 74879392 74885941 6549
18 26 rs7232209 1662987 3 1.0841148582109934e-4 1621927 1718332 96405
18 359 rs6508522 25557873 1 1.0677860560485428e-4 25532304 25559158 26854
18 878 rs885093 70954741 1 1.0580288495365762e-4 70950526 70954741 4215
18 115 rs9960331 5821072 1 1.0545015630884448e-4 5821072 5832745 11673
18 752 rs9320032 61561211 1 1.020653776275887e-4 61507368 61631447 124079
18 291 rs11082007 20164232 1 1.0073969467891496e-4 20160314 20279233 118919
18 682 rs3826597 56648324 1 9.854201710352903e-5 56578953 56659658 80705
18 778 rs1806487 63799050 1 -9.765070801603769e-5 63748889 63841290 92401
18 892 rs11872509 71442075 1 -9.71270320743704e-5 71442075 71472843 30768
18 980 rs609027 76116277 1 9.587112910120018e-5 76082033 76116277 34244
18 32 rs1009238 2000079 1 9.383244968622765e-5 1986214 2029423 43209
18 743 rs17070946 60932753 1 -9.337375680973205e-5 60926161 60936047 9886
18 510 rs7232604 42188283 1 -8.79280095628065e-5 42044962 42192418 147456
18 714 rs242673 58746681 1 -8.707487236725387e-5 58746681 58809023 62342
18 91 rs12958338 4483453 1 8.444238484794167e-5 4483453 4488582 5129
18 647 rs215029 54114020 1 8.400848114412759e-5 54050693 54152121 101428
18 198 rs9951109 9762933 1 8.239337340614744e-5 9762933 9762933 0
18 998 rs11661539 77287796 1 7.982233546563475e-5 77287796 77287796 0
18 456 rs17536346 35667915 4 7.849832648267616e-5 35584240 35701204 116964
18 868 rs4892024 70335003 1 7.246213270345667e-5 70335003 70358882 23879
18 883 rs17087465 71075718 1 6.9628796438858e-5 71070170 71082402 12232
18 149 rs4797283 7249740 2 -6.858054795030038e-5 7246541 7249740 3199
18 7 rs12960148 473288 1 6.781868020255839e-5 473288 491967 18679
18 478 rs1436997 38288514 6 6.603597466201601e-5 38253818 38346383 92565
18 907 rs17809342 72104514 1 -6.540846123266914e-5 72102013 72104514 2501
18 639 rs17512836 53194961 2 6.524598428330462e-5 53167520 53337939 170419
18 190 rs12456408 9357576 1 -6.400008441502029e-5 9357576 9376494 18918
18 832 rs2711407 68027361 2 -6.317225591814622e-5 67967279 68027361 60082
18 933 rs17058811 73785500 3 -6.098814189619021e-5 73782636 73831078 48442
18 241 rs16976195 11377526 1 -5.7468992455466285e-5 11367098 11412212 45114
18 100 rs292367 5096936 1 5.4474089570106195e-5 5096936 5097618 682
18 186 rs9941409 9006277 2 -5.39574434661311e-5 8991193 9006277 15084
18 403 rs17663067 29784370 1 -5.1432518552758314e-5 29778387 29821160 42773
18 770 rs681307 63126211 1 4.947657725781808e-5 63126211 63196837 70626
18 882 rs961925 71063181 1 -4.013706535564103e-5 71044198 71067017 22819
18 225 rs113682091 10699129 1 -3.989264015118282e-5 10691192 10699129 7937
18 103 rs4275937 5252084 1 -3.653279313435303e-5 5206566 5279960 73394
18 142 rs12961939 6997818 1 3.215577411027203e-5 6997818 6997818 0
18 11 rs1059393 672836 1 3.173599622933647e-5 660383 709202 48819
18 232 rs7232149 10947468 1 -3.019754731083278e-5 10947468 11011454 63986
18 691 rs11152148 57107212 2 2.1748667341365462e-5 57096896 57128956 32060
18 660 rs7231193 55357455 1 -1.9735837899260575e-5 55357455 55364830 7375
18 325 rs4594329 22921715 1 1.9535773343910464e-5 22914709 22927757 13048
18 214 rs12957808 10284623 2 1.6968029041842733e-5 10284623 10295284 10661
18 568 rs4583322 46319685 1 -1.269078705565787e-5 46314384 46319685 5301
18 384 rs1313586 28586964 1 5.3170929417516765e-6 28584556 28624817 40261
