CHR Group SNP.lead BP.lead Size W BP.min BP.max BP.width
19 154 rs3745516 50926742 7 0.2169316179787287 50855935 51040416 184481
19 52 rs2304256 10475652 25 0.11406251938336728 10219076 10608064 388988
19 115 rs753420 36643695 26 0.05376973717773251 36643695 38411090 1767395
19 74 rs8109466 17207011 4 0.05313831738775567 17108127 17212992 104865
19 123 rs61750953 41306650 13 0.05103667422007722 41175149 41537698 362549
19 53 rs1122608 11163601 9 0.04508770011437318 10668452 11170839 502387
19 82 rs892035 19758190 12 0.03990863080898424 19136541 19863014 726473
19 164 rs7260152 52160305 7 0.03873583821761613 52000187 52204942 204755
19 71 rs12710303 16282131 10 0.03477736157446514 16282131 16426657 144526
19 169 rs3745101 53085813 7 0.03212627783051104 53034598 53233273 198675
19 112 rs11084813 35923858 10 0.03098299994632124 35868773 36029240 160467
19 31 rs778805 5832209 8 0.03045479467672343 5822490 6187800 365310
19 135 rs4803766 45371168 7 0.03013763483939748 45366779 45487420 120641
19 144 rs12461639 48172671 7 0.02928976501396615 47928003 48198675 270672
19 119 rs1865093 39936134 7 0.02851264410460278 39761790 40169328 407538
19 75 rs2305767 17294296 8 0.02759427749562257 17241649 17469382 227733
19 108 rs8191371 34868776 6 0.02647108935393737 34833079 35298961 465882
19 133 rs8108277 45205877 3 0.02604038579616252 45048323 45205877 157554
19 121 rs4490099 40731491 5 0.02598256543927593 40477465 40952148 474683
19 116 rs8102476 38735613 16 0.02584150404037376 38478465 38983180 504715
19 161 rs273634 51718837 6 0.02567959031636802 51676299 51769145 92846
