CHR Group SNP.lead BP.lead Size W BP.min BP.max BP.width
17 851 rs9303277 37976469 4 0.13943363327758523 37976469 38066240 89771
17 994 rs3826397 46509447 1 0.03314816660084446 46509447 46548644 39197
17 44 rs11867830 1760379 1 -0.03283285658205947 1756351 1773273 16922
17 1287 rs6504191 62041068 1 0.02880000123158475 62041068 62041068 0
17 988 rs62067380 46000406 3 0.02741541674267907 45994094 46042327 48233
17 1774 rs7216806 77538517 1 0.0267432697964312 77538517 77538517 0
17 1253 rs2378871 59638769 2 -0.02403561735584026 59630944 59638769 7825
17 212 rs2270981 7216540 2 0.02398640120755868 7216540 7221197 4657
17 520 rs230956 15202205 1 -0.02393094862281708 15202205 15202205 0
17 1490 rs12451606 70023827 1 0.02375868990408142 70023827 70036546 12719
17 979 rs2292700 45362423 3 0.0233955056257638 45348021 45370518 22497
17 340 rs406446 10614442 2 0.0224010717940814 10583589 10625803 42214
17 41 rs58337165 1684605 1 0.0210562342716261 1673276 1687796 14520
17 1741 rs7218605 76811803 2 0.02067737790652806 76802344 76817090 14746
17 1435 rs8071899 67930946 1 0.02032874827825965 67906036 67940507 34471
17 1138 rs7207114 53434046 2 0.0191355972169315 53434046 53434046 0
17 958 rs7215239 43767773 1 -0.0190936519022869 43751913 43777313 25400
17 106 rs9909751 4299256 1 0.0184143424642003 4299256 4299256 0
17 1618 rs4789114 72950927 1 0.01833020884910863 72950927 72950927 0
17 1565 rs2661611 71708855 2 0.01755072155615628 71708855 71715356 6501
17 1066 rs1501255 49886052 1 -0.01720696490681876 49856670 49886052 29382
17 1098 rs9890221 51613235 1 0.0170942515518932 51601631 51630003 28372
17 126 rs3786046 4920360 2 0.01704920002731788 4875628 4920360 44732
17 1140 rs7213162 53489599 2 0.01655915132432467 53477038 53489599 12561
17 1239 rs1292053 57963537 3 0.01634990546186503 57832190 58024275 192085
17 799 rs12941866 34900120 3 0.01626907761935246 34848874 34949598 100724
17 1074 rs10514997 50299021 5 0.015869433824197 50270268 50304559 34291
17 999 rs9890514 46738883 2 0.01501568913327572 46700352 46738883 38531
17 1652 rs8067774 74479889 3 -0.01476659967622835 74469779 74480715 10936
17 317 rs3967769 9981026 1 0.01449577833729424 9981026 9981026 0
17 1373 rs7224314 65386214 1 0.0139673706383537 65386214 65386214 0
17 645 rs11650603 27492042 2 -0.01389419372055305 27471598 27504921 33323
17 683 rs12162135 30805795 1 -0.01360449810179252 30692396 30805795 113399
17 1445 rs12150382 68222772 1 0.01354679013159911 68217471 68222772 5301
17 787 rs79007502 33880305 1 0.01330910506509121 33880305 33884804 4499
17 955 rs1230103 43485791 2 -0.01300781842117127 43470156 43487968 17812
17 1294 rs8082170 62395382 6 0.01270696937140589 62387211 62405369 18158
17 1365 rs1032970 64925807 1 -0.01266511114718762 64925807 64925807 0
17 1339 rs17769593 64221641 1 0.01255750595717557 64209540 64222164 12624
17 606 rs17771175 21003053 3 0.01217098951489053 20991506 21003053 11547
17 248 rs7208297 8199161 2 0.01190512021419614 8199161 8215927 16766
17 866 rs72821893 38907448 1 0.01140794711235181 38907448 38907448 0
17 1803 rs999977 78606412 2 0.0114057572753555 78582693 78615571 32878
17 1472 rs2158906 69257833 1 -0.01138327485831603 69257833 69290669 32836
17 632 rs11538927 26686416 1 0.01125324837263678 26630479 26694861 64382
17 968 rs199533 44828931 3 0.01093706628092277 44787312 44859144 71832
17 735 rs9892990 32382166 4 0.01061117384135726 32369860 32382166 12306
17 1787 rs1632673 77945736 2 -0.01053154509785036 77945537 77945736 199
17 227 rs1544724 7621777 1 0.01040716020702758 7619861 7623394 3533
17 964 rs4792891 43973498 3 -0.01030610996635294 43968415 43991272 22857
17 1225 rs2526374 56435885 3 -0.01024384690434378 56424710 56438301 13591
17 1722 rs4789577 76320835 1 0.01022811463728344 76320835 76320835 0
17 1379 rs2706683 65552709 1 0.01012776713568075 65552709 65552709 0
17 1029 rs2696265 48367827 1 -0.01002246297031519 48367827 48372465 4638
17 654 rs4470197 28464474 2 0.00980317979944546 28418765 28464474 45709
17 1090 rs806893 51408873 1 -0.00957822211278086 51361970 51431997 70027
17 166 rs4796346 6088673 2 -0.00948191800375592 6088673 6107792 19119
17 963 rs12185268 43923683 3 -0.0092020040663663 43922897 43924130 1233
17 1470 rs17178041 69138255 1 0.00916878059966538 69135631 69138255 2624
17 375 rs11078022 11511457 3 0.00912983356817543 11511457 11519394 7937
17 94 rs220461 3628212 4 -0.00910092826078694 3615496 3632836 17340
17 1799 rs148731719 78350110 4 0.00907924897033692 78316179 78357478 41299
17 1823 rs7342974 79483999 3 0.00907202810422913 79471895 79487491 15596
17 992 rs11079811 46233490 2 0.00900300239877531 46126373 46319648 193275
17 1457 rs2109048 68700871 1 -0.00897890829742023 68699516 68715520 16004
17 268 rs9891421 8880878 1 0.00880887371660352 8877946 8880878 2932
17 245 rs3027267 8090895 2 -0.00869956124797179 8062102 8101224 39122
17 1388 rs11658926 66212662 1 -0.00857266083407718 66212662 66212662 0
17 1679 rs16969682 75127012 2 0.00836212848565287 75125273 75127938 2665
17 1223 rs9913145 56389732 3 0.00826026305277115 56383053 56389732 6679
17 1009 rs2233362 47287067 2 0.00823392824539098 47287067 47293906 6839
17 39 rs7501840 1588930 2 0.00822620478409109 1574342 1588930 14588
17 1824 rs7405450 79540449 2 -0.00821193269360243 79532654 79540449 7795
17 237 rs8078865 7955314 2 0.00816626945808801 7950394 7955314 4920
17 1335 rs4790921 63964514 2 -0.00813880301802634 63942253 63964514 22261
17 1492 rs2193060 70086350 4 -0.00809922147625933 70058020 70091969 33949
17 556 rs2274892 16852027 2 0.00809854543921381 16851834 16855878 4044
17 1805 rs9915378 78708418 1 0.00779041807294607 78692004 78712423 20419
17 1610 rs491192 72623855 1 0.00771266899554908 72622473 72633815 11342
17 1672 rs4788961 74969428 1 -0.00765263924105032 74969428 74969428 0
17 1564 rs2619995 71703533 1 0.00764322311804078 71703533 71703533 0
17 81 rs769430 3214969 4 -0.00760883114163568 3210368 3214969 4601
17 356 rs7213403 11129408 3 0.00755867838741649 11129408 11130229 821
17 1612 rs35489971 72700943 1 0.00746740960550184 72700943 72710796 9853
17 253 rs11654033 8315649 2 0.00728944692787718 8315649 8315649 0
17 675 rs7212433 30083687 2 -0.00728440809199658 30083687 30083687 0
17 86 rs11649929 3410902 1 0.00724961332225154 3408576 3410902 2326
17 981 rs118004742 45468858 3 0.00708906845070411 45406167 45504870 98703
17 766 rs2190977 33036586 4 -0.00700261042987445 33017787 33036586 18799
17 1412 rs9897551 66817866 5 -0.00699490892696973 66817866 66836520 18654
17 1355 rs16960050 64690853 3 0.00696826764447234 64681102 64701109 20007
17 52 rs35343613 2227655 1 0.00692132181815875 2216258 2236404 20146
17 1105 rs7207426 51871920 3 -0.00689454168808035 51865320 51881281 15961
17 1231 rs11079372 57411865 1 -0.00680449783834574 57411865 57414047 2182
17 408 rs8072823 12550845 2 -0.0066524595144759 12538993 12550845 11852
17 365 rs16944647 11272698 1 -0.00649857950392707 11257702 11272698 14996
17 707 rs12941575 31715385 3 0.00643577613366071 31715385 31721167 5782
17 794 rs1003645 34340284 2 -0.00641021348006533 34338078 34346267 8189
17 14 rs480233 728030 1 0.00631329024709506 728030 733738 5708
17 607 rs8078205 21084892 2 -0.0062578965483737 21080955 21084892 3937
17 1100 rs2957407 51671637 2 -0.00624556219561756 51669531 51690086 20555
17 1073 rs2970049 50236610 1 0.0060953666367228 50221315 50236610 15295
17 652 rs2617865 28049804 5 0.00608201273689442 27959903 28210703 250800
17 921 rs231487 41981300 4 0.00607093184516742 41981300 41990862 9562
17 444 rs7212673 13458246 2 -0.0060497636190567 13456721 13458246 1525
17 371 rs2969206 11422725 4 0.00603826565575795 11415679 11423255 7576
17 553 rs4313843 16790198 2 -0.00603488531253555 16790198 16804523 14325
17 1468 rs9903422 69100197 2 0.00598998418817964 69089167 69100197 11030
17 213 rs4796409 7269373 1 0.00598307236631632 7269373 7269373 0
17 967 rs34043286 44117119 1 -0.00597558982105389 44102604 44117119 14515
17 161 rs9905941 5907520 2 -0.0059749862537695 5905521 5907520 1999
17 168 rs3888640 6153134 1 0.0059277009084608 6153134 6153134 0
17 879 rs4796640 39597602 3 -0.00582440372234598 39572233 39598822 26589
17 850 rs11078919 37835755 3 -0.00581221617420057 37834541 37866005 31464
17 783 rs10512470 33771204 4 -0.00579387838246969 33769883 33773022 3139
17 4 rs4286157 402843 1 0.0057468648869748 402843 404617 1774
17 1449 rs9915405 68355681 2 0.00574091739106083 68355681 68381555 25874
17 788 rs28384428 33913989 2 -0.00571322997935244 33902635 34052157 149522
17 1402 rs4968906 66619054 1 -0.00562049743179709 66616301 66619054 2753
17 296 rs2654725 9614556 1 -0.00560773854232899 9613684 9614556 872
17 1418 rs8064595 67118787 5 0.00559582577826994 67081513 67125840 44327
17 1781 rs4889793 77840087 2 0.00558519950374504 77840087 77844799 4712
17 1696 rs8077107 75612564 1 0.00556744352971006 75612564 75612564 0
17 379 rs12449476 11653008 2 0.00552481080751277 11642231 11653008 10777
17 500 rs2191177 14804554 4 -0.00551813762947945 14793656 14804554 10898
17 275 rs3744655 9058214 3 -0.00551666774707597 9057929 9064672 6743
17 943 rs12449933 43137201 3 0.0054546662394906 43096229 43147351 51122
17 980 rs2317676 45388283 2 0.00540682250077771 45381823 45400908 19085
17 1801 rs7212223 78483560 2 0.00540617523325904 78469357 78491689 22332
17 1427 rs2074031 67522975 2 -0.00539593293433278 67522975 67522975 0
17 1576 rs6501667 71859152 1 -0.00535761551161221 71859152 71859152 0
17 1700 rs2410423 75667271 1 0.00529199313128458 75667198 75667271 73
17 1649 rs3803737 74289500 3 -0.00528526598866565 74289242 74301539 12297
17 855 rs8066582 38146929 2 -0.00523168416939089 38143548 38173737 30189
17 1254 rs728368 59675381 3 -0.00521668775755385 59669077 59677902 8825
17 1811 rs4969303 78891923 1 -0.00518768626291696 78891923 78904680 12757
17 662 rs17826219 29161845 5 0.00518177107869773 29161358 29247715 86357
17 222 rs4511593 7455536 5 -0.00516712645743805 7452977 7457352 4375
17 1325 rs2107654 63633073 1 0.00511175075868197 63629238 63642542 13304
17 1019 rs7225566 47798725 1 0.00508161584884544 47798725 47942408 143683
17 36 rs3809800 1519775 1 -0.00500882955770444 1519775 1519775 0
17 663 rs1124918 29492423 1 -0.00499466578707786 29470002 29629326 159324
17 255 rs16957494 8549527 1 0.00493785431474044 8549527 8549527 0
17 634 rs8070486 26807734 1 -0.00493705236757238 26807734 26807734 0
17 1521 rs8068946 70712513 2 -0.00486489767895104 70710976 70712513 1537
17 1358 rs9912154 64728707 2 0.00483280978258682 64728707 64734534 5827
17 1620 rs7219493 73044188 2 0.00478710090148023 73038132 73044188 6056
17 1311 rs7223099 63237054 2 -0.00477221737231336 63237054 63243586 6532
17 1062 rs16950253 49727668 3 0.00474979369903275 49727668 49742142 14474
17 859 rs4135012 38450248 2 0.00469060189140793 38450248 38460375 10127
17 552 rs7208027 16780763 2 0.00458396205225894 16777177 16780763 3586
17 1453 rs7216368 68537204 1 0.00453892874202547 68537204 68570105 32901
17 410 rs9894153 12611343 1 0.00451250782695814 12611343 12620897 9554
17 1473 rs2058007 69317515 1 0.00448329640827124 69317515 69326988 9473
17 1806 rs4969429 78765219 1 -0.00447779212346882 78765219 78765219 0
17 1689 rs11077909 75403480 2 0.00443825461767905 75403480 75414358 10878
17 1377 rs2916150 65500030 2 -0.00439005941452008 65494735 65500030 5295
17 862 rs7219622 38671228 1 0.00431806735694947 38671228 38671228 0
17 677 rs11080171 30158073 1 0.00431408724488234 30153880 30158073 4193
17 464 rs9913851 13819731 1 0.00431394487828636 13819731 13819731 0
17 554 rs12953270 16821204 1 -0.00427386271478351 16821204 16824504 3300
17 354 rs4791449 10939187 2 -0.00426309358101326 10930462 10943386 12924
17 719 rs10512451 32014117 1 0.0042535204461726 32011978 32014117 2139
17 1235 rs9896769 57512957 1 0.00424474774576548 57512957 57521208 8251
17 142 rs16954851 5449863 1 -0.00424400002633116 5425077 5449863 24786
17 1408 rs11867232 66774962 1 -0.00422045012528156 66767580 66776070 8490
17 641 rs4795482 27315965 2 0.00417527062661063 27284443 27315965 31522
17 715 rs12453488 31897097 1 0.00416807695865761 31897097 31918339 21242
17 361 rs7502432 11224354 2 0.00415731964271516 11222079 11224534 2455
17 601 rs2958471 20682586 1 -0.00415348806922347 20682586 20682586 0
17 1807 rs7219896 78775571 1 -0.00412553797845838 78775571 78775571 0
17 982 rs2317826 45730899 2 0.00409481261632936 45572642 45732774 160132
17 664 rs735053 29742727 1 0.00404145163226787 29742727 29745981 3254
17 1483 rs2430532 69711678 1 0.0040379007574972 69692689 69712273 19584
17 1471 rs9302933 69238807 2 -0.00400554799283625 69238807 69239272 465
17 1639 rs9904366 73839326 3 -0.00399730431166038 73830270 73847613 17343
17 224 rs11653545 7512074 2 -0.00396285542600629 7484101 7536527 52426
17 493 rs12451369 14622200 3 0.00390602429070668 14609956 14622329 12373
17 974 rs9284376 45102413 1 -0.003875245517197 45066365 45166126 99761
17 960 rs11650810 43827534 3 -0.00386650209846382 43827534 43836477 8943
17 175 rs956101 6286526 1 0.00379024684989223 6286526 6286526 0
17 1660 rs2240773 74710783 1 -0.0037615935887339 74696446 74710783 14337
17 525 rs7208747 15309204 1 0.00375256719635461 15309204 15309204 0
17 1128 rs9303363 53137974 2 -0.00374196260441031 53076799 53160946 84147
17 1293 rs9904013 62311239 2 0.00373456684683586 62270785 62354992 84207
17 790 rs141724302 34192351 4 -0.00373456166311082 34139218 34236170 96952
17 657 rs1050565 28576076 6 0.00364205118143962 28574177 28651363 77186
17 713 rs7209298 31852949 2 -0.00361553757242103 31851717 31854060 2343
17 534 rs4792630 15510011 1 -0.00361017070237602 15510011 15510011 0
17 1489 rs8067062 69975197 1 -0.00359633933865142 69975197 70004689 29492
17 1701 rs10451228 75684250 3 0.0035710168471854 75673150 75684250 11100
17 1759 rs7223911 77232086 1 0.00356283193134152 77232086 77234671 2585
17 158 rs1558883 5817733 2 0.00352126453409965 5817733 5819714 1981
17 288 rs10521157 9336370 2 -0.00349124310083585 9336370 9341744 5374
17 1084 rs12603672 51115243 1 0.00348000609902494 51115243 51115243 0
17 1534 rs2131606 71059408 3 0.00347630989756691 71052880 71062115 9235
17 136 rs7213832 5271804 5 0.00346642418604599 5193813 5271804 77991
17 869 rs142165420 38956007 2 -0.00345536315659406 38955173 38978462 23289
17 1825 rs9894429 79596811 1 0.0034303175383068 79579230 79612633 33403
17 258 rs2101939 8620648 1 0.00338437425513084 8613462 8628684 15222
17 1353 rs2024321 64616608 1 -0.00335959631271947 64607394 64616608 9214
17 1194 rs888115 55661470 1 -0.00335104823595052 55661470 55661470 0
17 367 rs2969184 11344615 2 0.00333072791765405 11344615 11346125 1510
17 229 rs9903543 7675729 2 -0.00331053372305321 7669761 7675729 5968
17 1219 rs7211774 56257984 1 -0.00330727587930525 56252489 56257984 5495
17 1176 rs227718 54780491 1 0.00330012257457767 54780491 54780491 0
17 314 rs16959243 9928077 1 0.00328702749645503 9928077 9928077 0
17 1092 rs8064753 51451845 1 -0.00328042393607288 51444767 51457742 12975
17 426 rs9909179 13044303 2 0.00327678385352705 13044303 13047713 3410
17 1317 rs4790945 63371880 1 0.00324325733421147 63371880 63371880 0
17 849 rs931992 37821435 5 0.00319804291681412 37773264 37826249 52985
17 1103 rs2940660 51738066 2 -0.00319585883277536 51717589 51738066 20477
17 637 rs61749867 26861877 2 -0.00318036057915876 26856261 26861877 5616
17 653 rs10853136 28406018 1 -0.00314177545040636 28268817 28410324 141507
17 872 rs1468260 39052931 1 0.00309630379487714 39052897 39052931 34
17 1186 rs868728 55403922 1 0.00306466084155401 55396497 55403922 7425
17 716 rs1369112 31931592 2 0.00305967582299683 31931592 31938138 6546
17 449 rs8068338 13582848 3 -0.00305432130011529 13582848 13604037 21189
17 1742 rs1384364 76852828 1 0.00302826323098567 76852828 76852828 0
17 1529 rs720959 70924681 1 -0.00302223755313318 70924681 70924851 170
17 130 rs11657827 5008957 2 -0.00301556262632635 5005311 5008957 3646
17 1111 rs8081526 52199093 1 -0.00300463982768246 52140367 52199093 58726
17 1481 rs9893864 69640574 2 0.00294587237421528 69626669 69640574 13905
17 687 rs7210010 30905457 2 0.00292665366951662 30905457 30905457 0
17 1112 rs9897174 52256225 1 -0.00289375501324351 52256225 52267366 11141
17 1479 rs9302937 69489575 1 -0.00288805571116127 69489575 69493863 4288
17 0 rs4617924 114669 1 0.00288433048201676 114669 114669 0
17 1014 rs2671666 47536521 1 -0.00287179757878654 47536521 47536521 0
17 489 rs2109174 14513310 2 -0.00287086072641063 14513310 14514409 1099
17 1686 rs4789448 75341774 2 0.00281972992845322 75341404 75341774 370
17 1848 rs6502026 80921029 1 0.00279983553890577 80921029 80921154 125
17 1030 rs8068961 48403826 1 0.00277223788268325 48403826 48403826 0
17 651 rs894606 27909352 3 -0.0027699596468619 27909352 27917771 8419
17 1608 rs9910083 72569644 3 0.00274404809904982 72563060 72569644 6584
17 623 rs2779248 26127832 1 0.00272124814067956 26127832 26127832 0
17 876 rs238824 39346518 5 0.00267900316823972 39333431 39346518 13087
17 1369 rs8074407 65196367 2 0.00264372524946577 65070304 65196367 126063
17 1504 rs7222185 70385567 1 0.00263209206388524 70382918 70388518 5600
17 1836 rs9911222 80473077 2 0.00263203786106253 80473077 80509676 36599
17 129 rs17765422 4986481 2 0.00262190484150791 4986481 5000130 13649
17 1502 rs1008621 70362731 2 0.00259356524969634 70362731 70368561 5830
17 289 rs9906854 9349730 2 0.00259182334782561 9349730 9354504 4774
17 1134 rs4239191 53331344 1 0.00254286912799286 53331344 53331344 0
17 1006 rs6504595 47187056 2 0.00253071727456793 47187056 47210506 23450
17 1586 rs12603953 72096784 1 -0.0025181521355079 72096784 72096784 0
17 461 rs12451418 13793253 4 0.00250733512560986 13790382 13801498 11116
17 1567 rs2683154 71748011 2 0.00250557103036085 71748011 71749898 1887
17 242 rs7215658 8010164 1 -0.0025019556929368 8010164 8010164 0
17 1232 rs9893761 57421666 1 -0.00249155370774267 57421666 57422568 902
17 861 rs2290207 38640744 1 0.00247889889003958 38640744 38640744 0
17 123 rs35400274 4803711 2 0.00247243868997161 4797305 4813365 16060
17 1250 rs4968563 59524473 3 -0.00246962313524573 59521310 59524473 3163
17 1668 rs16969506 74914941 1 0.00246657406908132 74913937 74916307 2370
17 172 rs9894371 6212579 4 0.00246151774035366 6209153 6248108 38955
17 1455 rs2367005 68666455 1 0.00245742996868612 68666455 68666455 0
17 581 rs1563632 18220770 2 0.00245576283437481 18167684 18256979 89295
17 636 rs2071587 26851602 1 -0.00245490648329355 26851602 26851602 0
17 141 rs9901132 5396697 5 -0.00245367745057965 5366947 5404270 37323
17 147 rs9893797 5578857 1 -0.00243808510779765 5576885 5580587 3702
17 48 rs4239070 1917610 1 -0.00242852016756151 1902888 1917610 14722
17 453 rs12601543 13665377 1 0.0024177602171177 13665377 13671900 6523
17 259 rs2288156 8644854 3 0.00240368868984899 8644854 8648103 3249
17 209 rs1470316 7050199 1 -0.00235717650474146 7050199 7050199 0
17 1553 rs1872076 71488139 1 -0.00235071141614096 71488139 71494247 6108
17 684 rs11656631 30841962 1 0.00234990465895693 30841962 30841962 0
17 1289 rs735621 62060718 2 -0.00233307051261581 62060718 62060718 0
17 669 rs8075175 29916644 1 -0.00232570284729279 29916644 29916644 0
17 1833 rs9890432 80385620 1 -0.00230722689297304 80384338 80385620 1282
17 1625 rs8073890 73256533 1 0.00228490895520569 73242935 73257986 15051
17 720 rs4474738 32028162 2 0.0022770518259521 32028162 32028737 575
17 919 rs72836561 41926126 1 0.00227208641779264 41926126 41939212 13086
17 1033 rs2125902 48536047 1 -0.00225799719727842 48521203 48536047 14844
17 59 rs9898838 2428703 1 0.00224884838205154 2414208 2430126 15918
17 243 rs3027209 8014416 1 0.0022066603528766 8014416 8014416 0
17 1123 rs17745049 52935126 1 -0.00219618045932645 52935126 52935126 0
17 21 rs11654885 896190 1 0.00219475702429806 896190 896190 0
17 1819 rs4613097 79170578 2 0.00219295722791851 79165972 79170578 4606
17 1764 rs4789996 77283230 3 -0.00218926765965354 77283230 77289304 6074
17 335 rs117790102 10415269 2 0.00218743742273335 10374565 10415269 40704
17 451 rs7208104 13640730 1 0.00214534264859514 13640730 13640730 0
17 1193 rs1974692 55653436 1 0.00212694148617691 55653436 55653436 0
17 878 rs117612447 39551099 1 0.00212590729230908 39512793 39551099 38306
17 917 rs1230395 41842937 4 0.00210853419420144 41842937 41861684 18747
17 357 rs4791455 11158773 1 -0.00210540965814909 11158773 11158773 0
17 1485 rs2529379 69811571 2 0.00209890245108075 69811571 69842086 30515
17 1462 rs10512556 68937594 2 -0.00207826106892441 68937594 68956061 18467
17 1291 rs2270524 62174960 3 0.00207140779466778 62168609 62174960 6351
17 285 rs8071380 9245232 1 -0.00206802650522084 9245232 9245232 0
17 993 rs16955073 46381746 2 0.00206455827599823 46343119 46445993 102874
17 287 rs8073431 9306170 1 -0.00205649391523902 9304299 9306170 1871
17 1747 rs8074370 76957331 1 -0.00204296019494469 76957331 76957331 0
17 47 rs4790859 1897820 2 -0.00202319916893583 1897820 1897820 0
17 816 rs853214 35860964 6 -0.00200521356845279 35771468 35870833 99365
17 22 rs2120233 947233 1 0.00199598122856869 947233 948149 916
17 311 rs3826528 9885606 1 -0.00196943443550433 9885606 9885606 0
17 535 rs7213827 15558557 1 0.00195335735331809 15558557 15562320 3763
17 320 rs12150284 10031090 1 -0.00194791801983828 10031090 10031090 0
17 1222 rs12944679 56372280 1 -0.0019288216953703 56360837 56378067 17230
17 745 rs4795893 32574448 1 0.00192341588455138 32570036 32593974 23938
17 1290 rs17688326 62109123 2 0.0019136024803755 62109123 62109123 0
17 743 rs887072 32532674 1 0.00190980857278601 32529280 32532674 3394
17 1102 rs1508966 51703484 2 0.00190366937605362 51702060 51708401 6341
17 1730 rs671972 76506975 1 -0.00190234040611458 76505908 76507966 2058
17 911 rs556105 41709473 2 0.00189217239221841 41709473 41713678 4205
17 1288 rs3760239 62050513 2 -0.00186874955835285 62048467 62050528 2061
17 571 rs9890064 17538008 1 -0.00186259360938388 17515891 17538008 22117
17 823 rs2459575 36245768 2 0.00185936754373336 36245768 36249430 3662
17 503 rs9303121 14892744 1 -0.00185813535555793 14889238 14897097 7859
17 1135 rs3829578 53381510 2 0.00185511566283195 53371047 53381510 10463
17 893 rs35118457 40263400 2 0.00185345763239395 40257055 40263458 6403
17 1736 rs4796808 76613675 1 0.00182111432187444 76613675 76613675 0
17 694 rs28943 31336258 1 -0.00180933360311532 31336258 31336980 722
17 358 rs758433 11179153 1 0.00179755325054229 11179153 11179153 0
17 352 rs4792077 10899825 1 0.00179466570737022 10899825 10899825 0
17 1821 rs7216728 79247798 1 0.00173748839191129 79226362 79247798 21436
17 926 rs2631299 42219773 1 0.00172350070750613 42219773 42225547 5774
17 514 rs9906227 15075605 3 0.00170912307777191 15072451 15075605 3154
17 965 rs3785883 44054433 3 0.00170117593629624 44054433 44076665 22232
17 1850 rs12943585 80940787 1 -0.0016854734998692 80935612 80943893 8281
17 188 rs28493751 6441376 1 0.00167062566339479 6441376 6443244 1868
17 1346 rs7225452 64380274 3 0.00165642569204152 64380274 64400808 20534
17 1179 rs11651374 55094289 2 -0.00165100077246839 55094289 55094289 0
17 852 rs4794820 38089344 2 -0.00165001513333522 38069949 38089344 19395
17 589 rs2440154 19444987 2 0.00164707072611643 19444987 19447016 2029
17 61 rs3785957 2561169 1 -0.00163110614643488 2535867 2561169 25302
17 1491 rs9894442 70045179 1 0.00162368651257833 70045179 70045179 0
17 984 rs7502875 45823227 1 0.00160561194381053 45808828 45847230 38402
17 1330 rs7224441 63747678 1 -0.00159223268890999 63747678 63748853 1175
17 504 rs8075436 14911566 3 0.00158144157975779 14909479 14911566 2087
17 1340 rs8079985 64237143 4 -0.00158112363611488 64236941 64244070 7129
17 95 rs178323 3637953 2 -0.00157070470900651 3637953 3641316 3363
17 1221 rs56378716 56356502 1 -0.00155487902953413 56356502 56357818 1316
17 155 rs1420999 5756338 2 -0.0015468598480714 5756338 5759090 2752
17 1155 rs9898558 53993882 1 0.00153985048055428 53983492 53993882 10390
17 1646 rs61744818 74163759 2 0.00153464273504628 74158801 74166869 8068
17 266 rs726679 8811678 2 0.00153216572987678 8811678 8811678 0
17 1827 rs4789753 80092131 1 0.00152865933924181 80086389 80109806 23417
17 77 rs4300683 2995572 2 -0.00151137276045506 2995572 3019790 24218
17 1717 rs2854704 76175824 1 0.00150957137786267 76172167 76176167 4000
17 482 rs16949556 14344249 2 0.00150458964940813 14342334 14344458 2124
17 722 rs8081560 32052997 3 0.00150393074630404 32052655 32060709 8054
17 881 rs12948056 39620399 2 -0.00149541178785964 39620262 39620399 137
17 1629 rs8064529 73519413 2 0.00148730411872131 73519413 73539631 20218
17 57 rs7215857 2341350 1 -0.00148618143507395 2336370 2341350 4980
17 1304 rs299821 63131749 1 -0.00147628328808339 63128261 63143298 15037
17 1332 rs2873820 63859521 1 0.00147470541791006 63856501 63860895 4394
17 1635 rs820206 73641714 3 -0.00146699697554336 73641714 73704333 62619
17 1372 rs12939848 65370808 2 0.00146624105304779 65343997 65370808 26811
17 139 rs1050390 5336058 1 -0.00146371000231284 5336058 5338281 2223
17 450 rs9908002 13608997 2 0.00145437021214368 13608997 13624269 15272
17 1520 rs2713960 70708074 2 0.00142270385375866 70708074 70708501 427
17 1064 rs7207398 49812048 2 0.00141438096897649 49803636 49812538 8902
17 1160 rs1431322 54186839 1 0.00141272568047769 54180943 54221679 40736
17 1313 rs9908306 63284466 1 0.0014120119875437 63273384 63288648 15264
17 1704 rs7405639 75765605 1 0.00141102969890215 75765605 75765605 0
17 128 rs4790738 4974992 1 -0.0014025329887981 4971655 4980381 8726
17 1456 rs2041265 68684282 1 0.00140147042806035 68672312 68684942 12630
17 125 rs238238 4856376 1 0.0013997713868252 4839930 4856580 16650
17 1206 rs2586094 55880661 2 0.00139920788247569 55880661 55880852 191
17 506 rs6502412 14921926 1 0.00138237417486961 14920997 14921926 929
17 1703 rs12601357 75730125 1 -0.00138225133113039 75730125 75738914 8789
17 298 rs2272033 9680451 1 0.00137511121195448 9680451 9680451 0
17 1162 rs10491199 54304056 1 0.00137216465626056 54304056 54305657 1601
17 1032 rs12450550 48456193 4 0.00135881793740122 48433958 48484270 50312
17 1012 rs1343795 47412242 4 -0.00135717786008029 47367536 47448172 80636
17 1599 rs2252124 72404215 1 -0.00134642698300989 72398336 72416297 17961
17 672 rs315499 30021321 1 0.00134093609710558 30021321 30021321 0
17 223 rs4968213 7474277 1 -0.00133683144482758 7462555 7474277 11722
17 177 rs8073152 6305509 1 0.0013317402199036 6301562 6305509 3947
17 685 rs225188 30878170 2 -0.00132203216543748 30873862 30878170 4308
17 831 rs2879097 36889559 1 -0.0013066154483652 36889559 36890949 1390
17 956 rs11012 43513441 1 -0.00129026318960428 43497210 43513441 16231
17 1448 rs17715938 68315648 3 -0.00128897690079318 68306837 68326338 19501
17 1148 rs9900492 53741073 1 -0.00128887381872874 53741073 53741073 0
17 103 rs78806449 3981290 3 -0.00128428721294292 3978268 4008820 30552
17 1054 rs758522 49476601 1 -0.00128419085918625 49459043 49476601 17558
17 1109 rs12938655 52097411 1 -0.00127540592734679 52097411 52097411 0
17 99 rs9914305 3781764 1 -0.00127322719416485 3781764 3781931 167
17 1366 rs713572 64991061 1 0.00126942425561792 64991061 64991061 0
17 463 rs12943477 13815860 1 0.00126555790588667 13815860 13815860 0
17 122 rs8072531 4752260 2 -0.00126455541660829 4752260 4778487 26227
17 1828 rs61738919 80280054 1 0.00125283710054876 80280054 80280054 0
17 1839 rs8068482 80608149 1 0.00124316933256655 80608149 80608149 0
17 1321 rs4541111 63534538 2 -0.00124247967564435 63531331 63534538 3207
17 882 rs9303309 39638907 2 0.00123233273243914 39625032 39646021 20989
17 1593 rs3186520 72257713 2 -0.00122321427637635 72248482 72257713 9231
17 1815 rs7225916 78992409 1 -0.00122290993457918 78992409 78992409 0
17 1306 rs4791227 63178272 1 -0.00122063704617827 63178272 63178272 0
17 502 rs4792560 14854206 4 0.00122009615618208 14853048 14854669 1621
17 183 rs867870 6361788 1 0.00121823468043646 6361788 6362387 599
17 985 rs17774272 45910616 2 -0.0012165075581245 45885687 45917605 31918
17 1227 rs2007993 56590643 3 0.00120483042883634 56514458 56643109 128651
17 1055 rs7211270 49515133 1 -0.00119002616528093 49494809 49515133 20324
17 1308 rs954495 63205030 2 0.00118796350033455 63205030 63226943 21913
17 421 rs2302069 12914024 2 -0.00117746871802525 12899902 12915009 15107
17 513 rs2191115 15026756 1 -0.00117442911612644 15026756 15028005 1249
17 1536 rs11077665 71135770 1 0.00117142610222903 71132676 71135882 3206
17 970 rs111769 44871987 1 -0.00116911197858944 44871987 44871987 0
17 1804 rs7217223 78645663 1 0.00115952178785463 78640822 78670328 29506
17 624 rs964947 26186886 2 0.00115592678225384 26134974 26186886 51912
17 1312 rs16961934 63249599 1 0.0011521833660968 63249599 63250334 735
17 1461 rs8067887 68933985 3 -0.00114279766636166 68912003 68934347 22344
17 1707 rs16970576 75825749 1 -0.00113490591601535 75824095 75830123 6028
17 642 rs8075200 27346554 1 0.00113185310798383 27344104 27351097 6993
17 1617 rs1542752 72938100 2 0.00112721889253468 72937851 72940481 2630
17 152 rs1008588 5711950 1 -0.00112630278774107 5702637 5718481 15844
17 1430 rs7209518 67580175 1 0.00112577676114064 67580175 67591596 11421
17 540 rs9891379 15976558 2 -0.00112520643585226 15914986 15976558 61572
17 62 rs7212318 2629170 1 -0.0011216946694504 2629170 2629170 0
17 1284 rs2584624 61904546 1 0.00112163377563381 61710010 61908556 198546
17 1463 rs17177255 68972281 1 -0.00111885124734975 68972281 68972281 0
17 1003 rs12941604 47007013 2 -0.00110391420456595 46918204 47007963 89759
17 1419 rs4968844 67147037 2 -0.00110228340075274 67147037 67212574 65537
17 723 rs4144698 32068973 3 -0.00109765085465034 32068973 32075015 6042
17 1651 rs3803739 74387284 1 -0.00109374402201645 74387284 74393681 6397
17 174 rs7212484 6277658 1 -0.00109284576331873 6269586 6277658 8072
17 1446 rs10512538 68237670 2 -0.00108128909777526 68235645 68237670 2025
17 1338 rs8178869 64206723 2 0.00107516882685424 64198640 64207129 8489
17 1300 rs7218921 63068976 1 0.00107280973992257 63068976 63068976 0
17 913 rs2063680 41764995 1 -0.00106460541755202 41753789 41767975 14186
17 806 rs295869 35147345 3 -0.00106148861046531 35140439 35147345 6906
17 835 rs923370 37010150 2 0.0010582212823855 36997461 37010150 12689
17 186 rs9916344 6398213 1 0.00105680408023286 6398213 6406883 8670
17 1715 rs11651675 76134237 1 -0.00104782048388298 76134237 76134237 0
17 284 rs8076161 9207453 1 -0.00104489463839322 9206741 9207453 712
17 1145 rs4239198 53623023 1 0.00103555330122246 53621492 53644346 22854
17 1296 rs1140409 62496670 1 -0.00103098143345292 62496670 62617313 120643
17 744 rs6505400 32556614 2 -0.00102932562771413 32551514 32556614 5100
17 1718 rs12450989 76188753 2 0.00102771937594073 76179530 76188753 9223
17 573 rs11654526 17617309 1 -0.00102308525374957 17612023 17619859 7836
17 631 rs241771 26592946 1 0.00101864622391965 26592946 26592946 0
17 712 rs9891235 31836993 1 -0.00101479738316904 31836993 31836993 0
17 1398 rs2909207 66439605 2 0.00101289528855015 66436066 66449122 13056
17 1464 rs1005316 68990369 1 -0.00100344868925895 68990369 68990369 0
17 1178 rs4793832 54885087 3 -0.00100060018125689 54858402 54885087 26685
17 1499 rs718400 70311511 1 -9.993334167225831e-4 70311511 70311511 0
17 727 rs402601 32182391 1 -9.97004158113105e-4 32182391 32182391 0
17 3 rs8069166 293138 1 9.893729969053695e-4 293138 293138 0
17 1005 rs8073244 47115038 1 -9.76113051178129e-4 47084711 47125982 41271
17 1484 rs713122 69768587 1 9.673985668923784e-4 69768587 69768587 0
17 392 rs12453677 12191351 1 -9.61547407838168e-4 12187236 12191351 4115
17 1560 rs4789240 71638526 1 -9.264188384249352e-4 71622669 71638526 15857
17 786 rs8068906 33840265 1 -9.188615757485136e-4 33827134 33846604 19470
17 1075 rs967823 50317276 2 -9.187341587267388e-4 50317276 50321347 4071
17 622 rs3794764 26111428 2 9.181129350167908e-4 26106675 26121921 15246
17 1735 rs6501232 76608673 1 9.114152441512414e-4 76608673 76608673 0
17 244 rs2304911 8050979 2 -9.020521157252718e-4 8047081 8050979 3898
17 907 rs4986850 41245471 1 -8.972028673273723e-4 41188342 41245471 57129
17 277 rs12602314 9089063 1 8.966558716744812e-4 9083672 9089063 5391
17 776 rs1055636 33594320 1 -8.931508792047515e-4 33592591 33594320 1729
17 769 rs931196 33288882 3 8.881115954761574e-4 33189401 33288882 99481
17 1558 rs790088 71588183 1 -8.86305388946695e-4 71588183 71588183 0
17 856 rs868150 38213359 2 8.817088617911098e-4 38186106 38215948 29842
17 498 rs12946291 14738476 2 8.792300507022069e-4 14731203 14739547 8344
17 1380 rs2952454 65599398 2 -8.633278483346774e-4 65599398 65599398 0
17 1417 rs7223763 66982991 3 -8.591867390925486e-4 66982991 66988666 5675
17 346 rs4792047 10759576 1 -8.491141523659894e-4 10758574 10781802 23228
17 360 rs1008360 11209792 1 8.46431661375635e-4 11200942 11209792 8850
17 815 rs2898659 35531996 1 8.394361509441322e-4 35456279 35543678 87399
17 1760 rs12051618 77243063 1 8.352048601471517e-4 77243063 77243063 0
17 419 rs11078103 12870243 2 8.235749772000127e-4 12864342 12874227 9885
17 1587 rs7501620 72134892 1 -8.205541920985026e-4 72132949 72134892 1943
17 706 rs1394391 31705414 1 8.114989585528536e-4 31702422 31705414 2992
17 930 rs2011951 42398052 2 8.0271502623231e-4 42393999 42423665 29666
17 709 rs1553497 31756983 1 7.96692032898888e-4 31756983 31776699 19716
17 749 rs159263 32720611 1 7.965950860313712e-4 32706889 32720611 13722
17 1795 rs117918077 78176044 4 -7.90407447508384e-4 78176044 78184679 8635
17 584 rs8066636 18761109 3 7.90315271312006e-4 18753870 18821825 67955
17 1202 rs9789054 55820940 1 -7.879724129507621e-4 55817413 55820940 3527
17 1031 rs72832454 48433306 1 -7.851422630697873e-4 48430694 48433306 2612
17 1592 rs35682745 72240168 1 7.811102181184518e-4 72240168 72240168 0
17 947 rs4986172 43216281 2 -7.761160310629446e-4 43208626 43216472 7846
17 1420 rs17686569 67290840 2 -7.730516602584805e-4 67256162 67290840 34678
17 1190 rs12951291 55503422 1 -7.619156304651663e-4 55503422 55503422 0
17 386 rs12452927 11871574 2 -7.609076143303044e-4 11854302 11884516 30214
17 944 rs2239921 43170907 2 -7.536564424177295e-4 43151400 43183028 31628
17 1341 rs8073418 64247672 3 -7.397575640623395e-4 64247672 64249497 1825
17 829 rs11079059 36813346 2 7.314704020148113e-4 36813346 36813346 0
17 304 rs2293100 9760716 5 -7.260980926018722e-4 9760716 9768866 8150
17 512 rs8067758 15008718 1 7.175785043420176e-4 15003457 15010250 6793
17 1687 rs388090 75379439 1 -7.114912308209691e-4 75370468 75388004 17536
17 368 rs17773333 11387425 3 -7.032885827788757e-4 11366905 11389480 22575
17 25 rs7217439 1009156 1 -7.008321585556321e-4 1007540 1009156 1616
17 1653 rs3744050 74557976 1 6.961919595175898e-4 74557976 74557976 0
17 1720 rs1109278 76248229 2 6.944594491469728e-4 76248229 76248229 0
17 889 rs11079016 39976024 4 6.901384518879249e-4 39966168 39976024 9856
17 812 rs7218928 35263956 1 6.896094526576603e-4 35263956 35263956 0
17 1571 rs8070752 71797557 2 6.879971502460237e-4 71797557 71812516 14959
17 1671 rs8067984 74942478 3 -6.825445933290396e-4 74942478 74942809 331
17 557 rs7223686 16960911 1 6.821470073012101e-4 16960911 17027255 66344
17 1197 rs4793885 55728224 1 6.78407194585406e-4 55728224 55728224 0
17 283 rs1558214 9193945 1 -6.763097064129266e-4 9193945 9193945 0
17 232 rs11078711 7777214 2 6.658898372397264e-4 7734114 7784295 50181
17 1273 rs1476811 60919308 1 6.640967253578739e-4 60917159 60928354 11195
17 950 rs1989229 43312893 1 -6.63968942914171e-4 43312893 43312893 0
17 91 rs55916885 3495391 1 6.626121575947693e-4 3495391 3500510 5119
17 902 rs4792930 40805844 2 -6.574374744753962e-4 40716520 40805844 89324
17 901 rs7220372 40656043 1 -6.425626625648756e-4 40582296 40672739 90443
17 154 rs2042005 5733558 1 6.405551461309571e-4 5733558 5733558 0
17 1835 rs12950178 80453933 1 6.405413501040339e-4 80453933 80456621 2688
17 1751 rs35035542 77044046 1 6.356038296089658e-4 77042718 77044046 1328
17 555 rs4792801 16845467 1 6.352198410191623e-4 16841924 16849139 7215
17 1108 rs4793764 52070999 1 -6.346733708408517e-4 52066854 52070999 4145
17 511 rs8077409 14985487 1 6.285271191412083e-4 14985487 14985487 0
17 533 rs8071082 15419589 1 6.269690668369466e-4 15412809 15421624 8815
17 1677 rs8082404 75085015 2 6.264922099320649e-4 75075664 75085015 9351
17 214 rs7503417 7283726 1 6.25784054379708e-4 7283144 7283726 582
17 1407 rs4368217 66727924 1 6.214038428498131e-4 66714282 66733138 18856
17 1495 rs741348 70171052 1 -6.207745682834591e-4 70171052 70171052 0
17 867 rs981684 38935812 1 -6.187444731548593e-4 38928014 38938316 10302
17 1647 rs10512605 74212382 3 -6.164653863948798e-4 74212382 74235205 22823
17 72 rs4790402 2885090 1 6.164298303232218e-4 2884545 2886642 2097
17 935 rs17544039 42693848 2 6.084821624025236e-4 42693848 42827673 133825
17 398 rs887486 12326416 2 6.062175751602621e-4 12325496 12330823 5327
17 1829 rs73999869 80285085 1 -6.052244560027641e-4 80285076 80285085 9
17 1280 rs4329 61563458 1 -6.016368739474612e-4 61563458 61573761 10303
17 1844 rs35653278 80789468 1 6.000874636855984e-4 80783009 80827903 44894
17 1063 rs1263970 49784791 1 -5.944416244160406e-4 49781822 49784791 2969
17 592 rs138462610 19578921 1 -5.94339196044385e-4 19545834 19581009 35175
17 1853 rs4986140 80989760 2 5.924220253191475e-4 80986540 80989760 3220
17 387 rs7218124 11906351 1 5.890075182856298e-4 11890465 12000632 110167
17 1119 rs1867293 52758537 1 -5.888629387628907e-4 52754374 52800604 46230
17 824 rs11870589 36573094 2 5.825708168784662e-4 36573094 36574646 1552
17 1001 rs508696 46862711 1 5.796416975991702e-4 46862711 46880931 18220
17 814 rs9892334 35307070 1 5.759362535165527e-4 35307070 35309848 2778
17 818 rs9906814 35994809 1 5.752977409054482e-4 35913589 36000607 87018
17 1680 rs11655883 75234757 1 5.7228545363485e-4 75234757 75234757 0
17 1809 rs2589158 78818603 1 5.660436117012799e-4 78811244 78820212 8968
17 1136 rs9903045 53405259 1 5.631875832611559e-4 53405259 53407119 1860
17 1354 rs11079662 64628388 1 -5.611964133383161e-4 64628388 64674568 46180
17 972 rs197925 45010721 1 -5.571716491501177e-4 45000997 45034021 33024
17 671 rs7213584 29998974 1 -5.495750111432539e-4 29987515 30000429 12914
17 1224 rs2072147 56395757 2 5.489192030227295e-4 56395757 56396609 852
17 1208 rs17762258 55903829 1 -5.415827514820271e-4 55901677 55908536 6859
17 239 rs72842957 7984479 1 5.408041827438656e-4 7984479 7984479 0
17 976 rs11655536 45315486 1 5.400752082577542e-4 45315486 45319912 4426
17 1460 rs1015657 68878487 1 5.306043016524495e-4 68878487 68878487 0
17 864 rs7223332 38824636 1 5.273369134926032e-4 38805268 38857446 52178
17 1725 rs111563325 76451830 1 5.22531574270283e-4 76451830 76451830 0
17 1834 rs9303029 80408815 1 5.209096544615855e-4 80408815 80421870 13055
17 640 rs1060247 27207453 1 -5.180953446764099e-4 27207453 27208589 1136
17 254 rs1566327 8419594 2 -5.077900003018871e-4 8419594 8435205 15611
17 1743 rs7342880 76874512 2 5.061062583295902e-4 76874512 76881703 7191
17 1214 rs11649864 56093061 2 -5.035424336171209e-4 56093061 56095742 2681
17 1068 rs9902460 49932014 2 5.011477106535966e-4 49931523 49932226 703
17 140 rs2074437 5347084 2 -4.949592009551321e-4 5346599 5355226 8627
17 1775 rs9915263 77672725 1 4.92900052314793e-4 77672725 77672725 0
17 1702 rs1529964 75706339 4 4.885194865554533e-4 75695351 75706339 10988
17 1051 rs7214942 49324752 1 -4.884797835381341e-4 49254449 49324752 70303
17 169 rs758384 6159379 1 4.8615471272505035e-4 6159379 6159379 0
17 1212 rs2585833 56024613 1 4.860368880024712e-4 56024613 56024613 0
17 1796 rs12937242 78268294 1 4.844969484581711e-4 78266759 78268294 1535
17 359 rs7210183 11181602 1 -4.8361367715810946e-4 11181602 11185387 3785
17 1496 rs4793407 70206349 1 4.8352189487329574e-4 70206349 70206349 0
17 845 rs12946701 37303198 1 4.829267427317682e-4 37303198 37303198 0
17 507 rs4791611 14940605 1 -4.816326816838456e-4 14939708 14940605 897
17 218 rs3853894 7370605 1 4.775843103056733e-4 7363088 7379650 16562
17 1640 rs113062332 73915803 2 4.7131198407238687e-4 73863929 73922941 59012
17 1469 rs4328484 69116230 1 -4.706161571964353e-4 69108753 69116230 7477
17 586 rs2472707 18917324 1 -4.6125024610960927e-4 18917324 18917324 0
17 1845 rs9747334 80840989 1 4.597237504836573e-4 80835111 80863857 28746
17 167 rs17201619 6114005 2 -4.573657227142111e-4 6114005 6135840 21835
17 998 rs16942475 46688371 1 4.535628175931078e-4 46683800 46688371 4571
17 1488 rs2015816 69938454 1 4.523860705284122e-4 69935864 69959015 23151
17 104 rs9904222 4056542 1 4.451389404604221e-4 4056542 4066223 9681
17 679 rs7210970 30262169 1 4.4227517282460755e-4 30262169 30262169 0
17 874 rs1859251 39096618 1 4.394959465838206e-4 39096618 39096618 0
17 399 rs7218628 12369339 1 -4.387468418060768e-4 12369339 12369339 0
17 332 rs8067532 10232311 1 -4.3816774801628335e-4 10228815 10235790 6975
17 909 rs2086247 41487103 2 -4.374395547283713e-4 41470683 41501295 30612
17 1146 rs1426748 53692959 1 4.370246508657258e-4 53686858 53720626 33768
17 440 rs7502538 13358465 1 -4.335373189144072e-4 13358465 13358465 0
17 791 rs9907295 34257313 1 4.328690355448957e-4 34252537 34261831 9294
17 192 rs9915706 6654919 1 4.2382036314239776e-4 6652789 6658969 6180
17 1236 rs1557814 57569247 4 4.236258560326687e-4 57560539 57599128 38589
17 1217 rs8071251 56232315 2 4.23280694451418e-4 56228003 56233499 5496
17 915 rs1877632 41799590 1 -4.231490007002865e-4 41780980 41799590 18610
17 1840 rs3751911 80615643 1 -4.201177586458658e-4 80613061 80624430 11369
17 1141 rs11653011 53519844 2 -4.1710243546320215e-4 53513821 53519844 6023
17 574 rs4925109 17661802 2 4.149328302343486e-4 17660347 17682484 22137
17 1645 rs2665969 74122209 1 4.140364991877931e-4 74122209 74122209 0
17 105 rs4573968 4147047 1 4.070020912989543e-4 4147047 4151820 4773
17 472 rs11078234 14110901 2 -4.019715523652902e-4 14110852 14110901 49
17 1184 rs8070947 55336268 1 4.019096320899538e-4 55336268 55336268 0
17 309 rs3786103 9859408 1 -3.9380800807947166e-4 9859408 9859408 0
17 746 rs17809012 32612444 1 3.922560710473553e-4 32601183 32617587 16404
17 891 rs4796751 40127537 3 -3.857915896590621e-4 40127537 40193709 66172
17 1814 rs1062935 78939857 2 -3.8439165390324e-4 78939857 78939857 0
17 1482 rs2430514 69676169 1 -3.833908663495469e-4 69676169 69676169 0
17 478 rs7215862 14282778 1 3.807697682300669e-4 14282778 14282778 0
17 568 rs9910747 17433959 1 3.774896355574739e-4 17433959 17446103 12144
17 310 rs3826529 9874145 1 -3.743708975807128e-4 9874145 9875205 1060
17 425 rs7214329 12984604 1 -3.715599005716094e-4 12982299 12985786 3487
17 576 rs4072739 17884660 1 -3.691769794638208e-4 17878159 17948475 70316
17 796 rs854672 34360838 1 -3.628225663999664e-4 34360838 34360838 0
17 1437 rs16974824 68017013 1 3.592606260822621e-4 68017013 68017013 0
17 703 rs7220735 31598363 1 3.5477993517226764e-4 31592879 31600299 7420
17 1425 rs2716227 67464569 1 -3.544158662533546e-4 67464569 67464569 0
17 1302 rs4790959 63105121 1 -3.505270216318219e-4 63105121 63109056 3935
17 635 rs11568466 26817537 1 -3.493496793286071e-4 26817537 26836445 18908
17 1590 rs7211140 72173910 1 3.427863445197959e-4 72173910 72173910 0
17 903 rs7359598 40897470 1 3.426967545273747e-4 40841070 40897470 56400
17 1541 rs9900652 71273999 1 3.360829473342468e-4 71272987 71273999 1012
17 395 rs2252 12241592 2 3.275502384718497e-4 12241592 12242902 1310
17 704 rs9915774 31623326 2 3.2664434785554966e-4 31623326 31623326 0
17 575 rs11649804 17696755 1 -3.2618329210191825e-4 17696755 17715101 18346
17 1416 rs3826430 66928434 1 -3.247835488653212e-4 66928434 66966274 37840
17 1474 rs17825286 69336174 1 3.243648834878567e-4 69336174 69340833 4659
17 1548 rs4969113 71361834 2 -3.230501345639347e-4 71360581 71361834 1253
17 537 rs2240593 15647723 1 -3.17515221013618e-4 15647723 15647723 0
17 1613 rs2305213 72769739 1 3.147165334768609e-4 72765215 72769739 4524
17 404 rs10491190 12423312 1 3.083350759697163e-4 12421992 12423312 1320
17 1094 rs7215341 51520986 1 -3.031666066611354e-4 51515820 51520986 5166
17 312 rs8069470 9901677 1 -3.002619199171527e-4 9901677 9901677 0
17 406 rs16946248 12473371 1 -2.991882796572681e-4 12471886 12473371 1485
17 1675 rs9890579 75020291 1 -2.9274912288750873e-4 75020291 75023388 3097
17 1037 rs739924 48631607 1 2.786968797633546e-4 48631607 48631607 0
17 54 rs2429909 2270284 1 2.690785664030089e-4 2262703 2270284 7581
17 364 rs16944600 11245099 1 -2.6791296488123847e-4 11245099 11245099 0
17 38 rs61735419 1551223 1 -2.6358785366774665e-4 1551223 1551223 0
17 681 rs9909295 30454720 1 -2.6244192574870483e-4 30454720 30454720 0
17 680 rs1557731 30321567 1 2.573779261940327e-4 30314504 30321567 7063
17 1106 rs2331798 51909152 5 -2.56756111158672e-4 51899649 51943847 44198
17 1614 rs10775365 72780491 1 2.5284018254610166e-4 72774175 72784932 10757
17 848 rs10491128 37551988 2 2.4957396739345127e-4 37409625 37597185 187560
17 1776 rs4313838 77698582 1 2.4801924610576607e-4 77698582 77698582 0
17 1271 rs1860339 60851264 1 -2.3724356897885296e-4 60842881 60851264 8383
17 51 rs1885987 2203025 2 2.359402786693748e-4 2116798 2203167 86369
17 840 rs9914342 37190141 2 -2.358066287991714e-4 37185764 37190141 4377
17 1487 rs12941303 69917820 1 2.3462434679352384e-4 69911582 69926109 14527
17 1432 rs12450634 67773308 4 -2.341956774691888e-4 67692362 67776178 83816
17 43 rs9913923 1703982 1 -2.341629397098599e-4 1703156 1727298 24142
17 495 rs16950369 14673774 2 -2.2763142006988155e-4 14653797 14673774 19977
17 249 rs6503099 8228300 1 2.247094536705978e-4 8222870 8235304 12434
17 1440 rs6501375 68096658 1 -2.1578427669625573e-4 68090207 68096658 6451
17 353 rs4791448 10925534 2 -2.1186390046259009e-4 10911522 10925534 14012
17 1007 rs16970025 47243622 1 2.1050388614871383e-4 47243622 47254911 11289
17 1719 rs2661694 76221008 2 -2.072652390645146e-4 76219591 76221008 1417
17 1244 rs8064681 59155210 1 2.0574576514036357e-4 59155210 59161646 6436
17 1201 rs2190759 55794699 1 2.0399074822455613e-4 55793478 55794699 1221
17 1107 rs1457354 52040994 2 2.0022116280651007e-4 52024499 52061153 36654
17 252 rs6503112 8298715 1 -1.814562460096068e-4 8298715 8298715 0
17 1503 rs4793289 70378730 2 -1.775075847445122e-4 70378730 70378730 0
17 1508 rs17246777 70485581 1 1.753322878655839e-4 70481653 70491063 9410
17 230 rs9905906 7685748 1 1.7056068403055742e-4 7685748 7685748 0
17 1307 rs8077696 63192561 1 1.6987090618745168e-4 63192561 63197920 5359
17 725 rs1490925 32121735 2 -1.6824841552807735e-4 32113903 32140803 26900
17 1605 rs783250 72523259 3 1.6764641607770162e-4 72523259 72527718 4459
17 1118 rs1025905 52704312 1 1.6688463579306531e-4 52704312 52734531 30219
17 1450 rs11658767 68451507 1 1.65193027917291e-4 68451507 68506682 55175
17 1189 rs11868362 55498236 1 1.6138433217850198e-4 55491249 55498236 6987
17 1777 rs61758361 77768696 1 -1.5977950192270135e-4 77768696 77768696 0
17 618 rs7222355 25854188 1 1.584659516597753e-4 25843643 25869033 25390
17 1656 rs8073763 74621298 1 1.570135258906464e-4 74621298 74622774 1476
17 569 rs2278952 17485584 1 -1.5471390590678194e-4 17456746 17492060 35314
17 1327 rs232110 63678835 1 -1.52165418924606e-4 63674713 63695573 20860
17 131 rs9912347 5017772 1 -1.4706139371912778e-4 5017772 5019668 1896
17 1716 rs2292235 76160881 1 1.456890852547412e-4 76160881 76160881 0
17 477 rs11078241 14250136 2 1.454531468386286e-4 14250136 14250688 552
17 1729 rs6501225 76502615 1 -1.4124983753416575e-4 76502615 76504512 1897
17 1609 rs58253413 72588778 2 -1.4065381427576349e-4 72575183 72604717 29534
17 1831 rs79314916 80352300 1 1.4061274414963056e-4 80352300 80352300 0
17 1082 rs11870108 50987882 1 1.3798677893351696e-4 50971360 50987882 16522
17 226 rs8079273 7597478 1 -1.3660275251265022e-4 7592560 7597478 4918
17 1215 rs11079337 56162496 1 -1.3340719280665873e-4 56162496 56162496 0
17 1277 rs7213037 61227768 1 1.328163031443462e-4 61227768 61384439 156671
17 559 rs2294155 17150952 1 1.3263876241051555e-4 17124815 17194050 69235
17 1113 rs7220060 52308825 1 1.2831931211793404e-4 52303311 52313270 9959
17 797 rs11651881 34406906 1 1.2829909220127717e-4 34405314 34420079 14765
17 1028 rs12951961 48320568 1 -1.277058234122277e-4 48316872 48328413 11541
17 1539 rs1010442 71192955 2 -1.2488217776446525e-4 71188283 71232807 44524
17 678 rs9906443 30185565 2 1.2438322636307178e-4 30173964 30195841 21877
17 459 rs11078208 13771669 1 -1.2302288966782197e-4 13771669 13771669 0
17 991 rs7209072 46110469 2 1.1844087120908836e-4 46096276 46122270 25994
17 273 rs9893768 9002231 1 1.1805321485579983e-4 9001373 9010443 9070
17 490 rs2191194 14534400 1 -1.1591880397577958e-4 14529058 14535081 6023
17 462 rs16948721 13803737 1 -1.1279950306388352e-4 13803737 13803737 0
17 1494 rs4793400 70153805 1 1.1216878518413672e-4 70153805 70153805 0
17 1678 rs11869576 75101724 1 -1.0951129012379694e-4 75101724 75101724 0
17 1387 rs8077384 66163231 1 1.0821509669824892e-4 66163231 66170047 6816
17 481 rs2021844 14325684 1 -1.079045605476511e-4 14321452 14340686 19234
17 1077 rs4794340 50462226 1 -1.048224300297138e-4 50462226 50513234 51008
17 102 rs7207552 3896807 1 -1.0473400180224156e-4 3896807 3939632 42825
17 1768 rs868134 77371081 1 1.0146372190763484e-4 77369046 77371081 2035
17 1674 rs3848393 74990573 1 -1.0006514343697805e-4 74990573 74991611 1038
17 1808 rs2589133 78793476 1 9.397277860838412e-5 78792758 78795555 2797
17 1732 rs691336 76518426 1 9.143845048675428e-5 76518426 76525592 7166
17 1345 rs8078231 64337021 1 -9.02244026980088e-5 64337021 64337021 0
17 1267 rs4968613 60747979 2 8.501300150559523e-5 60741917 60749533 7616
17 1034 rs2290862 48557326 1 -8.384112404607917e-5 48557326 48572492 15166
17 875 rs7214364 39236678 1 -8.223331454334917e-5 39235235 39236968 1733
17 1447 rs11077488 68290082 1 -8.024088840898591e-5 68264545 68303286 38741
17 670 rs770497 29973322 1 -7.806564832921515e-5 29973322 29973322 0
17 153 rs7219822 5725518 2 -7.323252508832344e-5 5725518 5728909 3391
17 460 rs6502310 13784815 1 -7.244901965079654e-5 13780923 13784815 3892
17 291 rs9910604 9448879 1 7.172607324998264e-5 9445259 9448879 3620
17 1641 rs7218656 73956790 1 -7.161767980998485e-5 73956790 73969835 13045
17 279 rs12939263 9127010 1 -7.100536106373971e-5 9127010 9127010 0
17 1515 rs61736066 70645032 1 -6.944401581490003e-5 70645032 70645446 414
17 290 rs9895062 9370623 1 6.435043570576551e-5 9370623 9370623 0
17 1083 rs12600919 51035455 1 -5.5155150508690387e-5 51020706 51085295 64589
17 1570 rs9896656 71774648 1 -5.055361794446987e-5 71774648 71774648 0
17 92 rs150857 3526637 1 4.861378147494214e-5 3519715 3526637 6922
17 193 rs7215005 6668117 1 4.710827047330371e-5 6668117 6668117 0
17 10 rs3744741 649232 1 -4.608108286328646e-5 642928 653818 10890
17 1535 rs17836676 71118616 1 -4.4033710138854184e-5 71113564 71118616 5052
17 1310 rs8074052 63235960 1 -4.357457404948805e-5 63235960 63235960 0
17 695 rs16557 31367269 1 -4.334708069824128e-5 31350133 31367269 17136
17 240 rs3027301 7989008 1 -4.075768624717961e-5 7987516 7989008 1492
17 1583 rs7501484 72041498 1 4.0024787880584256e-5 72040872 72042737 1865
17 84 rs9303174 3342002 1 3.870309552384268e-5 3342002 3378876 36874
17 1245 rs917571 59255231 1 3.332867778854625e-5 59239221 59277614 38393
17 434 rs3914578 13142392 2 -3.1921517945505124e-5 13142392 13143819 1427
17 699 rs7224279 31450715 1 3.1182295105333176e-5 31450715 31454867 4152
17 269 rs7219148 8905016 1 2.9401449794978948e-5 8905016 8905016 0
17 194 rs4796556 6691017 1 2.9300439311121783e-5 6683684 6693495 9811
17 1517 rs4530179 70676790 1 -2.6190269171332567e-5 70676790 70676790 0
17 522 rs7217869 15277733 1 2.5691051356890496e-5 15272073 15277733 5660
17 541 rs178791 16127206 1 -2.350521539715643e-5 16097430 16133044 35614
17 957 rs393152 43719143 1 -2.2922412506534317e-5 43714850 43719143 4293
17 1568 rs2619962 71769369 1 2.198719252129395e-5 71766157 71769369 3212
17 667 rs2074152 29857264 1 -2.1615628503008405e-5 29857264 29862999 5735
17 613 rs17703271 25571166 3 2.041267708461264e-5 25568707 25571166 2459
17 773 rs2046237 33486191 2 -1.9334973202610325e-5 33473667 33503341 29674
17 732 rs3901359 32302403 1 -1.8464705057522224e-5 32302403 32304300 1897
17 60 rs4790344 2455523 2 -1.610460841500942e-5 2455523 2455523 0
17 1171 rs9915822 54666735 1 1.5355886438460162e-5 54666735 54666735 0
17 1632 rs820242 73586358 1 -1.5189285339611392e-5 73586358 73586764 406
17 34 rs17761155 1433913 1 1.1552688800449289e-5 1433913 1459155 25242
17 1648 rs73350377 74273299 1 1.078757894978204e-5 74267749 74273299 5550
17 1298 rs11652805 62987151 1 -7.437180929832052e-6 62987151 62987151 0
17 1248 rs1990292 59444758 1 -7.4291853373032975e-6 59444758 59444758 0
17 987 rs11654010 45960865 1 -7.409685079432524e-6 45960865 45985414 24549
17 1615 rs689730 72851133 1 6.6815308807939465e-6 72834585 72851133 16548
17 1182 rs8066842 55264833 1 -5.211652076975571e-6 55264833 55264833 0
17 781 rs9889442 33739949 1 -5.046549039569595e-6 33739949 33739949 0
17 630 rs241783 26567055 2 -9.886248823621612e-7 26567055 26567055 0
