CHR Group SNP.lead BP.lead Size W BP.min BP.max BP.width
19 289 rs3745516 50926742 3 0.21584388569788315 50855935 50926742 70807
19 96 rs2304256 10475652 14 0.0925478097641856 10394792 10608064 213272
19 135 rs8109466 17207011 2 0.05000556842406249 17148156 17212992 64836
19 304 rs273634 51718837 5 0.04614947953039988 51676299 51769145 92846
19 232 rs61750953 41306650 3 0.04222660794666583 41175149 41324684 149535
19 39 rs243335 4402017 5 0.041347182347830753 4353174 4511181 158007
19 193 rs7259371 33534641 11 0.0406200330983414 33532300 33680782 148482
19 97 rs1122608 11163601 8 0.03659400921503006 10668452 11170839 502387
19 122 rs116923487 15133803 6 0.03650660464540048 15131668 15174953 43285
19 311 rs7260152 52160305 6 0.0350918595316937 52155449 52204942 49493
19 129 rs12710303 16282131 7 0.03373624542314901 16282131 16352403 70272
19 211 rs11084813 35923858 4 0.03165953935387252 35868773 35936004 67231
19 14 rs10417628 2251817 1 0.03024838483416024 2113518 2251817 138299
19 342 rs17305311 54705641 2 0.02969506551905823 54705641 54749011 43370
19 150 rs892035 19758190 8 0.02924575552151787 19329924 19863014 533090
19 319 rs3745101 53085813 2 0.02902785754050467 53034598 53105547 70949
19 213 rs231228 36268771 9 0.02741204847257217 36113590 36324324 210734
19 252 rs4803766 45371168 6 0.02722334222593318 45366779 45414451 47672
19 146 rs885683 18244690 12 0.02655391930117907 18180236 18395537 215301
19 164 rs12985572 28769462 6 0.0264287441777819 28718660 28903629 184969
19 269 rs12461639 48172671 5 0.02569053859736841 48015572 48198675 183103
19 226 rs10407035 39913634 6 0.02467896720338432 39913558 40169328 255770
19 136 rs2305767 17294296 4 0.02439510064326673 17241649 17340400 98751
19 118 rs3885179 14827830 6 -0.02422429407285589 14737431 14854338 116907
19 54 rs778805 5832209 3 0.02224179626122726 5822490 5839746 17256
19 33 rs45465594 3813906 2 0.02192611948784289 3813906 3851344 37438
19 72 rs72558007 7762440 1 0.02137310911048183 7758339 7762440 4101
19 197 rs8112967 34117092 1 -0.02128921372136243 34069736 34117092 47356
19 114 rs888876 14416793 5 0.02111515781160432 14351574 14450812 99238
19 250 rs8108277 45205877 1 0.02092283464373114 45205877 45205877 0
19 381 rs1015224 58724380 5 -0.02023331978443426 58620068 58808709 188641
19 124 rs11085954 15594019 3 0.01991121758867161 15403778 15607508 203730
19 145 rs7259041 18123738 3 0.01958577772059524 18061509 18141996 80487
19 192 rs11668957 33408977 9 -0.01932585747542879 33181484 33468067 286583
19 382 rs1051500 58944402 7 0.01929780933664007 58830261 59069353 239092
19 176 rs8112788 30698693 3 -0.01897313615005383 30625513 30711242 85729
19 201 rs7256463 34366393 5 0.01896553733696182 34351775 34421191 69416
19 217 rs705507 38610721 7 0.01884431325485018 38478465 38717378 238913
19 184 rs56688754 31906847 13 0.018434928925118 31801130 31963015 161885
19 276 rs2665584 49084655 5 -0.01842926666727635 49046562 49084655 38093
19 204 rs8191371 34868776 3 0.01806385809303287 34833079 35003245 170166
19 195 rs17529948 33845598 10 0.01725276633348566 33791127 34000725 209598
19 151 rs10407807 20046102 3 -0.01698641268793286 19887578 20162695 275117
19 266 rs1862499 47549791 2 0.01677719948571061 47549791 47589895 40104
19 361 rs306481 56487603 5 0.01662725915803061 56426073 56501050 74977
19 220 rs888995 39156138 3 -0.01627647179574879 38996990 39367111 370121
19 210 rs2853332 35746706 5 0.01547568276756341 35710685 35794775 84090
19 230 rs4490099 40731491 6 0.01503775199556074 40731491 40952148 220657
19 355 rs897799 55872191 5 -0.01494883926308474 55819845 55879872 60027
19 218 rs8102476 38735613 7 -0.01490819367186202 38735613 38920382 184769
19 222 rs879689 39650830 5 0.01483447197579027 39551941 39710903 158962
19 236 rs1800472 41847860 1 0.01471204105519814 41847860 41944237 96377
19 35 rs7251928 4077096 3 0.01465368186484249 4007080 4077096 70016
19 20 rs61754927 2917509 8 0.0141889277641975 2900518 2933480 32962
19 338 rs10420331 54469068 1 0.01364783774556349 54469068 54486773 17705
19 86 rs61732905 9070264 11 0.01314222842811372 9026651 9101672 75021
19 245 rs16976937 44470147 4 0.01305318340827238 44286513 44495315 208802
19 17 rs4334421 2580057 2 0.01302541003940935 2580057 2601811 21754
19 215 rs753420 36643695 5 0.01270475901529177 36643695 36828217 184522
19 31 rs1985358 3729042 2 0.01241592375155279 3729042 3769049 40007
19 101 rs624899 11612498 2 0.01230014949380114 11612498 11651810 39312
19 214 rs62109744 36546015 2 0.01216339496032593 36442117 36590329 148212
19 370 rs10425564 57312980 5 0.01213932668238037 57198573 57344913 146340
19 181 rs10405541 31343577 3 0.01213286546601379 31283654 31370794 87140
19 156 rs10415147 21953645 5 -0.01166617599178215 21927706 22036167 108461
19 275 rs16981988 48821757 4 0.01158197037399074 48800751 48968312 167561
19 102 rs286300 11797308 8 0.01145244855958923 11687195 11842323 155128
19 296 rs2659122 51363026 3 0.01134377411310619 51361315 51374047 12732
19 233 rs11666982 41531368 3 0.01126024490298678 41393760 41537698 143938
19 149 rs539 19287802 4 -0.01123371047879714 19136541 19287802 151261
19 228 rs3944083 40301967 6 0.01121982793467036 40301967 40364280 62313
19 95 rs117064827 10334725 11 0.01110831715061119 10219076 10338676 119600
19 178 rs7247350 30884407 3 -0.01098379194317682 30880662 30949343 68681
19 155 rs11085403 21107489 11 0.01087323117820936 20925934 21783995 858061
19 297 rs2659079 51421491 4 0.01070986699026659 51391656 51446530 54874
19 106 rs11085824 13001547 7 -0.01066151488224649 12684559 13059147 374588
19 346 rs35336528 54968038 2 0.01001969057421035 54937469 55010819 73350
19 126 rs58046343 16023378 11 -0.00988751878158663 15784116 16072037 287921
19 375 rs10403926 57588298 3 0.00976468915468925 57582025 57649962 67937
19 368 rs4801177 57089050 3 0.00955569391861287 56949967 57126728 176761
19 170 rs4805397 29906514 1 -0.00954656032216578 29847162 29912414 65252
19 307 rs1820112 51930706 6 0.00945483340598671 51907788 51954858 47070
19 377 rs6510064 57855930 9 0.00929040586428169 57790613 57909872 119259
19 312 rs4802866 52299675 4 0.00927652950738364 52246157 52301571 55414
19 315 rs10424348 52702778 3 0.00924005234103271 52670905 52742366 71461
19 98 rs7251031 11266693 5 -0.00911318022637999 11222300 11276744 54444
19 179 rs77238711 31039669 1 0.00902929606819226 30987104 31057349 70245
19 318 rs9630874 52928039 3 0.009020893274564 52928039 52937339 9300
19 91 rs2303100 9968434 3 0.00886232290116602 9741123 10017135 276012
19 56 rs10409209 6145564 2 -0.00876705524566922 6033976 6187800 153824
19 277 rs16982241 49202859 5 0.00815502211945168 49098750 49252989 154239
19 11 rs4426464 1765297 2 -0.00815463286739425 1765297 1773999 8702
19 159 rs16999232 22797775 4 0.00812897913070517 22767819 22797775 29956
19 317 rs324125 52887282 2 0.00795275488514209 52859007 52887603 28596
19 251 rs3208856 45296806 3 0.00788835209302791 45296806 45333834 37028
19 85 rs10412487 8973217 7 0.00774687156450742 8921033 8987218 66185
19 3 rs8108922 691025 3 0.007600548939536 682010 691025 9015
19 75 rs652260 7900562 2 0.00752454728146773 7898541 7936208 37667
19 81 rs3764570 8528277 2 0.00751978325778826 8433196 8579011 145815
19 53 rs1129046 5654449 3 0.00733524413906702 5582535 5663920 81385
19 379 rs2375145 58401342 11 0.0073349345357484 58210808 58518534 307726
19 59 rs422981 6556778 3 0.00731131268921041 6520490 6556778 36288
19 191 rs259271 33157100 6 0.00726858280569766 33034189 33167837 133648
19 293 rs919276 51231068 2 0.00721750362687394 51231068 51236834 5766
19 249 rs754340 45163671 2 0.00720369607723039 45115487 45179567 64080
19 65 rs457857 6913811 1 -0.00687430452438057 6901891 6951434 49543
19 189 rs7253538 32834547 7 0.00682895398293042 32755790 32944565 188775
19 123 rs2074616 15294991 4 -0.00654691419289547 15235879 15303225 67346
19 36 rs12459940 4118871 2 -0.00652620268447752 4115993 4147445 31452
19 171 rs10411539 29972230 3 -0.00651898084929791 29938906 30042913 104007
19 285 rs2302518 50296145 4 -0.00646708198118889 50271924 50444061 172137
19 321 rs7252166 53293834 2 0.00637539580145492 53278953 53293834 14881
19 216 rs3108581 37217437 28 0.00633233180476433 36950171 38411090 1460919
19 107 rs16019 13411451 4 0.00608311803583592 13374913 13452550 77637
19 264 rs11083846 47207654 3 0.00575137609646533 47207654 47323384 115730
19 207 rs1687983 35568212 1 0.00568850186504251 35556123 35570307 14184
19 352 rs1654410 55524813 6 0.00566955640666195 55497843 55555988 58145
19 243 rs2302524 44156472 3 -0.00565259635818082 43967147 44156472 189325
19 130 rs390017 16406034 2 0.0056368108390268 16398314 16426657 28343
19 180 rs4805602 31205300 2 0.00560701260669703 31099589 31229053 129464
19 265 rs384842 47379025 2 -0.00552591844272374 47371616 47455315 83699
19 351 rs269957 55445174 3 0.00534277415949627 55433596 55447595 13999
19 127 rs8110325 16176940 1 0.00532361721427311 16116583 16176940 60357
19 283 rs12609870 50229644 5 0.00531637417797031 50140068 50229644 89576
19 196 rs4805905 34029507 7 0.00530553850704829 34029507 34064054 34547
19 320 rs10401904 53120559 4 0.00528830370186491 53115843 53233273 117430
19 103 rs17001671 11931746 3 -0.00515942674456167 11866510 11931746 65236
19 182 rs10418485 31500379 2 -0.00515072607757773 31401756 31509362 107606
19 52 rs797544 5479522 2 0.00514253202199162 5479522 5525988 46466
19 55 rs731773 5991622 3 0.00500119520186243 5880949 5991622 110673
19 161 rs888315 24239788 4 0.00492071724381601 23556852 24358391 801539
19 313 rs10411161 52372976 5 -0.00486808848419507 52305158 52618506 313348
19 169 rs3760841 29705783 4 -0.00473723899933444 29678680 29762562 83882
19 24 rs3786947 3114229 2 0.00471497199625057 3099982 3114229 14247
19 77 rs118050938 8182174 4 -0.00456730388340341 8136398 8186519 50121
19 260 rs8101445 46563653 7 0.0044427088545095 46513183 46743245 230062
19 183 rs6510186 31654615 4 -0.00438953693251194 31635312 31724380 89068
19 330 rs10409187 54075317 1 -0.00437914167955427 54074747 54075317 570
19 37 rs2240669 4207940 1 -0.00428653025668795 4182060 4268341 86281
19 280 rs2278004 49654421 5 0.00413107949587469 49571957 49683320 111363
19 99 rs2116877 11358440 9 0.00409984576357883 11302807 11417200 114393
19 82 rs7249094 8672000 1 0.00409471888810005 8633943 8672000 38057
19 295 rs9991 51301230 6 0.00407706218281317 51297825 51323676 25851
19 281 rs352826 49760208 2 -0.00392573434851163 49727996 49899076 171080
19 188 rs10413445 32722146 2 0.00392436132654296 32595038 32722146 127108
19 261 rs2110577 46895747 3 0.00382603960180959 46797830 46906997 109167
19 353 rs890871 55672055 3 0.00381558873035435 55598724 55710074 111350
19 366 rs4801699 56785231 3 0.00379624425156929 56765460 56800202 34742
19 70 rs17255882 7504456 3 -0.00377682200928249 7448832 7555092 106260
19 262 rs8109759 46949662 4 0.00369432461063695 46914927 47035436 120509
19 71 rs625910 7594159 4 -0.00369273629433883 7567757 7624391 56634
19 7 rs3786978 1413574 1 -0.00365740092216136 1370526 1413574 43048
19 247 rs11670955 45022697 4 0.00340594616683551 44892168 45029208 137040
19 246 rs2722738 44855757 5 0.0033464642324337 44515352 44855757 340405
19 291 rs2042279 51103361 1 -0.00332336501520953 51073579 51103361 29782
19 331 rs4803150 54109807 1 -0.00331805047849282 54107677 54111610 3933
19 268 rs3745173 47932388 3 -0.003305700831548 47928003 47954171 26168
19 309 rs8106598 52017940 6 -0.00328560526603436 52000187 52083552 83365
19 125 rs2683043 15764071 7 -0.00327526552399891 15668140 15773915 105775
19 174 rs3746314 30197155 3 0.00326327607520915 30164574 30352142 187568
19 305 rs12985380 51861176 1 0.0032327441203286 51823015 51869346 46331
19 359 rs10424927 56304607 2 -0.00303117363468903 56293414 56332628 39214
19 244 rs436681 44185926 3 -0.00302521500064034 44172188 44260572 88384
19 364 rs274154 56671836 2 0.00301301456746716 56671836 56689214 17378
19 48 rs2074983 5285570 4 0.00300022561102241 5285570 5312177 26607
19 117 rs7508694 14714811 1 0.00298757840667702 14664933 14721019 56086
19 372 rs7258452 57447994 1 -0.00293316332124137 57433407 57447994 14587
19 340 rs254259 54606405 1 -0.00285498089676261 54577419 54627164 49745
19 198 rs8110889 34177770 1 -0.00283219864105759 34138945 34177770 38825
19 376 rs8109659 57755508 3 -0.00270504733501193 57678194 57759835 81641
19 336 rs454006 54390121 1 -0.00259075226811899 54390121 54390121 0
19 235 rs1946612 41767987 2 -0.00257299070933092 41767987 41785282 17295
19 74 rs868875 7831166 5 -0.00254947443128983 7831166 7846887 15721
19 206 rs888860 35465187 4 -0.00253471662119119 35357338 35510304 152966
19 93 rs889125 10120571 2 0.0025095181317186 10120571 10131999 11428
19 69 rs7254060 7283414 2 0.0024811975115073 7266878 7298095 31217
19 26 rs4807425 3229224 1 -0.00245063606247053 3211221 3256521 45300
19 76 rs6603134 8106521 2 0.00244647560592266 8033348 8106521 73173
19 68 rs4804404 7218382 6 0.00239043987153158 7167715 7239555 71840
19 303 rs2691273 51596136 3 0.00237806289272889 51595583 51628529 32946
19 328 rs4438413 53884412 4 -0.00234885351910599 53884412 53932295 47883
19 279 rs2270941 49438363 2 0.00232657234276706 49438363 49447713 9350
19 84 rs2340550 8808942 3 -0.00229372497173671 8787140 8808942 21802
19 128 rs2241400 16240727 1 -0.00226263305210823 16192625 16245267 52642
19 63 rs7258236 6760974 2 0.00221667872165784 6751293 6788907 37614
19 272 rs35362679 48523128 5 0.00211747105161706 48518417 48557013 38596
19 333 rs7254177 54206688 1 0.00210613993802991 54204008 54222824 18816
19 369 rs2052240 57186892 2 0.00208842106718697 57162288 57187163 24875
19 231 rs7258094 41012190 2 -0.00208350409303259 41012190 41141434 129244
19 9 rs2012125 1630341 1 -0.00208263775693633 1630341 1630341 0
19 271 rs12979616 48350011 6 0.00206951672100756 48336188 48472474 136286
19 144 rs17654474 18038782 1 -0.00204499092651584 18038782 18038782 0
19 314 rs1366245 52660279 1 -0.00201497316931437 52660279 52660279 0
19 238 rs7251044 42202285 1 0.00200985029855426 42147477 42373893 226416
19 287 rs10413463 50699504 1 0.00186410088429739 50699504 50771322 71818
19 273 rs11564538 48601512 7 0.00185693422753744 48581142 48678148 97006
19 79 rs1466448 8289519 2 -0.00181325818404417 8271721 8334280 62559
19 221 rs11879029 39379906 4 0.00180437096026737 39378804 39537895 159091
19 290 rs35951152 50945512 4 0.0018002719879657 50940938 51040416 99478
19 347 rs4470262 55036661 3 0.00175515685941764 55017508 55046380 28872
19 12 rs7251590 1989867 2 -0.00175089321515123 1926027 1989867 63840
19 343 rs103294 54797848 2 -0.00175040254220614 54797848 54797848 0
19 227 rs3826923 40188968 3 0.00172517297811695 40188968 40269473 80505
19 362 rs17713875 56543982 1 0.00171710219831337 56543982 56571547 27565
19 58 rs7253395 6401588 1 0.00171629825360681 6325659 6468907 143248
19 270 rs10405467 48297228 2 0.00163249749242209 48263635 48297228 33593
19 23 rs367825 3063409 1 0.00160843420809864 3063409 3063409 0
19 186 rs8108822 32183171 4 -0.0015882907617864 32183171 32383700 200529
19 199 rs284688 34231542 1 -0.00145412497784128 34231542 34231542 0
19 326 rs3960965 53789383 3 0.00141536864348233 53705554 53793574 88020
19 288 rs667907 50785386 2 0.00141364619289714 50785386 50808749 23363
19 324 rs1045764 53611473 4 0.00140059880572219 53554075 53627777 73702
19 190 rs7251512 33014643 5 -0.00137487868422708 33001746 33014643 12897
19 8 rs1875960 1537467 1 0.00131966757993011 1537467 1537467 0
19 339 rs2433724 54545531 1 -0.00125572944996221 54545531 54561561 16030
19 49 rs8111216 5353576 2 0.00123430073570399 5352551 5359211 6660
19 90 rs10401135 9443332 5 -0.0012281522860914 9395584 9603751 208167
19 139 rs15401 17616747 2 -0.00115918952761744 17562969 17621508 58539
19 282 rs3786567 49991789 3 -0.00114939174896924 49948612 50045878 97266
19 138 rs10415893 17512412 1 -0.00111979071594021 17487620 17541017 53397
19 83 rs7254400 8740520 3 -0.00111816461358836 8740520 8751106 10586
19 254 rs1469704 45589595 1 0.00105128997551872 45589595 45604163 14568
19 162 rs811020 28393499 5 0.00103493446894037 28312200 28551991 239791
19 148 rs10330 19017862 1 0.00101816126321513 18707048 19017862 310814
19 140 rs76629753 17662616 1 0.00101186561277514 17654181 17667970 13789
19 142 rs3761055 17835831 2 9.983484191737845e-4 17827257 17892591 65334
19 78 rs8112582 8242511 5 -9.919985482427429e-4 8201121 8242511 41390
19 329 rs2708761 54031043 1 -9.83324592001077e-4 53975468 54031043 55575
19 143 rs10407076 17920758 2 9.814132233872577e-4 17920758 17927041 6283
19 42 rs10415651 4687075 1 9.470617759046434e-4 4654757 4735663 80906
19 157 rs2435029 22062158 3 -9.39218713645905e-4 22062158 22652436 590278
19 373 rs1433105 57461103 1 9.228898262770164e-4 57461103 57485951 24848
19 327 rs8104523 53829121 2 8.579718757611486e-4 53818436 53833712 15276
19 278 rs684959 49296654 2 -8.48302182998222e-4 49294862 49400634 105772
19 349 rs4436877 55216162 1 8.275977336959761e-4 55216162 55216950 788
19 286 rs3786669 50486939 3 8.151900547316952e-4 50456518 50563899 107381
19 121 rs7248013 15112408 1 7.955778047587334e-4 15022931 15113675 90744
19 104 rs10407898 12426234 7 -7.886213911132475e-4 12014274 12486228 471954
19 116 rs10408656 14636619 2 -7.834070991529591e-4 14557821 14652278 94457
19 242 rs7259375 43885085 2 7.546051912454331e-4 43885085 43951083 65998
19 67 rs1864193 7114213 1 -7.466123857384492e-4 7074561 7114213 39652
19 259 rs9304651 46419773 2 -7.304025017384892e-4 46406698 46498827 92129
19 19 rs867168 2833802 1 -7.134552346785802e-4 2833431 2848948 15517
19 38 rs888930 4288332 2 7.092635280921682e-4 4288332 4342847 54515
19 325 rs1133145 53666745 3 -6.994463943030087e-4 53666745 53697937 31192
19 88 rs1036224 9228196 1 6.790179543814203e-4 9168586 9237542 68956
19 105 rs4804715 12641232 2 6.626539822306894e-4 12562294 12641232 78938
19 120 rs4808631 14997021 3 -6.405030336059271e-4 14938616 14997907 59291
19 357 rs112525800 56030250 3 6.340953458427196e-4 55977909 56058737 80828
19 205 rs10426376 35233027 2 -5.942062496893609e-4 35079781 35298961 219180
19 274 rs10403848 48756775 2 -5.644298049632014e-4 48715269 48764857 49588
19 212 rs886133 36011878 4 -5.586935201990434e-4 35944375 36029240 84865
19 194 rs736289 33757062 1 -5.465577055584858e-4 33713928 33760339 46411
19 73 rs12611071 7800361 2 5.419233187388293e-4 7793502 7800361 6859
19 185 rs717680 32021999 1 -5.159711197477428e-4 32021999 32053745 31746
19 316 rs7247178 52815890 2 5.036096980374488e-4 52761215 52825032 63817
19 137 rs2363956 17394124 3 -5.017205584990096e-4 17367435 17469382 101947
19 172 rs16963085 30095911 2 4.941956766331048e-4 30056335 30104871 48536
19 371 rs12974085 57419586 2 4.784344357265085e-4 57396250 57419586 23336
19 43 rs12979279 4764306 6 4.605565845350098e-4 4742465 4837501 95036
19 0 rs2166359 342617 2 -4.589490328435226e-4 301619 342617 40998
19 234 rs305959 41675162 2 4.513715336824716e-4 41602470 41675162 72692
19 168 rs2865496 29606361 2 4.0984890697724915e-4 29482011 29653398 171387
19 299 rs2739429 51516015 1 -4.025343797198494e-4 51491599 51528041 36442
19 165 rs17831750 28991292 2 4.012288023634092e-4 28948389 29103301 154912
19 131 rs10411344 16520403 2 4.010344950766715e-4 16520403 16797415 277012
19 219 rs35364374 38983180 1 -3.89353539311008e-4 38959680 38983180 23500
19 356 rs10425596 55901099 1 3.822323198365049e-4 55901099 55941508 40409
19 160 rs11666025 23408129 3 3.768669046593067e-4 22934973 23408129 473156
19 187 rs11882901 32497463 2 3.6796902052995447e-4 32444568 32501502 56934
19 298 rs2569522 51455389 1 3.6776997391439433e-4 51455389 51455389 0
19 360 rs441827 56369189 3 3.67223587221314e-4 56369189 56393051 23862
19 202 rs2159328 34439135 1 3.3739278872948195e-4 34439135 34439135 0
19 134 rs61744196 17108136 2 3.3612025425894243e-4 17108127 17118433 10306
19 308 rs1993461 51989254 1 -3.312431235810099e-4 51975723 51989254 13531
19 335 rs10418264 54298576 1 -3.149537797634093e-4 54298576 54332061 33485
19 25 rs12610831 3162072 2 -3.1263897240982623e-4 3136845 3165895 29050
19 16 rs8111499 2533616 1 -3.0867093256439353e-4 2514565 2547015 32450
19 344 rs10426462 54851922 2 -3.0809420148631046e-4 54849481 54875323 25842
19 239 rs1206028 42855167 1 2.9696651257990383e-4 42549934 42863035 313101
19 80 rs12986323 8381489 1 -2.9580194750660166e-4 8367709 8386998 19289
19 113 rs2242130 13993457 2 2.7072297456511604e-4 13993457 14164629 171172
19 253 rs5167 45448465 1 2.623563879822626e-4 45448465 45487420 38955
19 300 rs1474520 51530693 2 2.6088270053546204e-4 51530693 51546642 15949
19 132 rs8108315 16981044 1 2.497456035241704e-4 16860558 17003789 143231
19 46 rs263066 5027230 2 2.247758699003772e-4 4929473 5188319 258846
19 267 rs4467185 47823038 2 1.9579940439074767e-4 47787587 47823871 36284
19 108 rs7250857 13484853 3 1.5442005173979512e-4 13484853 13563952 79099
19 263 rs7259810 47103428 1 -1.5218140134727495e-4 47049928 47104226 54298
19 173 rs10415705 30125153 1 1.4817636337619597e-4 30116004 30137035 21031
19 378 rs12986235 57955244 4 -1.4129981808059383e-4 57955244 58200099 244855
19 15 rs7252511 2396243 3 1.3747673040505608e-4 2306575 2438884 132309
19 358 rs908668 56134038 2 -1.1881549260237898e-4 56134038 56257259 123221
19 177 rs7252608 30806165 2 -1.1339924947282504e-4 30746753 30806165 59412
19 334 rs9749510 54281322 1 -1.129742281653964e-4 54276241 54281322 5081
19 2 rs4919908 508626 1 -8.647251800938263e-5 508626 508626 0
19 163 rs2607221 28703053 1 -7.77906371394046e-5 28569401 28703053 133652
19 203 rs10415423 34553925 1 7.669074545829499e-5 34520077 34610341 90264
19 41 rs10420817 4605239 2 6.837925266399913e-5 4590877 4640983 50106
19 6 rs2072283 1116117 2 6.312540226253494e-5 1043748 1116117 72369
19 258 rs8108269 46158513 1 4.712028713089199e-5 46149886 46374557 224671
19 29 rs145723843 3478456 1 -4.0228932205994555e-5 3432252 3511709 79457
19 167 rs11083726 29388987 2 -3.256518657117531e-5 29376565 29404979 28414
19 348 rs61739171 55144623 1 -3.051514186250659e-5 55128339 55159164 30825
19 257 rs10405576 46098885 1 -2.9754785116472523e-5 46080275 46141845 61570
19 50 rs11667049 5421962 1 -2.8829172407431957e-5 5393748 5431265 37517
19 119 rs8113284 14914914 2 -2.7518949652435224e-5 14910321 14914914 4593
19 294 rs4802740 51263432 1 -2.6871280384041066e-5 51263432 51263432 0
19 374 rs12461308 57563500 3 -2.52557396303721e-5 57524031 57563500 39469
19 365 rs873732 56745520 2 1.424131732392154e-5 56723492 56745520 22028
19 109 rs16979195 13640105 2 -1.126488010538124e-5 13581369 13662460 81091
