CHR Group SNP.lead BP.lead Size W BP.min BP.max BP.width
14 471 rs8017161 103563195 7 0.1908745596525052 103404159 103584674 180515
14 257 rs3784099 68749927 11 0.11610362638305584 68749927 68963746 213819
14 384 rs17184313 93102251 5 0.080599864054313 93064069 93118038 53969
14 396 rs11621961 94769476 5 0.05902127256058369 94769476 94847415 77939
14 468 rs118141823 102900956 5 0.04109353627256043 102347792 102933347 585555
14 124 rs712314 35408548 14 0.0381130965764879 35390146 35853388 463242
14 125 rs696 35871093 8 0.03710429291596717 35871093 36304368 433275
14 243 rs8005319 63822521 5 0.03327896159255088 63777253 63857808 80555
14 354 rs1287662 89290630 14 0.03211550286692715 88798458 89393381 594923
14 26 rs3748366 22204911 4 0.03148081076987708 22091105 22204911 113806
14 376 rs2202955 92118160 3 0.02985190163166283 92104196 92126827 22631
14 287 rs2193596 75234101 4 0.02968257203829103 75022271 75558163 535892
14 98 rs2300835 33207522 2 0.02943183302300292 33183958 33237374 53416
14 278 rs994759 73096614 4 0.0293195434401726 73052019 73164422 112403
14 324 rs11623789 82450632 5 0.02925237531095607 82347524 82458472 110948
14 304 rs17811635 77573757 2 0.02678065830678203 77497666 77620817 123151
14 295 rs17783366 76543004 7 0.02619201090908053 76372254 76581121 208867
14 71 rs17112865 28038607 9 0.02498754712200494 27925765 28446721 520956
14 139 rs2415482 38958967 7 0.02437259654199722 38721995 38984665 262670
14 262 rs2185492 69765077 9 0.02213305387520977 69433208 69780678 347470
14 184 rs1002132 52285373 6 0.02117312004135813 52250365 52358917 108552
14 157 rs1959379 44974966 9 0.0211060643115314 44903433 45129864 226431
14 482 rs3924892 105494262 9 0.02058074040286877 105368733 105596054 227321
