CHR Group SNP.lead BP.lead Size W BP.min BP.max BP.width
18 200 rs1790588 67535184 3 0.053839888240927 67493884 67556646 62762
18 164 rs7228600 56508351 10 0.03582750467973342 56227820 56518513 290693
18 171 rs17773430 57963117 5 0.02445351650112492 57732689 58067037 334348
18 113 rs61735998 34289285 7 0.02300190886265811 34003734 34810178 806444
18 197 rs17080654 66898945 8 0.02034281286318972 66800137 67160595 360458
18 124 rs1835499 40335882 2 0.01719364663785043 39895631 40468883 573252
18 84 rs7238618 20913598 10 0.01648613671240681 20879217 21620065 740848
18 14 rs11665524 2978535 1 0.01541648416886105 2951876 3133302 181426
18 85 rs2278664 21719327 5 0.01498511807141004 21631244 21762678 131434
18 163 rs4309483 56085917 4 0.01467160432787067 55859854 56205551 345697
18 111 rs1540043 33691313 6 0.01445705831630234 33063368 33781725 718357
18 194 rs17078903 65982452 3 0.01406652024064275 65942408 66175662 233254
18 98 rs8088478 26413621 6 0.01252387688880804 25941461 26847118 905657
18 95 rs11659941 24494344 2 -0.01179835332611512 24489062 24938196 449134
18 76 rs3859299 13462726 3 0.01097528202070321 13458063 13606170 148107
18 165 rs17835556 56818766 2 0.0109398116799552 56578953 56828687 249734
18 156 rs1792741 53887306 6 -0.01081363212615604 53813720 54243554 429834
18 187 rs12455246 63498880 3 0.01080628040730839 63204981 63614124 409143
18 226 rs7228334 73500233 3 0.00984438816163332 73409626 73515143 105517
18 117 rs2953409 36579088 3 -0.00949125685628383 36083127 36968880 885753
18 83 rs2278452 20774097 1 0.00939557327755294 20160314 20819090 658776
18 139 rs12454113 46044052 4 0.00910364482233247 45969470 46217774 248304
18 212 rs1943809 71065781 4 -0.00869616549188786 71044198 71239581 195383
18 24 rs8085726 4370882 1 0.00854511696741625 4341519 4376022 34503
18 245 rs4799201 76554246 4 -0.00850285364993562 76512308 76754549 242241
18 182 rs7230508 61226159 7 0.00821606677806688 61183511 61631447 447936
18 205 rs649809 69160304 5 -0.00795325795516994 69153026 69334079 181053
18 70 rs4797559 11583447 3 -0.00787170477141938 11367098 11583447 216349
18 142 rs2000813 47093864 3 0.00754895357562807 46564559 47179516 614957
18 16 rs1785272 3314310 2 0.00736923046761693 3256112 3347813 91701
18 53 rs4798712 8890011 5 0.00650258505583871 8792044 8950560 158516
18 116 rs12970162 35562926 9 -0.00646916876741318 35557827 36060187 502360
18 159 rs12958967 55315959 3 0.00640524560781242 55247454 55432083 184629
18 125 rs2622781 41081332 5 0.00627628333217593 40512135 41083535 571400
18 7 rs8090522 1542523 1 0.00555018656455189 1481898 1718332 236434
18 184 rs4560012 61938066 3 -0.00534063964351151 61840388 62085800 245412
18 42 rs8088532 7082526 1 0.00531751406904029 7054431 7082526 28095
18 144 rs11082811 47763296 3 0.00524750017585173 47566647 47918639 351992
18 32 rs7242770 5647875 3 0.00501973678806842 5643417 5843069 199652
18 218 rs1573486 71955979 7 0.00498559924672561 71900332 72073178 172846
18 12 rs770221 2534877 4 -0.00496767783802581 2408938 2639451 230513
18 31 rs4798363 5473725 2 -0.00486320093353532 5444240 5590926 146686
18 112 rs1057251 33848581 2 0.00462821254158736 33802526 33989375 186849
18 73 rs2096847 12415136 3 0.00437729783615614 12300936 12750499 449563
18 224 rs9965347 73047983 2 -0.00430362890248382 72943863 73056716 112853
18 86 rs901618 21818666 1 -0.00419453018123129 21800299 21942463 142164
18 1 rs618671 362199 2 0.00406415532277812 354439 491967 137528
18 121 rs8087566 38792674 3 -0.00392870172742195 38701427 39013172 311745
18 115 rs7505519 35172316 4 -0.00389058089704885 35078723 35453385 374662
18 191 rs2448731 65376601 5 0.00379452306566549 65290714 65479871 189157
18 29 rs12352 5243083 3 -0.00369975489934631 5206566 5298759 92193
18 167 rs10515979 57042778 10 0.00365648605901692 56946086 57212391 266305
18 172 rs12606949 58165167 5 0.0034731437758701 58104556 58809023 704467
18 66 rs12608436 10797856 3 0.00335946567457233 10729880 10843483 113603
18 207 rs4572503 69935826 4 0.00326575603196734 69908670 70054042 145372
18 27 rs12606863 4960022 4 -0.00326460784171995 4772807 5079328 306521
18 204 rs17083850 68848130 4 0.00313817920262527 68723356 69131848 408492
18 126 rs1460534 41509655 4 -0.00312588568333969 41168311 41509655 341344
18 103 rs8094212 29034304 3 0.00306440021608687 29018114 29262427 244313
18 99 rs7504425 27223970 7 -0.00298582402223062 26881864 27223970 342106
18 92 rs9955678 23759474 5 0.00298108317230623 23396250 24062211 665961
18 155 rs10048306 53654020 7 -0.00291079820791817 52829535 53729156 899621
18 55 rs16955101 9429811 2 0.00290803411372167 9025906 9429811 403905
18 186 rs1642571 62717979 3 -0.00286488797020706 62608159 63196837 588678
18 47 rs1441002 7887531 2 -0.00282672404085625 7871278 8135770 264492
18 81 rs1465501 19814796 4 0.00275586687862852 19786854 19954143 167289
18 178 rs6567313 60702324 2 0.00269834852888048 60287284 60754772 467488
18 75 rs12456874 13366862 6 -0.00261874766823763 13294262 13434152 139890
18 109 rs12326793 32153364 4 -0.00247022746199606 31906011 32448251 542240
18 104 rs11660777 29426669 2 0.0024585135460444 29311034 29558592 247558
18 101 rs4420605 27907683 7 0.00243623617862892 27826653 28545570 718917
18 71 rs16976596 11696613 2 0.00237879637360544 11666215 11878535 212320
18 189 rs17813753 64433748 3 -0.0023754054290279 64255420 64871339 615919
18 120 rs10401065 38652375 2 -0.00220412904631047 37945427 38652375 706948
18 137 rs1124349 45718309 3 0.00197996082123187 45624977 45793917 168940
18 63 rs206605 10335737 2 0.00192121993894333 10323659 10402789 79130
18 153 rs588705 51763722 4 0.00185599510491255 51213366 51958845 745479
18 33 rs6506355 5971493 1 0.00183869940978885 5926216 5990968 64752
18 40 rs7244230 6939755 3 0.00174579825431898 6851557 6942997 91440
18 19 rs12457197 3680476 1 0.00171346973283416 3606272 3693772 87500
18 123 rs514228 39737456 2 -0.00168179750866101 39428052 39890680 462628
18 133 rs34589386 44157764 1 0.00164917080165974 43976885 44292598 315713
18 129 rs10153360 42766728 2 -0.00159314897066625 42612091 42966587 354496
18 162 rs4528665 55715670 1 0.00156792977707883 55709155 55839162 130007
18 183 rs213129 61693335 1 -0.00156085481990276 61663317 61816186 152869
18 141 rs4939826 46453406 1 -0.00149324482009461 46453406 46539469 86063
18 228 rs17058811 73785500 6 0.00146258927860899 73699090 73890904 191814
18 213 rs12954862 71362823 2 -0.00144158019636162 71294169 71397368 103199
18 211 rs6566715 70986258 2 0.00142831660409647 70741699 71027541 285842
18 138 rs1038670 45898195 4 0.00135663504356657 45821540 45913212 91672
18 22 rs1543229 4130516 2 0.00133547868198124 4056012 4201153 145141
18 130 rs10502868 43153949 2 0.00133278515801446 42973922 43231622 257700
18 199 rs4359551 67258303 5 -0.0013273865794212 67258303 67469275 210972
18 96 rs939139 25033053 1 -0.00124279029016065 24992045 25298983 306938
18 161 rs4591234 55582254 2 0.0012380348626730999 55531247 55682592 151345
18 150 rs9951523 49867224 1 0.00119898513617787 49804768 50135346 330578
18 246 rs625311 76821509 1 -0.00118799032054405 76806843 77147472 340629
18 176 rs567629 59641926 8 0.00115689747578261 59472346 60000477 528131
18 146 rs7230138 48345651 4 -0.00114585516868277 48250288 48349191 98903
18 58 rs8082842 9814778 1 0.00113739206989071 9814778 9869865 55087
18 169 rs1788897 57419473 1 0.00112720581674481 57383568 57503378 119810
18 231 rs8084598 74277674 1 -0.00110898625708642 74269894 74277674 7780
18 177 rs11152344 60111781 3 0.00109771646040299 60014463 60253761 239298
18 188 rs482015 64184313 4 0.00107241699372673 63626583 64205891 579308
18 134 rs4939796 45044262 6 -0.00107037188581238 44335724 45118805 783081
18 232 rs4365382 74356391 4 0.00106956087929924 74327084 74449883 122799
18 100 rs2949514 27815609 2 -0.00100530412273594 27239696 27815609 575913
18 77 rs10513904 14023754 3 9.820535423165936e-4 13662150 14090271 428121
18 181 rs2850761 60966397 2 9.773033691943388e-4 60966397 61163925 197528
18 221 rs516410 72407862 2 8.903826367821707e-4 72252137 72774673 522536
18 88 rs6508330 22379964 3 8.364960098082204e-4 22135024 22510457 375433
18 238 rs2727046 75477351 1 -8.364216809899825e-4 75390648 75603617 212969
18 6 rs789029 1053252 1 8.281566208042391e-4 1050812 1466512 415700
18 69 rs9789222 11255069 3 -8.216228096093834e-4 11232515 11320782 88267
18 105 rs17663067 29784370 3 -8.214319740312355e-4 29621938 30032385 410447
18 18 rs8083633 3522006 1 8.003060863935112e-4 3438823 3522006 83183
18 175 rs9964155 59287860 2 7.881851575364478e-4 59246069 59404286 158217
18 110 rs11872966 32765310 1 7.565570844197562e-4 32470291 32891656 421365
18 25 rs16946716 4425743 3 7.003264126888901e-4 4400387 4488582 88195
18 206 rs4268850 69892689 3 6.919844094296091e-4 69401163 69892689 491526
18 190 rs4300757 64929112 3 -6.797243803643778e-4 64898303 65263773 365470
18 28 rs599322 5148001 1 6.683915934547921e-4 5096936 5193132 96196
18 152 rs1431183 50822084 8 6.606253990952052e-4 50370920 51183679 812759
18 242 rs12327418 76085704 1 -6.446951096254149e-4 76063187 76187084 123897
18 44 rs461096 7192456 1 -6.445990733688775e-4 7188754 7360317 171563
18 196 rs9963985 66407942 1 6.293656080559081e-4 66327314 66600079 272765
18 157 rs4801078 54728683 5 -6.292775060299139e-4 54265847 54922829 656982
18 233 rs966782 74772891 1 6.266953118584512e-4 74496416 74782069 285653
18 65 rs7234687 10694410 1 6.212595029102851e-4 10663094 10717819 54725
18 185 rs7227796 62502996 1 5.851143411211919e-4 62100203 62540568 440365
18 122 rs1115001 39406192 1 5.815167405002116e-4 39109891 39408516 298625
18 36 rs882838 6429648 1 5.782102407644214e-4 6429648 6487465 57817
18 108 rs10502621 31383571 6 -5.761202364244807e-4 31147930 31763797 615867
18 0 rs7226677 278796 2 -5.689186882888119e-4 139767 339386 199619
18 160 rs2850243 55453784 1 5.61545994127955e-4 55448382 55510523 62141
18 147 rs321899 48910603 3 5.534664070542333e-4 48359730 48974344 614614
18 225 rs7239403 73334651 3 -5.456630155777069e-4 73086616 73342901 256285
18 51 rs8083753 8531733 1 -5.315259867576281e-4 8517847 8656598 138751
18 166 rs1517037 56878274 1 -5.274758765093404e-4 56849429 56934358 84929
18 50 rs12607517 8436239 1 5.251120529107922e-4 8436239 8482651 46412
18 118 rs307078 37642885 1 4.923190714004632e-4 37013771 37675866 662095
18 57 rs7228240 9729894 1 4.565687003413986e-4 9710554 9787464 76910
18 74 rs2847297 12797694 6 4.545231841116842e-4 12797694 13271319 473625
18 223 rs652015 72898905 1 4.486867617107339e-4 72898905 72933187 34282
18 54 rs9941409 9006277 2 4.4511309756385854e-4 8972284 9006277 33993
18 170 rs17066468 57656099 1 -4.446353481828121e-4 57529291 57713553 184262
18 154 rs4510110 52780909 2 -4.4194567749098417e-4 51976374 52821124 844750
18 8 rs1439436 1829675 4 -4.3642734364796086e-4 1731154 1901534 170380
18 244 rs11659763 76440807 3 -4.352472034348696e-4 76437601 76502001 64400
18 48 rs12965261 8218296 2 3.963740545763839e-4 8207445 8298633 91188
18 20 rs11873190 3842566 1 -3.909586699400507e-4 3736629 3865658 129029
18 97 rs10775520 25765494 2 3.791182221469851e-4 25313101 25904868 591767
18 217 rs1540032 71700987 1 3.7058941771288495e-4 71671333 71889999 218666
18 208 rs9966507 70308101 3 3.612207104733639e-4 70099656 70308101 208445
18 114 rs2155954 34988515 1 -3.590340409696485e-4 34882659 35062163 179504
18 202 rs10513986 68081085 1 3.5506909367691633e-4 68062874 68173054 110180
18 203 rs7232319 68215453 3 -3.455423422795014e-4 68199224 68695033 495809
18 151 rs10083941 50282122 1 3.4232758206023374e-4 50158120 50355807 197687
18 216 rs4552099 71610943 1 3.386298121334077e-4 71570861 71626962 56101
18 192 rs12607910 65620744 2 -3.18034841997247e-4 65494529 65804001 309472
18 210 rs12717102 70582373 2 -2.6588350614371387e-4 70512587 70704474 191887
18 15 rs1962519 3188976 2 -2.626785819015771e-4 3162390 3228493 66103
18 179 rs12457700 60860246 1 2.2924085953644172e-4 60809783 60860246 50463
18 234 rs1893829 74954315 1 2.1707414037865715e-4 74848698 75020170 171472
18 79 rs2460077 14960443 3 -2.159669270114634e-4 14584726 14978677 393951
18 9 rs9962590 1970379 1 -2.018922573598377e-4 1970379 2029423 59044
18 243 rs1011233 76315261 1 -1.9184602515862775e-4 76242139 76421267 179128
18 201 rs3862700 67862224 1 1.8158067479214743e-4 67747484 68027361 279877
18 145 rs2118369 48161483 4 1.6647834805816154e-4 48001121 48226068 224947
18 49 rs9966297 8402646 1 1.5997445247843743e-4 8327182 8410522 83340
18 222 rs1828098 72857946 2 -1.5312261507543113e-4 72813958 72857946 43988
18 240 rs8084678 75858655 1 1.476975481045551e-4 75858655 75967549 108894
18 10 rs615862 2168672 1 -1.4448670770870125e-4 2042445 2200876 158431
18 149 rs11662339 49652418 1 -1.4179694270216454e-4 49500742 49777309 276567
18 248 rs1715230 77848002 2 -1.41338933479211e-4 77385879 77916015 530136
18 131 rs590694 43562102 1 1.406046077236473e-4 43234904 43840064 605160
18 220 rs11151964 72201918 1 -1.0878460162243994e-4 72128424 72234635 106211
18 148 rs3894774 49278632 2 1.0142447679214648e-4 49043350 49443797 400447
18 158 rs990729 54979396 2 7.678128850143557e-5 54976972 55201461 224489
18 127 rs3819128 41795393 2 6.576350695909296e-5 41626891 42298323 671432
18 247 rs11661539 77287796 1 4.908930390285278e-5 77232709 77340427 107718
18 235 rs1317578 75055781 1 -3.8991929754197114e-5 75055781 75108039 52258
18 102 rs4325646 28744391 1 3.347499991363166e-5 28584556 28988468 403912
