CHR Group SNP.lead BP.lead Size W BP.min BP.max BP.width
19 3009 rs3745516 50926742 1 0.17199324733649618 50926742 50926742 0
19 575 rs2304256 10475652 1 0.07153459424732764 10475652 10475652 0
19 3008 rs1726801 50905074 2 0.05002655388084909 50905074 50905074 0
19 1039 rs8109466 17207011 1 0.04458067704735388 17207011 17207011 0
19 3094 rs273634 51718837 2 0.03822600020896285 51718837 51718837 0
19 40 rs10417628 2251817 2 0.03155439847511992 2251817 2251817 0
19 3362 rs17305311 54705641 2 -0.03130005302485779 54705641 54705641 0
19 1950 rs8191371 34868776 2 0.02925762466906821 34868776 34868776 0
19 110 rs45465594 3813906 1 0.02678812386177676 3813906 3813906 0
19 341 rs72558007 7762440 1 0.0245898952049775 7762440 7762440 0
19 2207 rs8102476 38735613 1 0.02401656161370684 38735613 38735613 0
19 2631 rs8108277 45205877 1 0.02200990906220545 45205877 45205877 0
19 866 rs116923487 15133803 1 0.021421765910479892 15133803 15133803 0
19 68 rs61754927 2917509 2 0.02141895029700626 2917509 2917509 0
19 145 rs243335 4402017 1 0.0205694138043737 4402017 4402017 0
19 2382 rs2233152 41281016 1 0.02007950834740676 41281016 41281016 0
19 2169 rs17248097 38303788 1 -0.01984653175434828 38303788 38303788 0
19 147 rs45597332 4433253 1 0.01977852564436801 4433253 4433253 0
19 2296 rs10407035 39913634 1 -0.01962748375471049 39913634 39913634 0
19 1846 rs7259371 33534641 1 0.01947887149520943 33534641 33534641 0
19 573 rs12720356 10469975 1 0.01911464291742342 10469975 10469975 0
19 1002 rs12710303 16282131 1 0.01871183057739039 16282131 16282131 0
19 1129 rs7259041 18123738 1 0.01772427082807725 18123738 18123738 0
19 1844 rs10411210 33532300 1 0.017604636925939 33532300 33532300 0
19 1632 rs7247350 30884407 1 -0.01751423354493385 30884407 30884407 0
19 954 rs8110002 15963695 2 0.01738978094160582 15963695 15963695 0
19 2062 rs231228 36268771 1 0.01728024768515624 36268771 36268771 0
19 3261 rs3745101 53085813 2 0.01722541400740747 53085813 53085813 0
19 3264 rs13103 53115843 1 -0.01703404270309096 53115843 53115843 0
19 1137 rs11666281 18234588 1 -0.0168903936139447 18234588 18234588 0
19 2881 rs28648758 48968312 1 -0.01653708136489131 48968312 48968312 0
19 50 rs4334421 2580057 1 0.01605121438272712 2580057 2580057 0
19 427 rs17000460 9040732 1 -0.01601037648715803 9040732 9040732 0
19 2023 rs11084813 35923858 2 0.0158951473544301 35923858 35923858 0
19 104 rs1985358 3729042 1 0.01587955432945233 3729042 3729042 0
19 3365 rs103294 54797848 1 -0.01576015850094716 54797848 54797848 0
19 1041 rs12052065 17241649 2 -0.01569052054006277 17241649 17241649 0
19 1927 rs7256463 34366393 1 0.01559619396662416 34366393 34366393 0
19 3719 rs4801531 58401560 1 -0.01558599706014155 58401560 58401560 0
19 2388 rs61750953 41306650 2 0.01554005369383819 41306650 41306650 0
19 602 rs11673064 10955925 1 0.0154970935486881 10955925 10955925 0
19 2423 rs1800472 41847860 1 0.01548304263638411 41847860 41847860 0
19 2639 rs4803766 45371168 1 0.01522386470006379 45371168 45371168 0
19 1020 rs2306843 16797415 1 -0.01519054291048773 16797415 16797415 0
19 3350 rs10420331 54469068 2 0.01510906740059521 54469068 54469068 0
19 1368 rs811020 28393499 1 0.01483867977016117 28393499 28393499 0
19 3097 rs3865444 51727962 2 0.01479837974634221 51727962 51727962 0
19 2210 rs12610606 38765822 1 -0.01470634416704669 38765822 38765822 0
19 3255 rs9630874 52928039 1 0.01439567035686533 52928039 52928039 0
19 350 rs652260 7900562 1 -0.01427497257243838 7900562 7900562 0
19 2047 rs2267586 36159368 2 -0.01418285188660193 36159368 36159368 0
19 2360 rs7259593 40947076 1 -0.0138836736947859 40947076 40947076 0
19 1896 rs4805889 33954588 1 0.01383578776395969 33954588 33954588 0
19 2351 rs4490099 40731491 2 -0.01381701826801232 40731491 40731491 0
19 1795 rs8104532 33282336 1 -0.01345713719457606 33282336 33282336 0
19 247 rs422981 6556778 1 0.01326449544051218 6556778 6556778 0
19 2535 rs16976937 44470147 1 0.01326205000689952 44470147 44470147 0
19 1117 rs10407076 17920758 2 -0.01313169235507359 17920758 17920758 0
19 867 rs8112667 15133926 1 0.01298914006450057 15133926 15133926 0
19 1180 rs17216041 19366643 1 0.01285071576118313 19366643 19366643 0
19 2281 rs879689 39650830 1 0.01279674411499714 39650830 39650830 0
19 1405 rs12985572 28769462 1 0.01248996949126391 28769462 28769462 0
19 379 rs35999680 8203113 1 -0.01220337229865831 8203113 8203113 0
19 1878 rs16967952 33795241 2 0.01218769445663401 33795241 33795241 0
19 3774 rs1051500 58944402 2 0.01214862303591333 58944402 58944402 0
19 2015 rs17304618 35870436 1 -0.01214066503726255 35870436 35870436 0
19 3375 rs35336528 54968038 1 0.01213396852172152 54968038 54968038 0
19 2882 rs10413911 49046562 1 -0.01209667487512934 49046562 49046562 0
19 1704 rs56688754 31906847 1 0.01208522711316451 31906847 31906847 0
19 217 rs17271883 5834212 2 -0.0119587053353064 5834212 5834212 0
19 2897 rs16982241 49202859 2 0.01190111162873876 49202859 49202859 0
19 1136 rs2305743 18193191 2 0.01186038841618889 18193191 18193191 0
19 2395 rs8109818 41460621 1 -0.01169813969674598 41460621 41460621 0
19 2200 rs7253312 38622123 1 -0.0116780738268719 38622123 38622123 0
19 650 rs624899 11612498 1 0.01158574874045193 11612498 11612498 0
19 1669 rs17628152 31339621 1 -0.01152027408818663 31339621 31339621 0
19 2071 rs62109744 36546015 2 0.01150706501560703 36546015 36546015 0
19 2868 rs16981988 48821757 1 0.01136772303563682 48821757 48821757 0
19 2356 rs7247916 40816530 2 -0.01122762775612332 40816530 40816530 0
19 1150 rs172043 18351674 1 -0.0111504631284616 18351674 18351674 0
19 212 rs1129046 5654449 2 -0.01112794044134439 5654449 5654449 0
19 1175 rs2228603 19329924 1 0.01109961675394949 19329924 19329924 0
19 2646 rs769449 45410002 1 0.01097929869448366 45410002 45410002 0
19 3493 rs160104 56433203 1 -0.01097616378370104 56433203 56433203 0
19 458 rs61732905 9070264 1 0.01093677521062533 9070264 9070264 0
19 424 rs10412487 8973217 1 0.01085780232372489 8973217 8973217 0
19 2039 rs61747965 36113590 2 -0.01080752467732442 36113590 36113590 0
19 2361 rs3745205 40948202 1 -0.01080324608200191 40948202 40948202 0
19 663 rs206863 11789015 1 -0.0105318156539856 11789015 11789015 0
19 3748 rs45580533 58718279 1 -0.01047622665224733 58718279 58718279 0
19 2771 rs1862499 47549791 1 0.01044449083949701 47549791 47549791 0
19 3172 rs4802866 52299675 1 0.01039628269026838 52299675 52299675 0
19 215 rs778805 5832209 2 0.01031305614679354 5832209 5832209 0
19 1009 rs3752796 16339874 2 -0.01028461986043396 16339874 16339874 0
19 322 rs17255882 7504456 1 -0.0102212320488087 7504456 7504456 0
19 897 rs1474472 15720533 1 -0.01018519592208047 15720533 15720533 0
19 1644 rs77238711 31039669 1 0.01004909765651624 31039669 31039669 0
19 3158 rs16982907 52163035 1 0.0100446529708627 52163035 52163035 0
19 149 rs10421126 4471797 1 -0.01003870911813214 4471797 4471797 0
19 1246 rs11085403 21107489 1 0.00998166785559497 21107489 21107489 0
19 3567 rs4801177 57089050 1 0.00989861149666295 57089050 57089050 0
19 400 rs3764570 8528277 1 0.00984831725185601 8528277 8528277 0
19 3751 rs260428 58736625 2 0.00983714394721091 58736625 58736625 0
19 1385 rs10409248 28531174 1 0.00970351655775493 28531174 28531174 0
19 2629 rs754340 45163671 1 0.00966762326569789 45163671 45163671 0
19 1245 rs12608830 21080307 1 -0.00963022725924818 21080307 21080307 0
19 3639 rs10411733 57790988 1 -0.0096206638444924 57790988 57790988 0
19 1174 rs539 19287802 1 -0.0095560632719648 19287802 19287802 0
19 2794 rs13346368 48198675 1 -0.00954061577870198 48198675 48198675 0
19 3251 rs324125 52887282 2 0.00942887688095849 52887282 52887282 0
19 558 rs117064827 10334725 1 0.00936775670478256 10334725 10334725 0
19 299 rs4804404 7218382 1 0.00925590156248513 7218382 7218382 0
19 2092 rs8108848 37019742 2 -0.00925471582193734 37019742 37019742 0
19 3260 rs329966 53070617 2 -0.00915887510433859 53070617 53070617 0
19 1321 rs16999232 22797775 1 0.00915708750009078 22797775 22797775 0
19 13 rs3752232 1043748 1 -0.00913023762894442 1043748 1043748 0
19 1037 rs873513 17148156 1 0.00901769746239634 17148156 17148156 0
19 3031 rs919276 51231068 2 -0.00896778215942037 51231068 51231068 0
19 315 rs7254060 7283414 1 0.00895406664644642 7283414 7283414 0
19 932 rs12462733 15789470 1 -0.00882837188702736 15789470 15789470 0
19 1138 rs885683 18244690 2 0.0087262660455669 18244690 18244690 0
19 2005 rs2853332 35746706 1 0.00870821185533314 35746706 35746706 0
19 1993 rs1687983 35568212 1 0.00859874309580789 35568212 35568212 0
19 1014 rs390017 16406034 1 0.00857816206682728 16406034 16406034 0
19 974 rs58046343 16023378 1 -0.00857477802144752 16023378 16023378 0
19 3327 rs12977919 53932295 1 -0.00854470139694717 53932295 53932295 0
19 865 rs7249373 15131668 1 0.00853862941594199 15131668 15131668 0
19 1823 rs11668957 33408977 1 -0.00845891856757681 33408977 33408977 0
19 891 rs11085954 15594019 2 0.00841821420734624 15594019 15594019 0
19 365 rs12608849 8160334 1 -0.00840142305932471 8160334 8160334 0
19 1685 rs1078373 31801130 1 0.00829788689510784 31801130 31801130 0
19 3157 rs7260152 52160305 2 0.00828875149107749 52160305 52160305 0
19 3538 rs4801699 56785231 1 0.00828623392698443 56785231 56785231 0
19 1413 rs12460063 28815018 1 0.00821766319068123 28815018 28815018 0
19 2632 rs3208856 45296806 1 0.00820544448670091 45296806 45296806 0
19 2078 rs753420 36643695 2 0.00818698448284589 36643695 36643695 0
19 3067 rs2659091 51446530 1 -0.00818085183768642 51446530 51446530 0
19 3051 rs2659122 51363026 1 0.00812644865208555 51363026 51363026 0
19 3448 rs4801655 55977909 1 -0.0080829894294695 55977909 55977909 0
19 3423 rs890871 55672055 2 0.0080625180659466 55672055 55672055 0
19 1621 rs12611074 30702788 2 0.00801057673819132 30702788 30702788 0
19 2246 rs6508809 39073151 1 -0.00800167607359941 39073151 39073151 0
19 118 rs7251928 4077096 2 0.00796714695775334 4077096 4077096 0
19 2970 rs12609870 50229644 1 0.00791630257223383 50229644 50229644 0
19 724 rs34544747 12767849 1 -0.00790953687520646 12767849 12767849 0
19 2775 rs11880097 47823871 2 -0.00788977825084927 47823871 47823871 0
19 582 rs3745255 10668452 1 -0.0078779053119245 10668452 10668452 0
19 599 rs8102648 10897613 1 0.00784039824659278 10897613 10897613 0
19 2762 rs425105 47208481 1 -0.00783293576667386 47208481 47208481 0
19 3105 rs12985380 51861176 2 -0.00781942361834418 51861176 51861176 0
19 3522 rs17713875 56543982 1 0.00768757698785673 56543982 56543982 0
19 3594 rs2870477 57344913 1 -0.00768190481812852 57344913 57344913 0
19 543 rs889125 10120571 1 0.00763135366624552 10120571 10120571 0
19 598 rs10775614 10867219 2 -0.00761546343046956 10867219 10867219 0
19 2828 rs891015 48542414 1 -0.00761419126189712 48542414 48542414 0
19 1047 rs2305767 17294296 2 0.0074974780453145 17294296 17294296 0
19 727 rs117131055 12780204 1 -0.00745828878958499 12780204 12780204 0
19 917 rs2683043 15764071 1 0.00739997204376796 15764071 15764071 0
19 995 rs8110325 16176940 1 0.00735327509903215 16176940 16176940 0
19 1241 rs12459076 20925934 1 0.00732346788218205 20925934 20925934 0
19 2585 rs2722738 44855757 1 0.0071614350502714 44855757 44855757 0
19 789 rs11670064 14447600 2 0.00712412205642903 14447600 14447600 0
19 3406 rs1654410 55524813 1 0.00709587817918302 55524813 55524813 0
19 564 rs2569693 10399904 1 0.00707404742189602 10399904 10399904 0
19 1052 rs112900956 17306074 2 -0.00706566433363991 17306074 17306074 0
19 3201 rs61743893 52568422 1 0.00704315390842055 52568422 52568422 0
19 550 rs3745601 10224548 1 -0.00699233155133849 10224548 10224548 0
19 2736 rs2110577 46895747 1 0.0069089424448994 46895747 46895747 0
19 797 rs8109493 14603932 1 0.00689780515802847 14603932 14603932 0
19 3466 rs11671248 56297019 1 -0.00687437073606322 56297019 56297019 0
19 3398 rs269957 55445174 1 0.00686802895307572 55445174 55445174 0
19 1745 rs10413445 32722146 1 0.00684205934776173 32722146 32722146 0
19 3554 rs985113 57000173 1 0.00680522724038692 57000173 57000173 0
19 551 rs2305795 10226052 2 -0.00675570565901622 10226052 10226052 0
19 567 rs2304237 10446568 1 0.00675332506959693 10446568 10446568 0
19 3651 rs6510064 57855930 1 0.0067532409139536 57855930 57855930 0
19 3513 rs306481 56487603 1 0.00672636569973426 56487603 56487603 0
19 2592 rs57014690 44933706 1 -0.00669605191354654 44933706 44933706 0
19 358 rs8103218 8143114 1 0.00668631288912535 8143114 8143114 0
19 3290 rs1054485 53612757 2 -0.00665560361666608 53612757 53612757 0
19 2380 rs2561530 41224314 1 0.00662751103569254 41224314 41224314 0
19 2193 rs62121430 38573139 1 -0.00661560430396941 38573139 38573139 0
19 1171 rs4808907 19136541 1 -0.00661247448298957 19136541 19136541 0
19 2886 rs2544795 49076461 2 -0.00660183244043883 49076461 49076461 0
19 3175 rs17695224 52324216 2 -0.00657631447283163 52324216 52324216 0
19 2822 rs2303690 48525507 1 -0.00657322516465527 48525507 48525507 0
19 3274 rs7252166 53293834 2 0.00654372966738783 53293834 53293834 0
19 648 rs322151 11417200 1 0.00652327744288713 11417200 11417200 0
19 2248 rs12052046 39135874 1 -0.00649277929669182 39135874 39135874 0
19 2799 rs10405467 48297228 1 0.00648266374353498 48297228 48297228 0
19 2975 rs35002951 50312801 1 0.0064760661248622 50312801 50312801 0
19 2761 rs11083846 47207654 2 0.00637251132286907 47207654 47207654 0
19 3087 rs2691273 51596136 2 -0.00634861865092349 51596136 51596136 0
19 3444 rs10425596 55901099 1 -0.00628241688226223 55901099 55901099 0
19 158 rs10420817 4605239 1 -0.00627927050251845 4605239 4605239 0
19 3161 rs2902883 52186517 2 -0.0061979067052068 52186517 52186517 0
19 1487 rs16962149 29344955 1 -0.00618768521431743 29344955 29344955 0
19 588 rs12983573 10701833 1 -0.00616314505105189 10701833 10701833 0
19 344 rs868875 7831166 1 0.00615954870562214 7831166 7831166 0
19 2515 rs3760982 44286513 1 0.00615364948579866 44286513 44286513 0
19 2003 rs16970163 35739702 1 0.00613937831932503 35739702 35739702 0
19 3436 rs1058511 55859439 2 0.00606525040752616 55859439 55859439 0
19 2282 rs9676717 39678078 1 -0.0060560208106825 39678078 39678078 0
19 1149 rs2238646 18338101 1 -0.00605514364070412 18338101 18338101 0
19 535 rs2303100 9968434 1 0.0059295068608747 9968434 9968434 0
19 3113 rs1820112 51930706 1 0.00592266638059583 51930706 51930706 0
19 785 rs888876 14416793 2 0.00588783335107654 14416793 14416793 0
19 194 rs2074983 5285570 1 0.00588303662585633 5285570 5285570 0
19 2701 rs12460033 46406698 1 -0.00576416674582704 46406698 46406698 0
19 2873 rs3760790 48846476 1 0.00576027657593581 48846476 48846476 0
19 2298 rs1865093 39936134 1 0.00575685908732672 39936134 39936134 0
19 608 rs1122608 11163601 2 -0.00574124172501818 11163601 11163601 0
19 1318 rs2306964 22790859 1 -0.00572192885050956 22790859 22790859 0
19 2405 rs7260329 41521638 1 -0.00570626405520113 41521638 41521638 0
19 2323 rs1017078 40302169 2 -0.00567967984883946 40302169 40302169 0
19 204 rs7247783 5464288 1 -0.00563068067530113 5464288 5464288 0
19 410 rs7254400 8740520 2 0.00561849091171574 8740520 8740520 0
19 1400 rs4806120 28729593 1 0.00557556457643702 28729593 28729593 0
19 537 rs889123 9995843 1 -0.0055677648688589 9995843 9995843 0
19 1131 rs2305740 18180236 1 0.00556204027456403 18180236 18180236 0
19 2963 rs3786567 49991789 1 -0.00552596271493632 49991789 49991789 0
19 1753 rs12985626 32828993 1 -0.00552522648891737 32828993 32828993 0
19 3210 rs10424348 52702778 1 0.0054754073794502 52702778 52702778 0
19 77 rs308033 3099982 2 -0.00541417081985229 3099982 3099982 0
19 3007 rs1274514 50871147 1 -0.00534025418063414 50871147 50871147 0
19 3114 rs36489 51954094 1 -0.00533970709557764 51954094 51954094 0
19 2888 rs2665584 49084655 1 -0.00533947720538178 49084655 49084655 0
19 1016 rs10411344 16520403 1 0.00532108765508193 16520403 16520403 0
19 1593 rs3746314 30197155 1 0.00528974334397253 30197155 30197155 0
19 167 rs12979279 4764306 2 -0.00526937331989084 4764306 4764306 0
19 746 rs16019 13411451 1 0.00525627327049714 13411451 13411451 0
19 2753 rs8112461 47001373 1 0.00520119568779853 47001373 47001373 0
19 206 rs12983349 5497686 1 -0.00519092866411455 5497686 5497686 0
19 3262 rs190191374 53086946 1 -0.00509018111052799 53086946 53086946 0
19 3364 rs422948 54749011 1 0.00503923774794445 54749011 54749011 0
19 411 rs1561406 8751106 2 0.00501502908824582 8751106 8751106 0
19 3049 rs2003783 51361472 1 0.00500990114508705 51361472 51361472 0
19 664 rs286300 11797308 1 0.00500112314325594 11797308 11797308 0
19 2327 rs7253739 40310497 1 0.00494376960068702 40310497 40310497 0
19 205 rs797544 5479522 1 0.00491727566650962 5479522 5479522 0
19 1057 rs9676419 17367435 1 -0.0049003382666908 17367435 17367435 0
19 3280 rs329727 53484360 1 -0.00484860240921071 53484360 53484360 0
19 2134 rs1016216 37472171 1 0.0047772492186862 37472171 37472171 0
19 1755 rs7253538 32834547 2 -0.00477081238263813 32834547 32834547 0
19 732 rs2077544 12963285 1 0.00471066397922319 12963285 12963285 0
19 3061 rs2659079 51421491 2 0.00469293037294651 51421491 51421491 0
19 1670 rs10405541 31343577 2 -0.0046893568802547 31343577 31343577 0
19 2098 rs12972864 37057283 1 0.00468047250447325 37057283 37057283 0
19 381 rs8112582 8242511 2 -0.00467094961042819 8242511 8242511 0
19 2614 rs17800760 45013959 1 0.0046705166258578 45013959 45013959 0
19 3224 rs6509628 52741712 1 0.0046697533658208 52741712 52741712 0
19 3673 rs139899284 58067703 2 -0.00464481646400377 58067703 58067703 0
19 3265 rs11545619 53116643 1 -0.00460201935572978 53116643 53116643 0
19 3320 rs8104523 53829121 2 0.0045061134689734 53829121 53829121 0
19 3595 rs8100664 57396250 1 -0.00447194305291159 57396250 57396250 0
19 907 rs4239612 15727442 1 -0.00442826093261783 15727442 15727442 0
19 1981 rs142299823 35434582 1 0.00434800090610619 35434582 35434582 0
19 1930 rs4805958 34421191 1 0.00432689840496804 34421191 34421191 0
19 423 rs2972588 8953922 1 -0.00427559871731669 8953922 8953922 0
19 660 rs8100206 11764496 1 -0.00424322764022004 11764496 11764496 0
19 1005 rs285236 16299174 1 -0.0042353132058556 16299174 16299174 0
19 3347 rs454006 54390121 1 -0.00423318850308874 54390121 54390121 0
19 1678 rs10418485 31500379 1 -0.00421818909998283 31500379 31500379 0
19 528 rs10422028 9781354 1 -0.00421141566385926 9781354 9781354 0
19 223 rs731773 5991622 2 0.00420087170101518 5991622 5991622 0
19 2139 rs10421415 37483444 1 0.00419464115065866 37483444 37483444 0
19 18 rs2072283 1116117 1 0.00417972263824891 1116117 1116117 0
19 2197 rs705507 38610721 2 0.00411380783125832 38610721 38610721 0
19 141 rs4435380 4335869 1 -0.00410411940865398 4335869 4335869 0
19 2742 rs8109759 46949662 1 0.00408951987264981 46949662 46949662 0
19 1272 rs10423041 21933943 2 -0.00408113407316135 21933943 21933943 0
19 1707 rs10406589 31922887 1 0.00407727963232761 31922887 31922887 0
19 707 rs3106727 12374905 1 0.00406632744547261 12374905 12374905 0
19 2504 rs436681 44185926 1 -0.00406220518254247 44185926 44185926 0
19 568 rs1058154 10446897 2 -0.00405036480300694 10446897 10446897 0
19 3390 rs1325156 55216950 1 -0.00404354784936071 55216950 55216950 0
19 76 rs367825 3063409 2 0.00403622989131119 3063409 3063409 0
19 634 rs12609039 11348960 2 0.00400849458391336 11348960 11348960 0
19 3140 rs17239287 52022033 1 -0.0039969447392811 52022033 52022033 0
19 644 rs322129 11401105 2 0.00399350890449137 11401105 11401105 0
19 1179 rs1064395 19361735 1 0.00398811864548994 19361735 19361735 0
19 1172 rs36039745 19168228 1 0.00397895594322955 19168228 19168228 0
19 1190 rs892035 19758190 2 0.00396915683316947 19758190 19758190 0
19 1352 rs888315 24239788 1 0.00392504849034326 24239788 24239788 0
19 1545 rs4805350 29714355 1 0.00392314497255242 29714355 29714355 0
19 3395 rs527245 55434502 1 0.00392120306823855 55434502 55434502 0
19 8 rs8108922 691025 2 0.00388926841535087 691025 691025 0
19 2303 rs7257553 40046863 2 -0.00385702029555246 40046863 40046863 0
19 3382 rs4470262 55036661 1 0.00384931458240752 55036661 55036661 0
19 2619 rs16959164 45021252 1 -0.0038303434454915 45021252 45021252 0
19 7 rs13730 682010 1 0.00375266888891952 682010 682010 0
19 370 rs12986396 8167830 1 -0.00373569300684396 8167830 8167830 0
19 3459 rs310436 56178559 1 0.00373336082068884 56178559 56178559 0
19 1967 rs7251186 35219548 1 0.00371781890002711 35219548 35219548 0
19 1412 rs2868956 28811418 1 0.00370341079705099 28811418 28811418 0
19 777 rs2242130 13993457 1 0.00369476286441529 13993457 13993457 0
19 1108 rs3761055 17835831 2 -0.00368514056652507 17835831 17835831 0
19 2508 rs395760 44214193 1 0.00367605832531419 44214193 44214193 0
19 1141 rs11554159 18285944 1 0.00366805688156241 18285944 18285944 0
19 3610 rs10403926 57588298 2 0.00365609833316025 57588298 57588298 0
19 555 rs2288350 10283932 1 0.00360219564097984 10283932 10283932 0
19 1271 rs4613201 21927706 1 0.00357066975636384 21927706 21927706 0
19 3312 rs3960965 53789383 1 0.00355853779473005 53789383 53789383 0
19 1010 rs2005051 16344647 2 0.00355643525275973 16344647 16344647 0
19 2081 rs10426507 36667932 1 0.00354893806201642 36667932 36667932 0
19 2640 rs8104483 45372354 2 0.00352292424741588 45372354 45372354 0
19 2928 rs11673003 49571957 1 0.00352005452997111 49571957 49571957 0
19 2185 rs16979230 38515280 2 -0.00351639359065866 38515280 38515280 0
19 2260 rs11879029 39379906 1 0.00349645302348403 39379906 39379906 0
19 1658 rs4805602 31205300 2 0.00349009472132439 31205300 31205300 0
19 2310 rs3826923 40188968 1 -0.00347105581177286 40188968 40188968 0
19 3502 rs7259764 56466227 1 0.00346508027642887 56466227 56466227 0
19 2941 rs113984787 49671207 2 -0.00345291828099252 49671207 49671207 0
19 1764 rs1988952 33004201 1 -0.00345109144753079 33004201 33004201 0
19 2721 rs8101445 46563653 1 0.00344256471496041 46563653 46563653 0
19 3572 rs2052240 57186892 2 -0.00343407296366308 57186892 57186892 0
19 1533 rs2865496 29606361 1 0.00342025662612415 29606361 29606361 0
19 213 rs3745628 5663920 1 -0.00337705828862432 5663920 5663920 0
19 1427 rs2159077 28895255 1 0.00337002176346031 28895255 28895255 0
19 2805 rs12979616 48350011 2 0.00336915139948333 48350011 48350011 0
19 3452 rs112525800 56030250 1 0.00336840069776741 56030250 56030250 0
19 1334 rs11666025 23408129 1 0.00336615407599706 23408129 23408129 0
19 2113 rs826972 37249150 1 0.00333643432843625 37249150 37249150 0
19 2009 rs34259399 35757427 2 -0.00333576322009874 35757427 35757427 0
19 3533 rs16987032 56689214 1 0.00330467686885637 56689214 56689214 0
19 2715 rs1010693 46513183 1 0.00327353953979296 46513183 46513183 0
19 2647 rs439401 45414451 1 -0.00324381987335026 45414451 45414451 0
19 297 rs2042902 7204470 1 -0.00322817605454351 7204470 7204470 0
19 1877 rs12691 33791127 2 0.00322091430600628 33791127 33791127 0
19 422 rs2969292 8953801 1 -0.00320220218335654 8953801 8953801 0
19 1789 rs259271 33157100 1 0.00319370231629644 33157100 33157100 0
19 788 rs4545927 14438596 1 -0.00318867364558993 14438596 14438596 0
19 71 rs3786948 2933480 2 0.0031875102232334 2933480 2933480 0
19 2410 rs11666982 41531368 2 0.00317006802539512 41531368 41531368 0
19 2085 rs1129376 36828217 1 0.00315986224135771 36828217 36828217 0
19 376 rs118050938 8182174 1 0.00313525388374933 8182174 8182174 0
19 3167 rs7260516 52287452 1 0.00313514960835644 52287452 52287452 0
19 969 rs7259345 16015099 1 -0.0031306144944566 16015099 16015099 0
19 3717 rs1047405 58380878 1 -0.00312102865497248 58380878 58380878 0
19 2917 rs518822 49364625 1 -0.00311607440387162 49364625 49364625 0
19 171 rs2292151 4816719 1 0.00310903035584945 4816719 4816719 0
19 3162 rs4802841 52201763 1 0.003105170238475 52201763 52201763 0
19 2261 rs10412049 39447119 1 -0.0030824148165267 39447119 39447119 0
19 874 rs16980286 15174953 2 -0.00308068021061048 15174953 15174953 0
19 2450 rs7251044 42202285 2 0.00305333265877022 42202285 42202285 0
19 1722 rs1865055 32368991 1 0.00304697465035736 32368991 32368991 0
19 3092 rs7254514 51678482 1 0.00304103913668896 51678482 51678482 0
19 2648 rs5167 45448465 1 -0.00303106554714049 45448465 45448465 0
19 3380 rs1895375 55035001 2 -0.00302361557875907 55035001 55035001 0
19 835 rs10426228 14942624 1 -0.00302359178285626 14942624 14942624 0
19 3010 rs35209148 50940938 2 -0.00302294044811988 50940938 50940938 0
19 2925 rs10423255 49445774 2 -0.00302185595256535 49445774 49445774 0
19 3053 rs2735839 51364623 2 -0.00301841501864501 51364623 51364623 0
19 757 rs7250857 13484853 1 0.00301776901598459 13484853 13484853 0
19 2322 rs3944083 40301967 2 0.00301657847542037 40301967 40301967 0
19 666 rs9917003 11837692 1 0.00300940916752452 11837692 11837692 0
19 177 rs7246083 4866451 1 -0.00297516689987308 4866451 4866451 0
19 838 rs12972670 14952238 2 0.00296101813706798 14952238 14952238 0
19 2174 rs10426712 38362792 1 0.00294533829838528 38362792 38362792 0
19 1924 rs1017207 34365487 1 0.00294503341909823 34365487 34365487 0
19 327 rs484870 7569282 2 0.00291162978389606 7569282 7569282 0
19 2994 rs10413463 50699504 2 0.00291049408290635 50699504 50699504 0
19 3339 rs7254177 54206688 1 0.00291029199679811 54206688 54206688 0
19 1692 rs2542288 31888824 1 -0.00288405050576414 31888824 31888824 0
19 3525 rs7256266 56562165 2 0.00285801169802793 56562165 56562165 0
19 261 rs7258236 6760974 2 -0.00285232587894527 6760974 6760974 0
19 3598 rs12974085 57419586 1 0.0028503118290342 57419586 57419586 0
19 1452 rs4309511 29094875 1 -0.0028423167531556 29094875 29094875 0
19 1133 rs3761041 18183917 2 -0.00282668251283331 18183917 18183917 0
19 2157 rs2921563 37854040 1 -0.00281798384892975 37854040 37854040 0
19 621 rs1433099 11242658 2 0.00280580689821107 11242658 11242658 0
19 2862 rs16981882 48755267 2 -0.00278596784184315 48755267 48755267 0
19 526 rs2112527 9603751 1 0.00275953951973533 9603751 9603751 0
19 185 rs263066 5027230 1 -0.00275749699253569 5027230 5027230 0
19 3445 rs45448592 55902941 1 -0.00272916164927455 55902941 55902941 0
19 581 rs8113472 10608064 1 -0.0027110311489206 10608064 10608064 0
19 552 rs9305012 10260869 2 -0.00270824225243372 10260869 10260869 0
19 79 rs3786947 3114229 2 0.00270651307145724 3114229 3114229 0
19 3683 rs2885007 58134272 1 -0.0027046635793411 58134272 58134272 0
19 2187 rs734204 38539988 1 -0.00268101720470373 38539988 38539988 0
19 3530 rs274154 56671836 1 0.0026762526416767 56671836 56671836 0
19 250 rs392751 6645178 1 -0.00267276678968695 6645178 6645178 0
19 1030 rs61744196 17108136 1 0.00266905223872729 17108136 17108136 0
19 21 rs1875960 1537467 2 -0.00266253235225484 1537467 1537467 0
19 2889 rs12460535 49098750 1 -0.00264154434981365 49098750 49098750 0
19 3602 rs1433105 57461103 1 0.00263304619096434 57461103 57461103 0
19 136 rs888930 4288332 1 0.0026166500772398 4288332 4288332 0
19 2973 rs10404868 50271924 2 -0.00259900929661671 50271924 50271924 0
19 2653 rs1469704 45589595 1 0.00259600544834441 45589595 45589595 0
19 2033 rs7247001 36003962 2 -0.00259546817458014 36003962 36003962 0
19 441 rs2216662 9057721 1 0.00258240123123452 9057721 9057721 0
19 2240 rs35364374 38983180 1 -0.00258017467017614 38983180 38983180 0
19 3579 rs12462745 57218918 1 0.00257657080606255 57218918 57218918 0
19 3645 rs13345625 57835912 1 0.00257520968036569 57835912 57835912 0
19 832 rs8113284 14914914 1 -0.00257463971865449 14914914 14914914 0
19 1324 rs7252224 22974503 1 -0.00256561572841951 22974503 22974503 0
19 1098 rs76629753 17662616 1 0.00256181146866763 17662616 17662616 0
19 1900 rs4805905 34029507 2 0.00254993050638104 34029507 34029507 0
19 1681 rs4805644 31635312 1 0.00253837739048766 31635312 31635312 0
19 2027 rs1005948 35975921 1 0.00253399965988921 35975921 35975921 0
19 3681 rs10413455 58131623 1 0.00252218543386831 58131623 58131623 0
19 86 rs4807425 3229224 1 -0.00250011949241596 3229224 3229224 0
19 419 rs250316 8921033 1 0.00249170673606604 8921033 8921033 0
19 3014 rs34051416 50951640 1 0.00245821545897947 50951640 50951640 0
19 2867 rs61747754 48800751 1 0.00245530401817683 48800751 48800751 0
19 2422 rs3745295 41785282 1 -0.0024539670035789 41785282 41785282 0
19 3700 rs74939505 58213743 2 -0.00245049817869406 58213743 58213743 0
19 863 rs7248013 15112408 1 0.00244585737367023 15112408 15112408 0
19 1799 rs11084673 33353464 1 -0.00243768614512943 33353464 33353464 0
19 1784 rs259229 33134425 1 0.00240124940538579 33134425 33134425 0
19 24 rs4426464 1765297 2 0.00238982016521246 1765297 1765297 0
19 3585 rs148139560 57286568 1 -0.00238898554105853 57286568 57286568 0
19 3638 rs7247503 57790613 1 0.00238807194737882 57790613 57790613 0
19 1869 rs4805859 33667329 1 0.00238766138978707 33667329 33667329 0
19 3388 rs4436877 55216162 1 -0.00236129931559229 55216162 55216162 0
19 979 rs11086012 16032643 1 -0.00234259278161254 16032643 16032643 0
19 624 rs4804148 11270867 1 0.00233812377844142 11270867 11270867 0
19 19 rs2668423 1370526 1 -0.00232027190369779 1370526 1370526 0
19 2383 rs2233154 41281346 1 -0.00230982335286798 41281346 41281346 0
19 3269 rs10401904 53120559 1 -0.00230800415488459 53120559 53120559 0
19 3780 rs4801595 58978517 2 -0.00230235421689979 58978517 58978517 0
19 22 rs2012125 1630341 1 -0.00230156348071106 1630341 1630341 0
19 1684 rs4805656 31724380 1 0.00229809964813512 31724380 31724380 0
19 3111 rs1974821 51917735 2 0.00228913672957193 51917735 51917735 0
19 1605 rs4805487 30337127 2 -0.00228344534061746 30337127 30337127 0
19 2732 rs887946 46816788 2 0.0022832892659331 46816788 46816788 0
19 2713 rs749818 46496793 1 -0.00227573258900837 46496793 46496793 0
19 2749 rs3745788 46994833 1 -0.00226617218126891 46994833 46994833 0
19 2745 rs4803953 46959007 1 -0.00226472825060635 46959007 46959007 0
19 3194 rs4986772 52468551 1 -0.00225495627443586 52468551 52468551 0
19 355 rs6603134 8106521 2 0.00225242685413175 8106521 8106521 0
19 308 rs10420008 7234575 1 -0.00225013174424701 7234575 7234575 0
19 2893 rs148717503 49167860 1 -0.00223189424521759 49167860 49167860 0
19 2050 rs4806197 36200400 1 0.00223001018886689 36200400 36200400 0
19 2621 rs11670955 45022697 1 0.00221708316248034 45022697 45022697 0
19 2155 rs172786 37712984 1 0.00219461388893803 37712984 37712984 0
19 2416 rs1645685 41668003 1 0.00218200801383463 41668003 41668003 0
19 1862 rs3848599 33635887 2 -0.00216940966580305 33635887 33635887 0
19 2823 rs3936340 48527582 1 -0.00214820146570559 48527582 48527582 0
19 2143 rs16971886 37487975 1 0.00213779539008356 37487975 37487975 0
19 1884 rs10518275 33850841 1 0.00213443156855597 33850841 33850841 0
19 525 rs971366 9598587 1 0.00213393810791811 9598587 9598587 0
19 536 rs12609594 9972417 1 -0.00212686029244004 9972417 9972417 0
19 2923 rs2270941 49438363 1 0.00211802226612429 49438363 49438363 0
19 1301 rs9304996 22486535 1 -0.0021155280380726702 22486535 22486535 0
19 1339 rs1948438 23671926 1 0.00211539012635606 23671926 23671926 0
19 1766 rs7251512 33014643 2 0.00210952213305718 33014643 33014643 0
19 825 rs11669065 14833064 1 0.00208601198145397 14833064 14833064 0
19 1762 rs7258196 32944565 1 0.00208192690434015 32944565 32944565 0
19 2305 rs12609985 40060648 1 -0.00207488902076278 40060648 40060648 0
19 2004 rs2073900 35741456 1 0.00206684394532263 35741456 35741456 0
19 827 rs2732796 14844775 1 -0.00205821238605725 14844775 14844775 0
19 3393 rs775859 55433596 1 -0.00205396680233124 55433596 55433596 0
19 1394 rs934109 28685647 1 -0.0020509408777758 28685647 28685647 0
19 2044 rs2285419 36134208 1 0.00204833729002076 36134208 36134208 0
19 3589 rs10425564 57312980 1 0.0020445542853306 57312980 57312980 0
19 1842 rs3816032 33467515 1 -0.00202482823043898 33467515 33467515 0
19 425 rs3764556 8987218 1 0.00202460917646383 8987218 8987218 0
19 1004 rs443644 16292992 1 0.00201988322982163 16292992 16292992 0
19 2461 rs3745231 42713835 1 -0.00201108442062781 42713835 42713835 0
19 3678 rs10421673 58112844 2 0.0020109560840195 58112844 58112844 0
19 3036 rs9991 51301230 1 0.00198451619055411 51301230 51301230 0
19 3200 rs3450 52552999 1 0.00197860682624355 52552999 52552999 0
19 1228 rs10410777 20403541 1 0.00197854391444612 20403541 20403541 0
19 1392 rs4806048 28678337 1 -0.00196179159701007 28678337 28678337 0
19 3656 rs4801478 57909872 1 0.00194874259393715 57909872 57909872 0
19 873 rs11574685 15166997 1 -0.00193961995350699 15166997 15166997 0
19 2596 rs2722697 44950222 1 -0.00193845859782632 44950222 44950222 0
19 1763 rs6510250 33001746 1 -0.00193567247121854 33001746 33001746 0
19 200 rs11672914 5393748 1 0.00193037499141798 5393748 5393748 0
19 2894 rs10414737 49171593 1 -0.00192933296253249 49171593 49171593 0
19 67 rs2288958 2917287 1 0.00192426373416859 2917287 2917287 0
19 1804 rs16967511 33358527 1 0.0019234259527524 33358527 33358527 0
19 431 rs61744216 9045821 1 0.00191942180369345 9045821 9045821 0
19 1858 rs10421769 33605312 2 -0.00191508312470411 33605312 33605312 0
19 622 rs892114 11266584 1 -0.00190674904823499 11266584 11266584 0
19 1347 rs10415672 24175453 1 0.0018983858589167 24175453 24175453 0
19 178 rs2779169 4900684 1 -0.00188836972681119 4900684 4900684 0
19 3403 rs1043673 55512232 1 0.00187774753213979 55512232 55512232 0
19 2270 rs10417561 39553621 2 -0.00186938924499646 39553621 39553621 0
19 2637 rs4803760 45333834 2 0.00186420283241636 45333834 45333834 0
19 1659 rs7255838 31207592 2 -0.00185377000952829 31207592 31207592 0
19 3257 rs17780173 52937339 1 -0.00184460171028868 52937339 52937339 0
19 2393 rs5007415 41393760 1 0.00178356912132993 41393760 41393760 0
19 3137 rs962130 52014006 1 0.00177749429483677 52014006 52014006 0
19 345 rs3745376 7833690 2 -0.0017565333775364 7833690 7833690 0
19 1213 rs10424838 20095448 1 -0.00175367493400346 20095448 20095448 0
19 387 rs17159388 8320555 1 0.00175268763232406 8320555 8320555 0
19 1184 rs4808199 19545099 1 0.00175083693039345 19545099 19545099 0
19 2602 rs73036500 44981832 1 0.00174845562392333 44981832 44981832 0
19 330 rs625910 7594159 1 -0.00174327039659733 7594159 7594159 0
19 3204 rs1366245 52660279 1 0.00173598325749232 52660279 52660279 0
19 2633 rs116023028 45297479 1 -0.00171850665512492 45297479 45297479 0
19 531 rs7246760 9918229 2 -0.00171664457336091 9918229 9918229 0
19 3068 rs2569522 51455389 2 -0.00171616170698151 51455389 51455389 0
19 461 rs2591591 9074950 2 -0.00171567870574914 9074950 9074950 0
19 1851 rs6510345 33588941 1 -0.00171504040518223 33588941 33588941 0
19 2528 rs10500288 44354180 1 0.00170003730830005 44354180 44354180 0
19 2082 rs4805162 36674305 1 -0.00169233464203033 36674305 36674305 0
19 293 rs4804366 7185328 1 0.00168310314988394 7185328 7185328 0
19 2442 rs1990301 42147477 1 0.00167691273396479 42147477 42147477 0
19 2785 rs2914018 48128710 1 -0.0016706157530452 48128710 48128710 0
19 3376 rs7251986 55005607 1 0.00166397129146852 55005607 55005607 0
19 82 rs17347521 3160385 1 0.00166355258105803 3160385 3160385 0
19 1575 rs8106649 30056335 1 -0.00166047528776936 30056335 30056335 0
19 1682 rs6510186 31654615 2 0.0016599834649015301 31654615 31654615 0
19 2936 rs9304680 49651042 1 -0.00165409660621837 49651042 49651042 0
19 3535 rs2195974 56743097 1 -0.0016502735281612 56743097 56743097 0
19 3077 rs1474520 51530693 1 0.00163482136838047 51530693 51530693 0
19 2833 rs2162886 48557013 1 0.00161911671954626 48557013 48557013 0
19 65 rs3855680 2906475 1 0.00161415646920493 2906475 2906475 0
19 1170 rs10330 19017862 2 -0.0015959878721261 19017862 19017862 0
19 1875 rs736289 33757062 1 -0.00159539854966057 33757062 33757062 0
19 2259 rs144373891 39379770 1 0.00159425599228215 39379770 39379770 0
19 1863 rs17833557 33636919 1 0.00159016834002278 33636919 33636919 0
19 1894 rs4362488 33914944 1 0.001587237017206 33914944 33914944 0
19 3593 rs1055359 57324340 1 -0.00158601899323589 57324340 57324340 0
19 1620 rs8112788 30698693 1 -0.00158210580341863 30698693 30698693 0
19 2890 rs17842463 49102599 2 0.0015762869505108 49102599 49102599 0
19 2839 rs11564538 48601512 1 0.00155579586717862 48601512 48601512 0
19 343 rs12611071 7800361 1 0.00155347342988075 7800361 7800361 0
19 3043 rs12052047 51321083 1 0.00155073137649652 51321083 51321083 0
19 3517 rs306472 56493232 1 0.00152751149656186 56493232 56493232 0
19 1585 rs16963085 30095911 1 0.00152714940658785 30095911 30095911 0
19 3437 rs73054941 55870260 1 -0.00152226793059534 55870260 55870260 0
19 3468 rs7249986 56302176 1 -0.00150900498476684 56302176 56302176 0
19 55 rs885704 2833431 1 -0.00150174524101303 2833431 2833431 0
19 196 rs10415030 5312177 1 -0.0014986358028913 5312177 5312177 0
19 3692 rs12608882 58167671 1 0.00148487046446986 58167671 58167671 0
19 277 rs422318 6951434 1 -0.00148449698124988 6951434 6951434 0
19 2675 rs4803831 46038553 2 -0.00148344170905362 46038553 46038553 0
19 2365 rs814528 41014922 1 -0.00147501457586743 41014922 41014922 0
19 584 rs892084 10669032 1 -0.00146120232851172 10669032 10669032 0
19 1274 rs10415147 21953645 2 -0.00145904272644701 21953645 21953645 0
19 3425 rs3848618 55673654 1 -0.00145544640306235 55673654 55673654 0
19 1781 rs13345904 33130529 2 0.00144740655482971 33130529 33130529 0
19 1168 rs757114 18970357 1 0.00144434957156406 18970357 18970357 0
19 668 rs8106141 11866510 1 -0.00144366058320771 11866510 11866510 0
19 3399 rs7359929 55447595 1 -0.00143585616117028 55447595 55447595 0
19 947 rs61741438 15905414 1 -0.00142195655128753 15905414 15905414 0
19 1720 rs511811 32314430 2 0.00141387995481512 32314430 32314430 0
19 3034 rs55716643 51297825 2 -0.00141293628647231 51297825 51297825 0
19 56 rs17685286 2833562 2 -0.00141213517608198 2833562 2833562 0
19 199 rs2082465 5359211 1 -0.00141176522224657 5359211 5359211 0
19 876 rs4808217 15240815 1 0.00140929453594232 15240815 15240815 0
19 2635 rs117737673 45322316 1 -0.00140597202474123 45322316 45322316 0
19 711 rs10407898 12426234 1 0.00140178742704531 12426234 12426234 0
19 111 rs2240234 3831709 1 -0.00139800382147906 3831709 3831709 0
19 2769 rs11673675 47428968 2 -0.00139332482898327 47428968 47428968 0
19 120 rs12459940 4118871 1 -0.00138498113177877 4118871 4118871 0
19 2572 rs1233430 44779788 1 -0.00137544858321309 44779788 44779788 0
19 1988 rs2290642 35501051 1 0.00137068498899372 35501051 35501051 0
19 1323 rs61740110 22942335 1 0.0013671618958034 22942335 22942335 0
19 3628 rs11672517 57678194 1 0.00136612723963192 57678194 57678194 0
19 1629 rs9630865 30779231 1 0.00135551874354842 30779231 30779231 0
19 2073 rs12608517 36558113 1 -0.00135417770265699 36558113 36558113 0
19 2500 rs2302524 44156472 1 0.00134959479821042 44156472 44156472 0
19 219 rs1674153 5880949 1 0.00134629700637038 5880949 5880949 0
19 2996 rs584975 50741570 1 -0.00134023625764307 50741570 50741570 0
19 759 rs8109003 13518462 1 -0.00133905645081362 13518462 13518462 0
19 1986 rs7247980 35482114 2 0.00133781520068812 35482114 35482114 0
19 2419 rs1946612 41767987 1 -0.00132986046045052 41767987 41767987 0
19 2830 rs7258076 48549257 1 -0.00132704232620284 48549257 48549257 0
19 676 rs61736266 11916890 1 -0.0013249037028042 11916890 11916890 0
19 2297 rs31726 39914748 2 -0.00132384053996409 39914748 39914748 0
19 763 rs4926293 13597003 1 0.0013189253990983 13597003 13597003 0
19 1748 rs2111505 32779619 1 0.00131183089638223 32779619 32779619 0
19 3289 rs1045764 53611473 2 0.0013105084606889 53611473 53611473 0
19 632 rs17699089 11343795 1 -0.00130944594705057 11343795 11343795 0
19 2638 rs519825 45366779 1 -0.00130775089243478 45366779 45366779 0
19 3453 rs73067164 56052282 1 -0.00130694921004562 56052282 56052282 0
19 3228 rs4802915 52766862 1 0.00129038750468296 52766862 52766862 0
19 1316 rs10420648 22767819 1 0.0012845434320497 22767819 22767819 0
19 1880 rs17529948 33845598 1 0.00128320257940719 33845598 33845598 0
19 279 rs6510937 6994987 1 0.00128219062355612 6994987 6994987 0
19 1439 rs17831750 28991292 1 0.00127616764108241 28991292 28991292 0
19 2988 rs3786669 50486939 1 0.00126600843145522 50486939 50486939 0
19 2314 rs72480733 40196627 1 0.00126218495729713 40196627 40196627 0
19 2494 rs1860149 44118680 1 -0.00126118957006165 44118680 44118680 0
19 240 rs7253395 6401588 1 0.00125757226367765 6401588 6401588 0
19 2488 rs2682585 44081288 1 -0.001239768629876 44081288 44081288 0
19 651 rs7246527 11651810 2 0.00123579278274369 11651810 11651810 0
19 15 rs3752233 1045173 1 -0.00123072860725364 1045173 1045173 0
19 1730 rs11882901 32497463 1 0.00122616513628685 32497463 32497463 0
19 2097 rs3108580 37056330 1 -0.00121725980985141 37056330 37056330 0
19 1590 rs4805463 30137035 1 0.00121607521369076 30137035 30137035 0
19 2851 rs20580 48654553 1 0.00121531246624474 48654553 48654553 0
19 1904 rs891035 34060938 2 -0.0012136308784143 34060938 34060938 0
19 3033 rs4802740 51263432 1 0.00121249378195004 51263432 51263432 0
19 2912 rs684959 49296654 2 0.00121109930092195 49296654 49296654 0
19 2634 rs28399653 45315445 1 0.00120358291269898 45315445 45315445 0
19 1708 rs2052570 31924649 1 0.00118121040618528 31924649 31924649 0
19 2214 rs3900981 38800165 1 0.00117796528512142 38800165 38800165 0
19 3430 rs10404178 55780487 1 -0.00117662119998722 55780487 55780487 0
19 85 rs312077 3211221 1 0.00117494803740761 3211221 3211221 0
19 284 rs17775938 7090222 1 -0.00117466117782242 7090222 7090222 0
19 3090 rs2075803 51628529 1 0.00116610648855795 51628529 51628529 0
19 28 rs10500203 1937178 1 -0.00116602551878475 1937178 1937178 0
19 1525 rs10413904 29575500 1 -0.00116196433699579 29575500 29575500 0
19 855 rs7250965 15031834 1 -0.00115397001660487 15031834 15031834 0
19 1819 rs4805015 33395413 1 0.00114347816156827 33395413 33395413 0
19 1023 rs773878 16946764 1 -0.00112976138081173 16946764 16946764 0
19 1847 rs12972060 33537096 2 -0.00112685645217057 33537096 33537096 0
19 3319 rs12150892 53828221 1 0.00112421556519551 53828221 53828221 0
19 3474 rs8101041 56326058 1 -0.0011169772508693 56326058 56326058 0
19 2035 rs2106446 36012084 1 -0.0011120770372765 36012084 36012084 0
19 2042 rs2285416 36128295 1 0.00110736304199186 36128295 36128295 0
19 2606 rs2686768 44995990 1 -0.00110520979989179 44995990 44995990 0
19 1841 rs2304103 33467413 2 -0.00110317496619386 33467413 33467413 0
19 2291 rs30461 39789115 1 0.00109726651363567 39789115 39789115 0
19 3267 rs1012531 53118278 1 0.00108903502937026 53118278 53118278 0
19 3575 rs7258285 57198573 2 -0.0010883536657874 57198573 57198573 0
19 1860 rs17833533 33630693 1 0.00108509953005999 33630693 33630693 0
19 3048 rs61752561 51361382 1 -0.00107805803644289 51361382 51361382 0
19 1015 rs386869 16426657 1 0.00107466473349093 16426657 16426657 0
19 2519 rs189445 44331710 1 -0.00106948652801012 44331710 44331710 0
19 2937 rs2278004 49654421 2 0.00106824222965864 49654421 49654421 0
19 2834 rs1019786 48581142 1 0.0010653597773563 48581142 48581142 0
19 2453 rs10425443 42239178 1 -0.00106200970550501 42239178 42239178 0
19 882 rs3815188 15303225 2 0.0010545078243407 15303225 15303225 0
19 198 rs8111216 5353576 2 -0.00103629973556211 5353576 5353576 0
19 1406 rs4805143 28789999 1 -0.00103328148072386 28789999 28789999 0
19 3582 rs2041397 57231002 1 -0.00102966715849565 57231002 57231002 0
19 901 rs3764563 15724203 1 -0.00102297845596969 15724203 15724203 0
19 3239 rs13343641 52825032 1 -0.0010226374427897 52825032 52825032 0
19 680 rs279205 12014274 1 0.00101978936401662 12014274 12014274 0
19 1122 rs4808727 18083619 1 0.00101595665939188 18083619 18083619 0
19 235 rs4807854 6258557 1 0.00100708550859832 6258557 6258557 0
19 3775 rs1465789 58946056 2 9.991027433254e-4 58946056 58946056 0
19 3653 rs862708 57867599 1 9.921839743184276e-4 57867599 57867599 0
19 606 rs7935 11105608 1 -9.901720520301865e-4 11105608 11105608 0
19 3605 rs2902943 57524031 1 9.754371823790584e-4 57524031 57524031 0
19 1280 rs2457785 22026279 2 9.706714386912588e-4 22026279 22026279 0
19 3192 rs6509607 52466065 1 -9.705233114567596e-4 52466065 52466065 0
19 2776 rs10421978 47928003 1 9.680328289606116e-4 47928003 47928003 0
19 3156 rs16982895 52155449 2 -9.673691744594484e-4 52155449 52155449 0
19 2986 rs12984158 50477700 1 9.647292593858234e-4 50477700 50477700 0
19 679 rs17001671 11931746 2 9.579842646080536e-4 11931746 11931746 0
19 34 rs34475638 2039727 1 -9.559179634711708e-4 2039727 2039727 0
19 2865 rs448784 48764721 1 9.54232260717822e-4 48764721 48764721 0
19 1905 rs3898492 34064054 2 9.47951089793956e-4 34064054 34064054 0
19 3623 rs3795003 57641799 1 9.422141378208188e-4 57641799 57641799 0
19 1591 rs1864222 30164574 1 9.344054906863464e-4 30164574 30164574 0
19 1769 rs2868145 33047114 1 9.300446288842306e-4 33047114 33047114 0
19 2059 rs73592448 36258721 2 -9.28392275021276e-4 36258721 36258721 0
19 1574 rs10410525 30042913 1 9.196679368245728e-4 30042913 30042913 0
19 3558 rs960995 57039169 1 -9.104313564445096e-4 57039169 57039169 0
19 638 rs2116876 11359484 1 9.025228908134704e-4 11359484 11359484 0
19 2462 rs1206028 42855167 1 9.020305703234848e-4 42855167 42855167 0
19 1232 rs10416706 20488698 1 8.995545836045944e-4 20488698 20488698 0
19 3292 rs11878412 53627777 2 -8.981100920689379e-4 53627777 53627777 0
19 1504 rs2216731 29400892 1 8.951700060085745e-4 29400892 29400892 0
19 459 rs2121133 9072313 1 -8.916686638992284e-4 9072313 9072313 0
19 2976 rs7246170 50321510 1 -8.877898277010327e-4 50321510 50321510 0
19 1389 rs9973221 28587534 1 8.846009403260347e-4 28587534 28587534 0
19 2269 rs8108645 39553533 1 8.844233923418238e-4 39553533 39553533 0
19 150 rs2288932 4475362 1 -8.651323558281115e-4 4475362 4475362 0
19 646 rs414852 11410141 1 8.642489997056213e-4 11410141 11410141 0
19 440 rs1895364 9057687 1 8.586174684912705e-4 9057687 9057687 0
19 556 rs61750053 10291473 2 -8.536718402300607e-4 10291473 10291473 0
19 1252 rs29727 21374305 1 8.516951675318875e-4 21374305 21374305 0
19 1260 rs8112775 21474389 1 8.491840729965003e-4 21474389 21474389 0
19 2938 rs3745297 49658209 1 8.472510758337248e-4 49658209 49658209 0
19 3159 rs6509564 52163384 1 8.296190188472084e-4 52163384 52163384 0
19 3464 rs1423071 56293701 1 -8.197741419142011e-4 56293701 56293701 0
19 501 rs75711758 9226265 1 -8.186878947632198e-4 9226265 9226265 0
19 2389 rs11666504 41309240 1 -8.14485763824485e-4 41309240 41309240 0
19 3057 rs2664144 51391656 1 -8.099470504395773e-4 51391656 51391656 0
19 3240 rs321948 52859007 1 8.082505171995361e-4 52859007 52859007 0
19 3663 rs10407042 57984426 1 8.062149738186072e-4 57984426 57984426 0
19 3325 rs7255193 53893338 1 8.048478921359372e-4 53893338 53893338 0
19 248 rs344587 6588267 1 8.047136899361736e-4 6588267 6588267 0
19 2420 rs3760659 41769104 1 -7.983051002635223e-4 41769104 41769104 0
19 3355 rs654765 54590836 1 -7.950230792372582e-4 54590836 54590836 0
19 742 rs4926248 13383313 1 7.865601085225429e-4 13383313 13383313 0
19 3003 rs667907 50785386 2 -7.845283821279689e-4 50785386 50785386 0
19 1282 rs2435039 22036167 1 7.836673082873353e-4 22036167 22036167 0
19 1671 rs10420813 31354223 1 7.830208540954335e-4 31354223 31354223 0
19 520 rs10401135 9443332 1 -7.827307149816563e-4 9443332 9443332 0
19 91 rs4807437 3309021 1 -7.813147359295141e-4 3309021 3309021 0
19 2821 rs35362679 48523128 1 7.747620820943559e-4 48523128 48523128 0
19 3460 rs8104242 56190815 1 -7.725114844087208e-4 56190815 56190815 0
19 119 rs1823059 4115993 1 -7.724988560764614e-4 4115993 4115993 0
19 2804 rs11668505 48348363 1 7.716559001729077e-4 48348363 48348363 0
19 1871 rs889104 33676677 1 7.701914980909069e-4 33676677 33676677 0
19 960 rs2108622 15990431 1 -7.649294106037197e-4 15990431 15990431 0
19 434 rs10854118 9048342 1 -7.57010746542188e-4 9048342 9048342 0
19 2111 rs3108581 37217437 1 -7.553462505127206e-4 37217437 37217437 0
19 691 rs8109273 12224172 1 7.544796068972351e-4 12224172 12224172 0
19 2738 rs75175362 46914927 1 7.541905516960467e-4 46914927 46914927 0
19 2086 rs9676958 36950171 2 -7.486540301406791e-4 36950171 36950171 0
19 1144 rs17683539 18312588 1 7.456972702060585e-4 18312588 18312588 0
19 151 rs16992410 4487806 1 -7.429759093363706e-4 4487806 4487806 0
19 1543 rs8109749 29700960 1 -7.426349433085398e-4 29700960 29700960 0
19 42 rs7252511 2396243 1 7.420846559758127e-4 2396243 2396243 0
19 1567 rs10411539 29972230 2 -7.393987766415048e-4 29972230 29972230 0
19 1935 rs10415423 34553925 1 7.380013782557535e-4 34553925 34553925 0
19 3088 rs2569432 51611073 1 -7.373886901302912e-4 51611073 51611073 0
19 1202 rs247789 19863014 1 -7.299494840317295e-4 19863014 19863014 0
19 837 rs3752193 14951680 1 7.288324112622077e-4 14951680 14951680 0
19 809 rs732722 14744032 1 -7.233335863821808e-4 14744032 14744032 0
19 3492 rs7260642 56426073 1 7.199690558629083e-4 56426073 56426073 0
19 2156 rs2305115 37835658 1 7.188841499939714e-4 37835658 37835658 0
19 3041 rs2288417 51308057 1 7.159173557963078e-4 51308057 51308057 0
19 894 rs7251665 15682328 1 7.149065008885591e-4 15682328 15682328 0
19 2254 rs12983010 39229089 1 -7.148002778218415e-4 39229089 39229089 0
19 2344 rs234325 40502943 1 -7.116332945912233e-4 40502943 40502943 0
19 623 rs7251031 11266693 1 -7.101219936342381e-4 11266693 11266693 0
19 1000 rs2241400 16240727 1 -7.090712508730168e-4 16240727 16240727 0
19 3011 rs10409570 50945411 2 7.060567957886233e-4 50945411 50945411 0
19 738 rs11558955 13059147 1 7.054070602703711e-4 13059147 13059147 0
19 2272 rs481802 39573851 1 -7.041340415944355e-4 39573851 39573851 0
19 1589 rs10415705 30125153 1 6.988569224412974e-4 30125153 30125153 0
19 263 rs473021 6788907 1 -6.988302810354538e-4 6788907 6788907 0
19 3738 rs4801552 58569631 2 -6.988009858172629e-4 58569631 58569631 0
19 514 rs12608694 9361302 1 -6.97872980216085e-4 9361302 9361302 0
19 830 rs17230134 14910654 1 -6.957278750209532e-4 14910654 14910654 0
19 2247 rs2287731 39101879 1 -6.902258089653914e-4 39101879 39101879 0
19 2768 rs384842 47379025 2 -6.846205693647274e-4 47379025 47379025 0
19 2167 rs241935 38293963 1 -6.841832326540023e-4 38293963 38293963 0
19 728 rs117566511 12805424 1 -6.836763179191407e-4 12805424 12805424 0
19 561 rs5498 10395683 1 6.81876047548932e-4 10395683 10395683 0
19 2534 rs11881642 44454909 1 -6.804580189189606e-4 44454909 44454909 0
19 1686 rs10418984 31838378 1 -6.726737666133522e-4 31838378 31838378 0
19 3039 rs3745528 51302066 1 -6.712339282359383e-4 51302066 51302066 0
19 1901 rs153703 34029698 1 -6.658950612618254e-4 34029698 34029698 0
19 3614 rs12976645 57597515 1 6.632850788550369e-4 57597515 57597515 0
19 258 rs1049232 6751293 1 6.575601184200836e-4 6751293 6751293 0
19 2729 rs2017924 46729298 2 -6.552018079686039e-4 46729298 46729298 0
19 1099 rs3848643 17667970 1 -6.544899357386914e-4 17667970 17667970 0
19 1672 rs4805634 31370794 1 -6.460138922111755e-4 31370794 31370794 0
19 1947 rs571620 34610088 1 -6.433000600996473e-4 34610088 34610088 0
19 3154 rs7245800 52083552 1 -6.403091116565985e-4 52083552 52083552 0
19 5 rs3764571 376382 1 -6.398083178590402e-4 376382 376382 0
19 3328 rs4801983 53975468 1 -6.351669146366418e-4 53975468 53975468 0
19 2782 rs830139 48015572 1 -6.333318038498012e-4 48015572 48015572 0
19 1007 rs751403 16311070 1 -6.325286173916319e-4 16311070 16311070 0
19 3022 rs1978454 51073579 1 -6.317933755123868e-4 51073579 51073579 0
19 2655 rs7255060 45604163 1 -6.24323267160592e-4 45604163 45604163 0
19 29 rs12980679 1960031 1 6.196367093874291e-4 1960031 1960031 0
19 805 rs6511944 14721019 1 -6.191545569693624e-4 14721019 14721019 0
19 1680 rs276725 31509362 1 6.162685822206063e-4 31509362 31509362 0
19 791 rs9917042 14494473 1 6.158109465084752e-4 14494473 14494473 0
19 1391 rs4805978 28613972 2 6.119397859622917e-4 28613972 28613972 0
19 201 rs11667049 5421962 1 -6.068368992307512e-4 5421962 5421962 0
19 1624 rs7257460 30746753 2 6.01221092702729e-4 30746753 30746753 0
19 3416 rs4806637 55555988 2 6.00876751111193e-4 55555988 55555988 0
19 1262 rs1781872 21477403 1 5.99697967651161e-4 21477403 21477403 0
19 3266 rs1056185 53117531 1 5.969974502914759e-4 53117531 53117531 0
19 3367 rs2241385 54849566 1 -5.96776394875612e-4 54849566 54849566 0
19 1779 rs9304837 33123928 1 5.963699434397395e-4 33123928 33123928 0
19 781 rs7507907 14010933 1 -5.961034701295301e-4 14010933 14010933 0
19 739 rs4926244 13374913 2 -5.957178733768755e-4 13374913 13374913 0
19 3532 rs175530 56685463 1 -5.956225080629516e-4 56685463 56685463 0
19 1931 rs2159328 34439135 2 5.949101969656819e-4 34439135 34439135 0
19 2576 rs2609886 44803508 1 5.946227099131528e-4 44803508 44803508 0
19 1926 rs16968628 34366126 1 5.880989607061767e-4 34366126 34366126 0
19 1562 rs16962840 29938906 1 5.814861591473765e-4 29938906 29938906 0
19 132 rs11671900 4246693 1 5.813317202242786e-4 4246693 4246693 0
19 3511 rs61740015 56485077 1 5.793302771236667e-4 56485077 56485077 0
19 3291 rs7251341 53615991 1 -5.767548716340999e-4 53615991 53615991 0
19 3284 rs10419891 53587370 1 5.727268775388526e-4 53587370 53587370 0
19 2277 rs692364 39605882 1 5.708737880978356e-4 39605882 39605882 0
19 2820 rs3815908 48522869 1 5.652710862110283e-4 48522869 48522869 0
19 1772 rs11667881 33054934 1 -5.642969020425402e-4 33054934 33054934 0
19 3112 rs9304712 51925519 1 -5.634906860889043e-4 51925519 51925519 0
19 2249 rs732135 39141974 1 -5.617510564773856e-4 39141974 39141974 0
19 2880 rs73050908 48968015 1 -5.606615034275457e-4 48968015 48968015 0
19 504 rs10414255 9237542 1 -5.580999544393617e-4 9237542 9237542 0
19 562 rs281437 10397238 1 5.562024312245232e-4 10397238 10397238 0
19 3177 rs10411161 52372976 1 -5.54198824154684e-4 52372976 52372976 0
19 192 rs2238639 5261230 1 -5.54153532987499e-4 5261230 5261230 0
19 1236 rs10421633 20793168 1 -5.514540213720666e-4 20793168 20793168 0
19 2332 rs7508451 40339678 1 5.494476476808711e-4 40339678 40339678 0
19 1999 rs504389 35720776 1 5.464831988449188e-4 35720776 35720776 0
19 349 rs4804827 7898541 1 5.438718976395419e-4 7898541 7898541 0
19 2068 rs3810449 36530913 1 -5.424626432959463e-4 36530913 36530913 0
19 286 rs1052371 7112593 1 -5.419358298759879e-4 7112593 7112593 0
19 2728 rs7255414 46720664 2 -5.388212710337099e-4 46720664 46720664 0
19 2245 rs11881082 39029201 1 -5.363023823535707e-4 39029201 39029201 0
19 1746 rs8110947 32755790 1 5.348828750271974e-4 32755790 32755790 0
19 234 rs10425093 6205825 1 -5.340429858717105e-4 6205825 6205825 0
19 2206 rs7253473 38717378 1 -5.329387828033971e-4 38717378 38717378 0
19 1435 rs4632257 28948441 1 5.297147408461855e-4 28948441 28948441 0
19 3296 rs4801959 53669273 1 -5.256047110501583e-4 53669273 53669273 0
19 1505 rs2902965 29401768 1 5.18614996004331e-4 29401768 29401768 0
19 298 rs10426094 7205240 1 -5.146352990241619e-4 7205240 7205240 0
19 3424 rs58824375 55673145 1 5.142439768489043e-4 55673145 55673145 0
19 820 rs75269766 14815918 2 5.14113754057783e-4 14815918 14815918 0
19 719 rs4804715 12641232 1 5.102348308892911e-4 12641232 12641232 0
19 503 rs1036224 9228196 1 5.06888914845172e-4 9228196 9228196 0
19 2703 rs10408380 46414628 1 -5.065716764264836e-4 46414628 46414628 0
19 2280 rs12984418 39642729 1 -5.055701005589095e-4 39642729 39642729 0
19 3643 rs4801216 57835252 1 5.025096464008586e-4 57835252 57835252 0
19 3012 rs35951152 50945512 1 5.008864685682568e-4 50945512 50945512 0
19 1710 rs4804966 31933275 1 4.991412195689461e-4 31933275 31933275 0
19 2642 rs6859 45382034 1 -4.942569201251103e-4 45382034 45382034 0
19 2940 rs11667393 49662027 1 4.897896918924907e-4 49662027 49662027 0
19 2561 rs10422609 44666704 1 -4.88450095016994e-4 44666704 44666704 0
19 2789 rs2974205 48161124 2 -4.8187364986646865e-4 48161124 48161124 0
19 3599 rs10404759 57433407 1 -4.790444979884473e-4 57433407 57433407 0
19 1217 rs7255165 20133846 1 4.723056134910214e-4 20133846 20133846 0
19 246 rs348374 6547141 2 -4.6988133314912624e-4 6547141 6547141 0
19 2454 rs10413359 42271006 1 -4.673167001730849e-4 42271006 42271006 0
19 2727 rs2253940 46713197 1 4.665129754502172e-4 46713197 46713197 0
19 1903 rs996088 34037282 1 4.6580986723153623e-4 34037282 34037282 0
19 1909 rs8103587 34105378 2 -4.651085206032425e-4 34105378 34105378 0
19 3349 rs217541 54443866 1 4.555466490774894e-4 54443866 54443866 0
19 627 rs17616661 11303554 1 4.546239327395203e-4 11303554 11303554 0
19 2394 rs4001941 41426424 1 -4.521938851099369e-4 41426424 41426424 0
19 2871 rs1062919 48836208 1 -4.446463626819105e-4 48836208 48836208 0
19 3608 rs12461308 57563500 1 4.445381551738627e-4 57563500 57563500 0
19 786 rs8108124 14417570 1 4.43264066648134e-4 14417570 14417570 0
19 3404 rs10415310 55515972 1 -4.416857440984582e-4 55515972 55515972 0
19 3099 rs1875425 51768967 1 -4.4051578865691337e-4 51768967 51768967 0
19 976 rs144011208 16024140 1 4.403255800865424e-4 16024140 16024140 0
19 2722 rs1035254 46566661 1 4.390687943746836e-4 46566661 46566661 0
19 3176 rs17761865 52324234 1 -4.3791688812329626e-4 52324234 52324234 0
19 655 rs897811 11698757 1 -4.3464235114428114e-4 11698757 11698757 0
19 3103 rs3786627 51850767 1 -4.336984939123199e-4 51850767 51850767 0
19 2152 rs4254428 37584650 1 -4.308815187955813e-4 37584650 37584650 0
19 3571 rs10404532 57162288 1 4.305155735558234e-4 57162288 57162288 0
19 618 rs2569537 11240053 1 4.297872678807967e-4 11240053 11240053 0
19 636 rs4804579 11358700 1 -4.294995435631193e-4 11358700 11358700 0
19 3237 rs8112051 52815148 1 -4.2413847313225257e-4 52815148 52815148 0
19 889 rs2366057 15591052 1 4.2154240340542046e-4 15591052 15591052 0
19 2024 rs8101851 35936004 2 4.2044894888399376e-4 35936004 35936004 0
19 208 rs385839 5522356 1 -4.198185448509759e-4 5522356 5522356 0
19 3648 rs73633729 57840505 1 -4.1769420846700335e-4 57840505 57840505 0
19 1087 rs8109373 17579984 1 -4.17587920703301e-4 17579984 17579984 0
19 2056 rs8106959 36219525 1 -4.174560540459085e-4 36219525 36219525 0
19 3442 rs4252548 55879672 2 -4.159519480122619e-4 55879672 55879672 0
19 1152 rs2277922 18376522 1 4.130700442035418e-4 18376522 18376522 0
19 2451 rs1593086 42220409 1 -4.113376396517519e-4 42220409 42220409 0
19 3170 rs12985955 52294097 1 4.0470547092515726e-4 52294097 52294097 0
19 1557 rs7254979 29898187 1 -3.978364760318467e-4 29898187 29898187 0
19 163 rs10415651 4687075 1 3.9702630120537214e-4 4687075 4687075 0
19 1544 rs3760841 29705783 1 -3.9608697957743135e-4 29705783 29705783 0
19 3718 rs2375145 58401342 1 -3.9519618980708574e-4 58401342 58401342 0
19 2418 rs305959 41675162 1 -3.943343337147005e-4 41675162 41675162 0
19 683 rs7255420 12157839 1 3.93108464824441e-4 12157839 12157839 0
19 3431 rs10411896 55783552 1 -3.9077691796857866e-4 55783552 55783552 0
19 718 rs7248145 12639911 1 3.903931926916101e-4 12639911 12639911 0
19 2237 rs2228068 38981284 1 3.831546580246091e-4 38981284 38981284 0
19 100 rs11085029 3624838 1 3.8018017366485575e-4 3624838 3624838 0
19 1530 rs8106958 29599586 1 -3.7802845477942346e-4 29599586 29599586 0
19 2939 rs3745298 49658367 2 -3.776279488844424e-4 49658367 49658367 0
19 2615 rs17800789 45015020 1 -3.77160403148505e-4 45015020 45015020 0
19 2021 rs8112413 35910004 1 3.7585531192041503e-4 35910004 35910004 0
19 3272 rs4802987 53233273 1 -3.7378427092612366e-4 53233273 53233273 0
19 1001 rs12980138 16245267 1 -3.693111615562288e-4 16245267 16245267 0
19 2840 rs11564534 48602951 1 3.678676920417504e-4 48602951 48602951 0
19 1233 rs10413625 20731545 1 -3.667402135556953e-4 20731545 20731545 0
19 3238 rs7247178 52815890 2 3.632242666343351e-4 52815890 52815890 0
19 6 rs4919908 508626 1 3.551248744029763e-4 508626 508626 0
19 3745 rs12151036 58714235 1 3.53581496960207e-4 58714235 58714235 0
19 1378 rs2868465 28457604 1 3.529894226555828e-4 28457604 28457604 0
19 224 rs673153 6033976 1 -3.5276797290143035e-4 6033976 6033976 0
19 817 rs3813145 14806162 1 3.489685658736467e-4 14806162 14806162 0
19 2362 rs268691 40949672 1 3.4699829859151935e-4 40949672 40949672 0
19 2274 rs117752516 39591829 1 -3.465043553674043e-4 39591829 39591829 0
19 2116 rs1148399 37329305 1 -3.4643076251973106e-4 37329305 37329305 0
19 2685 rs10415769 46158643 1 -3.430900358947983e-4 46158643 46158643 0
19 3190 rs1017379 52457306 1 -3.293996309829237e-4 52457306 52457306 0
19 2770 rs311384 47455315 1 3.2859542990269335e-4 47455315 47455315 0
19 2739 rs878609 46925675 1 -3.2745996334571705e-4 46925675 46925675 0
19 1776 rs7247420 33096786 2 -3.235444870303076e-4 33096786 33096786 0
19 216 rs3916080 5832899 1 3.210975262219206e-4 5832899 5832899 0
19 3671 rs61731281 58017753 1 -3.1160940833354554e-4 58017753 58017753 0
19 1889 rs9676705 33906764 2 3.116066357750765e-4 33906764 33906764 0
19 1715 rs717680 32021999 1 -3.1112464132051327e-4 32021999 32021999 0
19 1215 rs12327700 20116641 1 3.0700521255265517e-4 20116641 20116641 0
19 991 rs4808019 16150779 1 3.053427330713971e-4 16150779 16150779 0
19 1335 rs17554633 23556852 1 -3.040867636170654e-4 23556852 23556852 0
19 804 rs7508694 14714811 2 2.996750566972182e-4 14714811 14714811 0
19 1161 rs8107912 18707048 2 2.887292677321559e-4 18707048 18707048 0
19 2859 rs4802448 48735287 1 -2.8542331567228403e-4 48735287 48735287 0
19 3214 rs8106271 52713028 1 2.8304933913997913e-4 52713028 52713028 0
19 870 rs6512005 15137243 1 -2.82403598624315e-4 15137243 15137243 0
19 474 rs60106152 9083791 1 -2.822852705446943e-4 9083791 9083791 0
19 73 rs929535 2977638 1 2.821884899717938e-4 2977638 2977638 0
19 1733 rs2033495 32595038 1 2.780578353479649e-4 32595038 32595038 0
19 3563 rs1029709 57046007 1 2.7556909505329697e-4 57046007 57046007 0
19 3342 rs9749510 54281322 2 -2.735928151701865e-4 54281322 54281322 0
19 2016 rs7252182 35879538 1 2.705838049996849e-4 35879538 35879538 0
19 1921 rs166988 34333914 1 2.650698099728345e-4 34333914 34333914 0
19 990 rs6512081 16116583 1 -2.618384226421807e-4 16116583 16116583 0
19 766 rs16979195 13640105 1 -2.6043671471359317e-4 13640105 13640105 0
19 2147 rs8104919 37503783 1 -2.587914022313501e-4 37503783 37503783 0
19 1256 rs7248088 21393187 1 -2.587048342146356e-4 21393187 21393187 0
19 2374 rs34093919 41117300 1 2.574396065048436e-4 41117300 41117300 0
19 2861 rs10405717 48751808 1 2.5674714139822753e-4 48751808 48751808 0
19 314 rs7254921 7278452 1 -2.518648153315864e-4 7278452 7278452 0
19 1231 rs12462067 20470564 1 -2.510183849217881e-4 20470564 20470564 0
19 220 rs2637202 5889958 1 2.5046910418411545e-4 5889958 5889958 0
19 1127 rs2290640 18104155 1 -2.4734163375189557e-4 18104155 18104155 0
19 952 rs8102407 15949895 1 -2.4734072875689736e-4 15949895 15949895 0
19 1128 rs4808737 18117646 2 -2.4701670788925423e-4 18117646 18117646 0
19 1635 rs1433071 30913098 1 2.468192092874306e-4 30913098 30913098 0
19 1053 rs7254151 17336904 2 -2.4083965357829185e-4 17336904 17336904 0
19 3115 rs39711 51954858 1 -2.3745348197713517e-4 51954858 51954858 0
19 2476 rs7259375 43885085 1 2.3430108653761132e-4 43885085 43885085 0
19 2702 rs6509238 46412255 1 -2.3096183428095697e-4 46412255 46412255 0
19 1434 rs7246810 28948389 1 2.287654792993009e-4 28948389 28948389 0
19 278 rs7247453 6984708 1 2.2611222136685992e-4 6984708 6984708 0
19 565 rs281423 10435493 2 -2.2586570934885852e-4 10435493 10435493 0
19 409 rs7249094 8672000 2 2.2330945039155184e-4 8672000 8672000 0
19 1082 rs4808628 17487620 2 -2.2240033219278287e-4 17487620 17487620 0
19 44 rs2288943 2438884 2 -2.2107964950813703e-4 2438884 2438884 0
19 1230 rs7254670 20466055 1 2.2103183710794997e-4 20466055 20466055 0
19 3714 rs2303756 58331012 1 2.1789799016025944e-4 58331012 58331012 0
19 802 rs78269670 14705574 1 -2.1431835309176445e-4 14705574 14705574 0
19 1100 rs1157615 17768818 1 -2.117455294992633e-4 17768818 17768818 0
19 1307 rs10415391 22652436 1 2.097160608663336e-4 22652436 22652436 0
19 354 rs11880220 8052309 1 2.0793077502231528e-4 8052309 8052309 0
19 378 rs35277492 8201121 2 2.0361833999063217e-4 8201121 8201121 0
19 2145 rs1667366 37488499 1 2.021315890700161e-4 37488499 37488499 0
19 2790 rs12461639 48172671 2 -2.0096979907933792e-4 48172671 48172671 0
19 1520 rs10422290 29564161 1 2.0059768588456256e-4 29564161 29564161 0
19 2497 rs3746003 44130453 1 -2.0020656369524296e-4 44130453 44130453 0
19 1253 rs29704 21386819 1 2.0004368186792243e-4 21386819 21386819 0
19 291 rs891088 7184762 1 1.9902573170645167e-4 7184762 7184762 0
19 3491 rs302457 56393051 1 -1.979704866826476e-4 56393051 56393051 0
19 98 rs3746125 3618928 1 -1.971736256629877e-4 3618928 3618928 0
19 3747 rs7256349 58718269 2 -1.9390133611315007e-4 58718269 58718269 0
19 420 rs250313 8925400 1 1.934313132924219e-4 8925400 8925400 0
19 1064 rs11086065 17395003 1 -1.9223900725449377e-4 17395003 17395003 0
19 1062 rs2363956 17394124 1 1.894666508277353e-4 17394124 17394124 0
19 875 rs149426594 15235879 2 -1.867611920739713e-4 15235879 15235879 0
19 3106 rs3786625 51869346 1 -1.8515284528418456e-4 51869346 51869346 0
19 1646 rs10424191 31057349 2 1.845482719880481e-4 31057349 31057349 0
19 2037 rs75962883 36017598 1 1.834668405809204e-4 36017598 36017598 0
19 97 rs10410258 3592730 1 -1.8344343764832525e-4 3592730 3592730 0
19 2507 rs380442 44214054 1 -1.825803368140489e-4 44214054 44214054 0
19 3270 rs4287691 53157096 1 1.820793131191726e-4 53157096 53157096 0
19 675 rs286232 11908397 2 -1.7961930116921316e-4 11908397 11908397 0
19 2119 rs562480 37355963 1 1.7718175082282158e-4 37355963 37355963 0
19 645 rs377665 11409061 1 1.7640030513122173e-4 11409061 11409061 0
19 2774 rs4467185 47823038 1 1.7123404549511208e-4 47823038 47823038 0
19 1066 rs6512182 17399476 1 -1.707549110257308e-4 17399476 17399476 0
19 1206 rs16994693 19993293 1 -1.6862054232915987e-4 19993293 19993293 0
19 1337 rs1842221 23640795 1 -1.683565692660987e-4 23640795 23640795 0
19 319 rs8103234 7480667 1 -1.6445243984987125e-4 7480667 7480667 0
19 138 rs34953789 4311942 1 1.6429684844306822e-4 4311942 4311942 0
19 2299 rs8112528 39977173 2 -1.6354464568500905e-4 39977173 39977173 0
19 1033 rs11669497 17111674 1 -1.5752853801041176e-4 17111674 17111674 0
19 1709 rs6510206 31931845 1 1.5314860784346684e-4 31931845 31931845 0
19 3373 rs7255633 54937469 1 -1.5308019901341674e-4 54937469 54937469 0
19 898 rs3794989 15723528 1 1.5255996868852664e-4 15723528 15723528 0
19 2772 rs2303108 47589895 2 -1.5213678750696823e-4 47589895 47589895 0
19 170 rs8120 4816160 1 1.5010287203422282e-4 4816160 4816160 0
19 2279 rs17722300 39630535 1 -1.4885709116843656e-4 39630535 39630535 0
19 3461 rs11882031 56193662 1 -1.4828788704828667e-4 56193662 56193662 0
19 2875 rs276721 48909343 1 1.4731589035424565e-4 48909343 48909343 0
19 3072 rs16988799 51503285 1 -1.4433556282731442e-4 51503285 51503285 0
19 3740 rs918545 58620068 1 1.4268119884608684e-4 58620068 58620068 0
19 3562 rs2058131 57041758 2 -1.4262559868076223e-4 57041758 57041758 0
19 3233 rs2560903 52787583 1 1.4094844869253463e-4 52787583 52787583 0
19 1513 rs10414009 29526586 1 -1.3937652323094184e-4 29526586 29526586 0
19 3646 rs7249535 57836238 1 -1.3844233431849434e-4 57836238 57836238 0
19 1162 rs3829671 18777667 1 -1.3717926583011112e-4 18777667 18777667 0
19 726 rs2303731 12772263 1 -1.354043476129582e-4 12772263 12772263 0
19 554 rs2228612 10273372 1 1.31207153795031e-4 10273372 10273372 0
19 1712 rs10421853 31960060 1 1.2756850009608067e-4 31960060 31960060 0
19 184 rs263063 5022604 1 -1.2755205384347147e-4 5022604 5022604 0
19 936 rs610354 15809248 1 1.260849808653295e-4 15809248 15809248 0
19 1103 rs12985015 17827257 1 1.257409568452166e-4 17827257 17827257 0
19 2788 rs2161621 48155418 1 1.2521324084379274e-4 48155418 48155418 0
19 99 rs55862054 3624005 1 -1.2322971401914755e-4 3624005 3624005 0
19 3069 rs4299259 51491599 1 -1.2067951120728996e-4 51491599 51491599 0
19 1089 rs11670276 17594066 1 1.1848897913944482e-4 17594066 17594066 0
19 1019 rs8101030 16761077 1 1.1824751617274176e-4 16761077 16761077 0
19 84 rs1682809 3165895 1 -1.1627320524157125e-4 3165895 3165895 0
19 2020 rs16970300 35906493 1 1.1339347839877294e-4 35906493 35906493 0
19 2719 rs7256039 46560024 1 -1.0999657088549936e-4 46560024 46560024 0
19 1024 rs8108315 16981044 1 1.0902253952421038e-4 16981044 16981044 0
19 1431 rs8111081 28898063 1 1.0846157263778858e-4 28898063 28898063 0
19 510 rs10407714 9319223 1 -1.07675863870283e-4 9319223 9319223 0
19 2990 rs745952 50497523 1 -1.0714817238136882e-4 50497523 50497523 0
19 857 rs715158 15039616 1 -1.063191625097133e-4 15039616 15039616 0
19 371 rs8111372 8170591 2 1.0407848582024315e-4 8170591 8170591 0
19 3480 rs441827 56369189 1 1.0260567748497351e-4 56369189 56369189 0
19 2968 rs1368464 50140068 2 1.021521325857012e-4 50140068 50140068 0
19 1835 rs2944021 33444456 1 -1.0054010111179988e-4 33444456 33444456 0
19 3235 rs12462608 52793328 1 -1.0023530893016078e-4 52793328 52793328 0
19 883 rs7255065 15403778 1 -9.99214616556139e-5 15403778 15403778 0
19 1263 rs1781867 21487170 1 9.937328018455004e-5 21487170 21487170 0
19 161 rs8110359 4654757 1 9.772533708114458e-5 4654757 4654757 0
19 1922 rs2112507 34351775 1 -9.708127697924672e-5 34351775 34351775 0
19 2658 rs123187 45830947 1 -9.52832721588063e-5 45830947 45830947 0
19 1026 rs773901 17003789 2 9.391493617483482e-5 17003789 17003789 0
19 3066 rs8104441 51441807 1 9.327677482347542e-5 51441807 51441807 0
19 245 rs12151125 6524406 2 9.325605577623671e-5 6524406 6524406 0
19 3679 rs11883343 58117399 1 9.286992761074268e-5 58117399 58117399 0
19 1628 rs7257017 30777036 1 9.16954907193526e-5 30777036 30777036 0
19 1718 rs8108822 32183171 1 -9.133612977089628e-5 32183171 32183171 0
19 1673 rs102338 31401756 1 8.583134711785487e-5 31401756 31401756 0
19 1994 rs1687982 35570307 1 8.330897156642659e-5 35570307 35570307 0
19 1821 rs892024 33399344 1 7.758832956921409e-5 33399344 33399344 0
19 2293 rs10412877 39891219 1 7.704623967401758e-5 39891219 39891219 0
19 1865 rs8113143 33652247 1 7.69264298998058e-5 33652247 33652247 0
19 1996 rs1688005 35648365 1 -7.158942938781676e-5 35648365 35648365 0
19 2435 rs10407348 41953430 1 -7.154754278705789e-5 41953430 41953430 0
19 2706 rs7252643 46423864 1 -6.924286108900958e-5 46423864 46423864 0
19 3300 rs4801965 53705554 1 -6.723305089196015e-5 53705554 53705554 0
19 2997 rs650262 50751361 1 6.579018473368902e-5 50751361 50751361 0
19 2930 rs4802552 49590938 1 6.534060395952342e-5 49590938 49590938 0
19 66 rs61742111 2917178 1 -6.388385394698676e-5 2917178 2917178 0
19 402 rs10421511 8533925 1 -6.227685737525587e-5 8533925 8533925 0
19 931 rs7253210 15784116 1 -5.896780908650807e-5 15784116 15784116 0
19 12 rs1651895 866018 1 -5.869420292162277e-5 866018 866018 0
19 3753 rs8108238 58757968 1 5.816842943336013e-5 58757968 58757968 0
19 3241 rs321946 52859828 1 5.679066590728994e-5 52859828 52859828 0
19 2397 rs2099361 41498348 1 5.603332166483442e-5 41498348 41498348 0
19 2440 rs2302188 42085873 1 5.48665337044272e-5 42085873 42085873 0
19 1349 rs17000593 24182464 1 5.43853786570972e-5 24182464 24182464 0
19 1550 rs877836 29762562 1 -5.342239204813768e-5 29762562 29762562 0
19 1951 rs4805084 34982559 1 5.240592532234509e-5 34982559 34982559 0
19 1107 rs12979740 17834759 1 5.117975235672243e-5 17834759 17834759 0
19 2345 rs2111544 40519935 1 -4.814807128023912e-5 40519935 40519935 0
19 1317 rs7245541 22768771 2 -4.7486071118876554e-5 22768771 22768771 0
19 2136 rs1644670 37476061 1 4.66648119584037e-5 37476061 37476061 0
19 384 rs1466448 8289519 1 -4.618686468747794e-5 8289519 8289519 0
19 112 rs6510774 3841051 1 -4.601697100333533e-5 3841051 3841051 0
19 2891 rs433852 49117104 2 -4.550255470256871e-5 49117104 49117104 0
19 1044 rs10423232 17246212 1 -4.5401062340379056e-5 17246212 17246212 0
19 1273 rs10404622 21934891 1 3.941481469357704e-5 21934891 21934891 0
19 1091 rs10417922 17615609 1 3.865735207354461e-5 17615609 17615609 0
19 3467 rs116820715 56297164 1 -3.430625185399324e-5 56297164 56297164 0
19 563 rs3093030 10397403 2 -3.078324381414264e-5 10397403 10397403 0
19 2316 rs10421474 40235008 1 -2.997732779516549e-5 40235008 40235008 0
19 403 rs7255548 8542737 1 2.983193887811722e-5 8542737 8542737 0
19 2263 rs2318896 39510778 2 -2.843671183708641e-5 39510778 39510778 0
19 3546 rs10419074 56879136 1 -2.7839787380464728e-5 56879136 56879136 0
19 1443 rs8113142 29012921 1 -2.7449514597233072e-5 29012921 29012921 0
19 2746 rs7248888 46974003 1 -2.692929551680396e-5 46974003 46974003 0
19 2591 rs55700709 44932521 1 -2.603307658343614e-5 44932521 44932521 0
19 2105 rs3108207 37171202 1 -2.4877187745518384e-5 37171202 37171202 0
19 2793 rs2914436 48184757 1 2.4173226204943947e-5 48184757 48184757 0
19 2876 rs276720 48909671 2 2.3881647942532863e-5 48909671 48909671 0
19 2725 rs734509 46587142 1 2.222069974837536e-5 46587142 46587142 0
19 2841 rs16981262 48605823 1 2.2108957363384185e-5 48605823 48605823 0
19 761 rs3764615 13563952 1 2.2054756371540144e-5 13563952 13563952 0
19 1594 rs1560188 30198465 1 -1.6833100237317063e-5 30198465 30198465 0
19 1652 rs12460988 31162121 1 1.54584117862721e-5 31162121 31162121 0
19 1199 rs7256487 19855654 1 -1.4639356827136567e-5 19855654 19855654 0
19 1737 rs1074552 32636434 1 1.2447204935580106e-5 32636434 32636434 0
19 108 rs4807510 3792245 1 -1.241468089488462e-5 3792245 3792245 0
19 3377 rs8100732 55010819 1 1.1797395561444411e-5 55010819 55010819 0
19 383 rs11666866 8285607 1 -1.156389518503364e-5 8285607 8285607 0
19 1428 rs1029661 28897301 1 9.988206716777623e-6 28897301 28897301 0
19 2486 rs1799782 44057574 1 7.617234271272207e-6 44057574 44057574 0
19 2202 rs8111180 38630160 1 6.363441880667503e-6 38630160 38630160 0
19 2723 rs713408 46569740 1 -5.9943268658372166e-6 46569740 46569740 0
19 1453 rs10403933 29097200 1 -5.818900498658986e-6 29097200 29097200 0
19 879 rs1044123 15270583 1 5.775722644848883e-6 15270583 15270583 0
19 877 rs12710297 15255226 1 4.6653211384746276e-6 15255226 15255226 0
19 3189 rs11878440 52414635 1 -4.571690800096901e-6 52414635 52414635 0
19 3142 rs2168643 52025473 1 -4.478097005800443e-6 52025473 52025473 0
19 1163 rs876982 18782377 1 -4.300789714558119e-6 18782377 18782377 0
19 521 rs10418104 9455390 1 -3.645664975643675e-6 9455390 9455390 0
19 2597 rs2722700 44951405 1 -3.308452521791273e-6 44951405 44951405 0
19 609 rs6511719 11164790 1 -2.5311695761172867e-6 11164790 11164790 0
19 3573 rs2052241 57187129 1 2.4160112353567263e-6 57187129 57187129 0
19 725 rs1133330 12772090 1 -2.075264712989798e-6 12772090 12772090 0
19 1897 rs33825 33989245 1 -1.901180061243526e-6 33989245 33989245 0
19 3310 rs2914357 53776668 1 1.68696031349564e-6 53776668 53776668 0
19 1932 rs4805966 34520077 1 -1.1878270250028837e-6 34520077 34520077 0
19 2766 rs6509294 47323384 1 1.0220197792408733e-6 47323384 47323384 0
19 294 rs2860183 7189375 1 6.564601303764445e-7 7189375 7189375 0
19 2140 rs1644685 37484649 1 4.273385363284512e-15 37484649 37484649 0
19 2969 rs1865077 50140092 1 1.3562429881354117e-15 50140092 50140092 0
19 3481 rs395503 56369215 1 4.076504604870408e-16 56369215 56369215 0
19 3396 rs623383 55434575 1 3.758444940842019e-16 55434575 55434575 0
19 2929 rs4802547 49572547 1 2.4466487504596725e-16 49572547 49572547 0
19 2141 rs935706 37487632 1 1.2586929741894032e-16 37487632 37487632 0
19 1706 rs11880316 31911129 1 9.470882151493719e-17 31911129 31911129 0
19 3664 rs2074058 57984918 1 2.0533924454784714e-17 57984918 57984918 0
19 2142 rs935707 37487723 1 7.89585998568998e-18 37487723 37487723 0
