CHR Group SNP.lead BP.lead Size W BP.min BP.max BP.width
18 383 rs1790588 67535184 2 0.04838265323054354 67493884 67556646 62762
18 331 rs17773430 57963117 4 0.02099242229066732 57732689 58067037 334348
18 318 rs7228600 56508351 5 0.02061982850895358 56331663 56518513 186850
18 382 rs882114 67466881 5 -0.01847017253551632 67343438 67469275 125837
18 212 rs1540043 33691313 2 0.01678208223527012 33320260 33781725 461465
18 86 rs1441002 7887531 1 -0.01639398855076014 7871278 7914057 42779
18 236 rs1835499 40335882 1 0.01425005557061206 40218068 40468883 250815
18 27 rs11665524 2978535 1 0.01367849282340588 2951876 3017152 65276
18 316 rs4309483 56085917 2 0.01334681002384675 56085917 56205551 119634
18 372 rs17078903 65982452 2 0.01278885430580239 65942408 66055389 112981
18 215 rs61735998 34289285 3 0.01253468332917438 34220737 34810178 589441
18 158 rs7238618 20913598 7 0.01194663577911671 20879217 21205947 326730
18 160 rs2278664 21719327 6 0.01161040198775021 21631244 21762678 131434
18 145 rs3859299 13462726 2 0.01121026707797882 13458063 13541605 83542
18 317 rs7238217 56227820 3 0.01088058448214316 56227820 56318033 90213
18 184 rs8088478 26413621 4 0.01055050432950856 25941461 26498677 557216
18 361 rs12455246 63498880 2 0.01009888716854203 63470003 63614124 144121
18 375 rs12606250 66327314 6 -0.00874760338430191 66327314 66502969 175655
18 428 rs7228334 73500233 2 0.00861151473125059 73409626 73515143 105517
18 378 rs17080654 66898945 3 0.00857517259117804 66898157 67012528 114371
18 45 rs8085726 4370882 1 0.00767847858750066 4341519 4376022 34503
18 266 rs937019 45981769 3 0.00759297540580326 45969470 46094791 125321
18 214 rs1390431 34119428 6 0.00750260682497457 34003734 34178483 174749
18 350 rs7230508 61226159 5 0.00737875821476872 61183511 61429252 245741
18 275 rs2000813 47093864 5 0.0072057452690494 47069033 47179516 110483
18 157 rs2278452 20774097 2 0.00684864568150771 20672555 20819090 146535
18 264 rs12606236 45784926 3 -0.00681331475084396 45718309 45793917 75608
18 379 rs2364201 67088062 5 0.00666236315770013 67036167 67160595 124428
18 138 rs2096847 12415136 1 0.00648671011495795 12300936 12415136 114200
18 130 rs7239176 11452145 2 0.00639964815666663 11452145 11564905 112760
18 416 rs1573486 71955979 1 0.00609494946814742 71900332 71993111 92779
18 321 rs17835556 56818766 2 0.00600554020589744 56756133 56828687 72554
18 98 rs4798712 8890011 3 0.00599216958766799 8833087 8912044 78957
18 219 rs7237475 35167222 5 -0.00585148627530867 35131444 35453385 321941
18 30 rs1785272 3314310 1 0.00576206308633343 3256112 3347813 91701
18 307 rs12958967 55315959 2 0.00571980607174023 55247454 55432083 184629
18 425 rs9965347 73047983 1 -0.00571192268471844 72943863 73056716 112853
18 323 rs17769526 57047921 5 0.00533653794175137 56946086 57128956 182870
18 13 rs8090522 1542523 1 0.00518380565351111 1481898 1567186 85288
18 194 rs4239366 28927507 4 -0.0048445262364326 28790989 28988468 197479
18 467 rs1064059 77893683 1 -0.00483616091470406 77579773 77916015 336242
18 238 rs2622781 41081332 2 0.00481433314697265 40992698 41083535 90837
18 190 rs4420605 27907683 4 0.00478252309220506 27826653 28052353 225700
18 177 rs11659941 24494344 2 -0.00451758223366512 24489062 24761768 272706
18 12 rs12969996 1275507 2 -0.00443405163751819 1213560 1466512 252952
18 97 rs55676538 8819246 2 0.0042655514401351 8792044 8819246 27202
18 216 rs920797 34944664 4 -0.00417170577667735 34882659 34992205 109546
18 147 rs3760533 13760290 1 -0.00414549644047161 13662150 13870772 208622
18 279 rs11082811 47763296 3 0.00391941875474254 47739631 47918639 179008
18 213 rs1057251 33848581 3 0.00387446683779506 33802526 33989375 186849
18 76 rs8088532 7082526 1 0.00379870600540747 7054431 7082526 28095
18 368 rs2448731 65376601 4 0.00372283985088993 65290714 65479871 189157
18 297 rs17089789 53076332 2 -0.00364263560815161 52829535 53125364 295829
18 14 rs8086819 1663417 1 -0.0035400439897153 1579479 1718332 138853
18 344 rs6567313 60702324 2 0.003226140344932 60693026 60754772 61746
18 42 rs7505745 4099242 1 -0.00322337161986257 4056012 4099242 43230
18 340 rs567629 59641926 1 0.00320047552827076 59594659 60000477 405818
18 10 rs789029 1053252 1 -0.00292984276849727 1050812 1063447 12635
18 2 rs618671 362199 3 0.00288944584528506 354439 381704 27265
18 408 rs1942788 71095826 3 -0.00282766419454444 71095012 71239581 144569
18 432 rs17058811 73785500 4 0.00280788614398816 73782636 73890904 108268
18 332 rs12606949 58165167 3 0.00277571044559321 58104556 58229503 124947
18 239 rs4393648 41168311 2 -0.00264682134538653 41168311 41339382 171071
18 159 rs1154232 21511034 3 0.00263924966909416 21333518 21620065 286547
18 371 rs8084412 65852207 1 -0.00260747706404073 65848177 65934739 86562
18 448 rs4890856 75558694 1 -0.00247290384368806 75477351 75558694 81343
18 192 rs1970694 28283411 2 0.00245644824749692 28183475 28545570 362095
18 206 rs11399467 31477790 2 -0.00243471821720559 31434486 31763797 329311
18 305 rs8087849 54977324 1 -0.00241554149638452 54976972 55066546 89574
18 248 rs10502868 43153949 1 0.00235806235861844 43144642 43231622 86980
18 222 rs2959219 35998626 1 -0.00233354818483245 35942974 36060187 117213
18 330 rs2187176 57679365 2 -0.00226896598369105 57645433 57713553 68120
18 153 rs1465501 19814796 3 0.0022193225119979 19786854 19890598 103744
18 102 rs16955101 9429811 1 0.00218183954643172 9095067 9429811 334744
18 59 rs8088340 5836382 2 0.00215740947358542 5821072 5843069 21997
18 393 rs649809 69160304 4 0.00210171908672108 69153026 69297624 144598
18 165 rs6508330 22379964 1 0.00202597837350537 22328172 22510457 182285
18 265 rs1038670 45898195 2 0.00201320190631554 45821540 45913212 91672
18 391 rs17083850 68848130 3 0.00198442332760491 68837291 69033385 196094
18 71 rs4516307 6759890 2 -0.0018972946194988 6758921 6834651 75730
18 220 rs12970162 35562926 4 0.00175266092058861 35557827 35701204 143377
18 294 rs588705 51763722 3 0.00172028436485834 51213366 51958845 745479
18 195 rs8094212 29034304 3 0.00163837863623133 29018114 29126670 108556
18 310 rs4591234 55582254 2 0.00158874522949674 55582254 55682592 100338
18 109 rs526989 10029510 1 -0.00158828740299128 10026087 10029510 3423
18 61 rs6506355 5971493 1 0.00154806441631079 5971039 5990968 19929
18 133 rs16976596 11696613 1 0.00154163458344914 11696613 11802991 106378
18 291 rs10083941 50282122 2 -0.00151900559005047 50158120 50355807 197687
18 363 rs8097294 63964551 2 0.00151631165762955 63748889 64205891 457002
18 43 rs1543229 4130516 1 0.00150505551258556 4130516 4201153 70637
18 198 rs11660777 29426669 2 0.00149399223099248 29378538 29558592 180054
18 155 rs12962611 20049669 1 -0.0014494150753623 20010336 20103754 93418
18 417 rs1256723 72069279 3 0.00141808509067501 72047318 72073178 25860
18 362 rs2715335 63671513 1 0.00138053910935194 63626583 63689939 63356
18 22 rs2139661 2460332 1 0.00136953164250499 2460332 2485798 25466
18 148 rs3744821 14090271 3 0.0012800290601284001 13907526 14090271 182745
18 396 rs7231771 69838830 4 -0.0012762922280997 69633468 69892689 259221
18 352 rs971824 61712857 3 -0.00125576873496997 61663317 61816186 152869
18 140 rs2847297 12797694 5 0.00124919417730589 12797694 12910932 113238
18 143 rs16940343 13309150 1 0.00124765352167044 13294262 13366862 72600
18 121 rs11877870 10742289 3 0.00122757746005684 10729880 10809196 79316
18 174 rs8084658 24130007 1 -0.00120262263725539 24111764 24217557 105793
18 150 rs785989 14902902 2 0.00117889529076863 14584726 14978677 393951
18 37 rs12457197 3680476 1 0.00114207981342449 3645894 3693772 47878
18 281 rs17805042 48324575 1 0.00113905206443659 48250288 48324575 74287
18 256 rs34589386 44157764 1 0.00113827261634809 44157764 44292598 134834
18 313 rs17833599 55823239 1 -0.00110638950476944 55811058 55839162 28104
18 55 rs9966357 5416221 2 -0.00106009785771064 5351610 5431000 79390
18 211 rs998626 33257120 1 -0.00104120199190231 33063368 33285609 222241
18 348 rs2850761 60966397 1 0.00104099534164058 60966397 61112406 146009
18 299 rs1506633 53586671 2 0.00101009034369587 53577346 53729156 151810
18 141 rs11661908 12981826 3 -9.97129026756423e-4 12927114 13191184 264070
18 339 rs12604169 59583446 2 9.51832610525864e-4 59472346 59583446 111100
18 327 rs1788897 57419473 1 9.46944477073754e-4 57383568 57453103 69535
18 251 rs590694 43562102 1 -9.328581968960956e-4 43562102 43840064 277962
18 245 rs13381286 42679318 1 -9.158440191617424e-4 42667918 42823514 155596
18 191 rs12373245 28140333 1 -9.018494340955046e-4 28095458 28169190 73732
18 74 rs658121 6977044 1 -8.851818540234367e-4 6969761 6992271 22510
18 346 rs12457700 60860246 1 -8.830901981143197e-4 60840608 60860246 19638
18 105 rs7228240 9729894 1 8.795716970549702e-4 9710554 9746909 36355
18 306 rs17831395 55118992 1 -8.637725811095687e-4 55118992 55201461 82469
18 183 rs1785835 25684095 4 -8.603832351024201e-4 25674859 25904868 230009
18 115 rs206605 10335737 1 8.56846670853927e-4 10323659 10335737 12078
18 388 rs17082769 68204223 1 8.541236515740111e-4 68199224 68475617 276393
18 370 rs12326115 65639277 1 -8.274281277577846e-4 65560835 65804001 243166
18 289 rs9951523 49867224 1 8.249279573299426e-4 49804768 49934162 129394
18 199 rs168058 29621938 3 8.231021358261468e-4 29621938 29731080 109142
18 46 rs16946716 4425743 1 8.195397809429392e-4 4400387 4425743 25356
18 421 rs17055302 72355896 4 -8.175910663148312e-4 72252137 72519457 267320
18 276 rs10502902 47394538 2 -8.116943669546984e-4 47196232 47447432 251200
18 405 rs6566715 70986258 1 8.096049167081709e-4 70950526 70986258 35732
18 187 rs1492801 27205055 1 8.068465781848385e-4 27157000 27223970 66970
18 100 rs9941409 9006277 1 8.065228327740301e-4 8972284 9006277 33993
18 29 rs12605942 3219851 1 -8.00517365527903e-4 3162390 3228493 66103
18 460 rs2931024 76502001 1 7.729970015874922e-4 76496620 76502001 5381
18 342 rs11152344 60111781 1 7.502899147823754e-4 60111781 60253761 141980
18 407 rs961925 71063181 2 -7.454929454636836e-4 71044198 71082402 38204
18 106 rs11081507 9787464 1 -7.315839825358925e-4 9762933 9787464 24531
18 210 rs11872966 32765310 1 7.305022602855516e-4 32618893 32891656 272763
18 51 rs12606863 4960022 2 -7.268822221823358e-4 4946422 5079328 132906
18 161 rs931356 21891666 2 -7.201299128870267e-4 21800299 21891666 91367
18 205 rs2000677 31338906 2 7.193312909255578e-4 31147930 31392833 244903
18 35 rs8083633 3522006 1 6.781385838040804e-4 3518761 3522006 3245
18 308 rs2850243 55453784 1 6.537602633556482e-4 55448382 55510523 62141
18 283 rs6508036 48359730 1 6.512860649557619e-4 48359730 48783342 423612
18 241 rs3819128 41795393 1 6.427833441762526e-4 41626891 41875201 248310
18 139 rs888265 12750499 1 -6.399154948777604e-4 12447303 12750499 303196
18 151 rs9957932 19461917 1 -6.382777763847476e-4 18570235 19461917 891682
18 280 rs10502909 48130532 3 6.380498515073483e-4 48001121 48226068 224947
18 423 rs1828098 72857946 2 6.332279171034025e-4 72813958 72857946 43988
18 284 rs321899 48910603 1 6.306126759703271e-4 48788446 48974344 185898
18 395 rs17085199 69498389 1 -6.209517430819263e-4 69401163 69549683 148520
18 377 rs884006 66871719 2 6.193941965730815e-4 66800137 66873244 73107
18 228 rs16973990 38608782 2 -6.150193424299964e-4 38360480 38652375 291895
18 208 rs9955050 32362308 2 -6.09752977723362e-4 32312012 32448251 136239
18 0 rs7226677 278796 1 6.023846276281898e-4 139767 303389 163622
18 171 rs17799466 23471816 2 5.976287200627891e-4 23396250 23501282 105032
18 274 rs1316937 47024513 2 -5.844480204415777e-4 46564559 47037399 472840
18 381 rs4891764 67320971 2 5.829266454809618e-4 67258303 67323641 65338
18 415 rs1540032 71700987 1 5.751083700137578e-4 71671333 71889999 218666
18 56 rs117900256 5478295 2 -5.694077643518993e-4 5444240 5553097 108857
18 324 rs1944295 57172112 1 -5.585084083043051e-4 57131794 57212391 80597
18 73 rs3810046 6941662 5 -5.325874705674476e-4 6939755 6942997 3242
18 204 rs1457880 31051882 1 -5.311320819864752e-4 30591626 31079945 488319
18 341 rs4524034 60028008 3 5.11614680789398e-4 60014463 60090079 75616
18 325 rs949211 57224779 1 -5.052184193042844e-4 57218840 57300819 81979
18 258 rs12150739 45028821 5 -4.97492868484755e-4 44983381 45118805 135424
18 337 rs9964155 59287860 2 4.828537579031142e-4 59246069 59372096 126027
18 303 rs7233847 54451284 1 4.777873492707083e-4 54265847 54540795 274948
18 224 rs1346963 36941868 1 -4.766822646896998e-4 36384352 36968880 584528
18 333 rs1532486 58684235 1 4.731495135957371e-4 58258830 58809023 550193
18 304 rs1657424 54662887 3 4.494914734528555e-4 54658824 54922829 264005
18 452 rs1876021 75954881 2 4.486665078774357e-4 75858655 75967549 108894
18 358 rs631466 62753343 2 -4.4561542590485143e-4 62608159 63031236 423077
18 233 rs987380 39448009 1 4.4350978512290297e-4 39428052 39461087 33035
18 134 rs787554 11862697 1 4.428457753405838e-4 11862697 11878535 15838
18 179 rs608923 25144165 1 4.2357715566729846e-4 24992045 25144165 152120
18 404 rs8090073 70880006 2 4.19485399524121e-4 70741699 70914071 172372
18 439 rs966782 74772891 1 4.007881778938352e-4 74717615 74782069 64454
18 103 rs7227801 9482933 1 -3.8206087543729474e-4 9448360 9625750 177390
18 334 rs955427 58890073 1 -3.794656218354027e-4 58824736 59001002 176266
18 311 rs4528665 55715670 2 3.647036053769573e-4 55709155 55772235 63080
18 107 rs8082842 9814778 1 3.5854646343944405e-4 9814778 9869865 55087
18 386 rs10513986 68081085 2 3.5103394751504656e-4 68062874 68114712 51838
18 397 rs11873090 69935750 3 -3.4915997544566384e-4 69908670 69958278 49608
18 75 rs483480 7031103 2 3.368090922981885e-4 6997818 7034508 36690
18 128 rs8091999 11288105 2 3.3036656070301604e-4 11245830 11320782 74952
18 225 rs307078 37642885 1 3.299669886213235e-4 37013771 37675866 662095
18 463 rs487395 76806843 3 -3.221036336073319e-4 76806843 77147472 340629
18 221 rs1385033 35738208 3 -3.2046246950028466e-4 35713803 35938375 224572
18 267 rs3786180 46150975 1 3.159497548252372e-4 46141721 46183078 41357
18 232 rs1115001 39406192 2 3.124916021764399e-4 39289536 39408516 118980
18 369 rs9959991 65499604 1 -2.9703525822883737e-4 65494529 65541451 46922
18 172 rs9955678 23759474 2 2.958113812455733e-4 23513338 24016157 502819
18 168 rs7240975 22989234 1 2.78627412833984e-4 22955544 22989234 33690
18 223 rs12953960 36348735 1 -2.7464740926156186e-4 36083127 36348735 265608
18 50 rs8089250 4772807 1 2.7436521295164e-4 4772807 4909341 136534
18 414 rs4552099 71610943 1 2.726854397875326e-4 71570861 71626962 56101
18 226 rs7242363 37748904 2 -2.6798009166921944e-4 37686439 37896596 210157
18 322 rs10469215 56915473 1 2.555029391230681e-4 56849429 56934358 84929
18 3 rs7244426 455937 1 -2.5500068482385574e-4 400766 491967 91201
18 186 rs4369752 27118814 1 2.530473318712647e-4 26881864 27150116 268252
18 120 rs7234687 10694410 1 2.504663793529632e-4 10674815 10717819 43004
18 364 rs9949882 64255420 1 2.427707042714516e-4 64255420 64734174 478754
18 355 rs8092484 62191825 1 2.3780894541972235e-4 62100203 62230171 129968
18 440 rs1667923 74885751 1 2.2465882939445847e-4 74848698 74923296 74598
18 356 rs7227796 62502996 1 2.1404406689680988e-4 62300768 62516332 215564
18 257 rs1594887 44892369 1 -2.10154495843618e-4 44335724 44936829 601105
18 347 rs1005793 60890160 2 2.0927896561735463e-4 60890160 60936047 45887
18 240 rs1380835 41493047 2 2.0325195250453444e-4 41355267 41509655 154388
18 152 rs4632227 19513517 1 2.0171190245470751e-4 19513517 19708348 194831
18 252 rs11082523 43923851 1 -1.9863714730217527e-4 43897107 43923851 26744
18 89 rs9949149 8298633 1 1.97749780732237e-4 8275857 8298633 22776
18 207 rs2509595 32104830 2 -1.955801427831664e-4 31906011 32187922 281911
18 292 rs8087273 50565259 4 -1.9322676387680264e-4 50370920 51057298 686378
18 52 rs292367 5096936 1 1.68538747953232e-4 5096936 5152737 55801
18 65 rs882838 6429648 2 1.6776202336433207e-4 6429648 6474496 44848
18 438 rs608433 74611127 1 1.6350530415899e-4 74496416 74703719 207303
18 176 rs1017414 24405600 1 -1.5669200322550092e-4 24357037 24414687 57650
18 286 rs3894774 49278632 2 1.5191615277755348e-4 49137340 49443797 306457
18 88 rs12965261 8218296 1 1.2716693019036195e-4 8207445 8247249 39804
18 234 rs3932738 39686943 3 1.2056343773511427e-4 39468269 39890680 422411
18 69 rs11081250 6640510 1 1.1883365585722608e-4 6635800 6662650 26850
18 399 rs9964306 70121997 1 1.130088399895782e-4 70099656 70172683 73027
18 384 rs3862700 67862224 1 1.0804177157130896e-4 67747484 67869834 122350
18 293 rs894274 51129489 1 -1.0614271575963464e-4 51129489 51183679 54190
18 458 rs1011233 76315261 1 -1.0232601441269904e-4 76296552 76421267 124715
18 271 rs4939826 46453406 2 1.0102560540425008e-4 46453406 46465665 12259
18 113 rs12954327 10199279 1 1.0034004301020872e-4 10187078 10199279 12201
18 15 rs7227078 1804120 1 9.85419799636375e-5 1731154 1804120 72966
18 200 rs7237501 29919836 3 -9.822642470423736e-5 29778387 30032385 253998
18 84 rs2051264 7547285 1 -9.271885471593404e-5 7477548 7635681 158133
18 436 rs17564521 74374345 6 -8.820118491375352e-5 74327084 74389375 62291
18 17 rs1009238 2000079 1 8.694700643153523e-5 1970379 2029423 59044
18 23 rs770221 2534877 1 -8.546636912940301e-5 2502416 2639451 137035
18 424 rs652015 72898905 1 7.870253632843741e-5 72898905 72933187 34282
18 193 rs2246737 28737160 2 -7.682449442084721e-5 28584556 28765530 180974
18 235 rs7229024 39948375 5 -7.477190448431335e-5 39895631 40188744 293113
18 302 rs215029 54114020 1 7.304394663001316e-5 54050693 54243554 192861
18 118 rs10502395 10492023 1 -6.600715196279947e-5 10473726 10597874 124148
18 426 rs12458682 73097909 1 5.786487731983428e-5 73086616 73107145 20529
18 117 rs12955584 10433382 1 -4.5434550121291815e-5 10433382 10448334 14952
18 58 rs16948655 5724190 3 4.3991798846735024e-5 5643417 5769552 126135
18 116 rs12454438 10384633 1 4.252830565364584e-5 10378142 10402789 24647
18 47 rs12958338 4483453 2 -4.010173086338976e-5 4462824 4488582 25758
18 7 rs1059393 672836 1 3.639826737235163e-5 660383 844449 184066
18 9 rs12373400 923096 1 3.0360546903270057e-5 920151 1013959 93808
18 298 rs17512836 53194961 1 1.8856210649527095e-5 53167520 53477819 310299
18 243 rs12454763 42434615 1 1.1550081413865115e-5 42313262 42599920 286658
