CHR Group SNP.lead BP.lead Size W BP.min BP.max BP.width
22 49 rs12627970 39721745 14 0.2142209697355297 39594740 40083730 488990
22 50 rs9607852 42258272 45 0.1293922455344989 40169926 42867898 2697972
22 76 rs140522 50971266 19 0.06590056585945675 50435480 51104680 669200
22 32 rs1002189 30771458 19 0.05947218512241715 30658722 31290637 631915
22 45 rs2284033 37534034 14 0.05710408793206849 37367928 37673781 305853
22 9 rs7291930 20876509 2 0.04976787049945892 20753615 20903410 149795
22 11 rs1210606 21452237 7 0.03993391987767777 21352181 21460220 108039
22 7 rs2531708 20017445 21 0.03778528193992964 19766782 20189202 422420
22 31 rs2857651 30075052 27 0.03686789800006276 28288136 30597810 2309674
22 5 rs5748167 19370586 17 0.033419278222163173 18901004 19594436 693432
22 17 rs1041749 24846391 13 0.03109735603718519 24460593 24991895 531302
22 53 rs2267597 44427612 16 0.02904913104903963 43950853 44466550 515697
22 21 rs8139900 26394724 6 0.0259815821067174 26283020 26438495 155475
22 64 rs4476 47440669 8 0.0250091677761953 47108189 47573257 465068
22 63 rs13057352 47095235 3 0.02447701517042218 46919541 47103512 183971
22 40 rs4820201 35970204 5 0.02253077985994045 35899384 36130577 231193
