CHR Group SNP.lead BP.lead Size W BP.min BP.max BP.width
22 81 rs12627970 39721745 8 0.1343499093897234 39594740 39721745 127005
22 84 rs9607852 42258272 31 0.10707585517909118 41418154 42867898 1449744
22 74 rs2284033 37534034 7 0.04965334808356241 37367928 37553619 185691
22 16 rs7291930 20876509 1 0.04813750442383584 20753615 20903410 149795
22 53 rs1002189 30771458 10 0.04773304106268757 30658722 31046587 387865
22 82 rs2294360 39897792 10 0.04407500687668107 39781585 40083730 302145
22 131 rs140522 50971266 10 0.04274948204443674 50937445 51104680 167235
22 19 rs1210606 21452237 4 0.0404029320748942 21352181 21460220 108039
22 14 rs2531708 20017445 14 0.03798896973874752 19956781 20189202 232421
22 11 rs5748167 19370586 9 0.03390933427971449 19154522 19594436 439914
22 28 rs1041749 24846391 12 0.03376879601691611 24460593 24991895 531302
22 24 rs5759742 23700907 3 0.02536873971037854 23700907 23754578 53671
22 7 rs439231 18319179 11 0.02365022485865706 18286672 18486017 199345
22 108 rs13057352 47095235 3 0.02293149076162107 46919541 47103512 183971
22 67 rs4820201 35970204 4 0.02100781261815491 35899384 36130577 231193
22 91 rs2267597 44427612 2 0.02079390361481858 44424108 44466550 42442
22 130 rs11555194 50876662 8 0.0172832152872824 50435480 50910875 475395
22 64 rs204276 34744069 7 0.01701116293355448 34537450 34940942 403492
22 35 rs8139900 26394724 6 0.01580495008196243 26369358 26438495 69137
22 109 rs4476 47440669 7 0.01575852365578613 47108189 47440669 332480
22 76 rs2284051 37710569 5 0.01551837247293704 37699377 37807303 107926
22 120 rs13056461 49155087 9 0.01452197931928309 49027446 49175009 147563
22 27 rs7287310 24047092 9 0.01421787864441553 23971028 24270777 299749
