CHR Group SNP.lead BP.lead Size W BP.min BP.max BP.width
17 65 rs9303277 37976469 24 0.14148783652667463 37054458 38223191 1168733
17 72 rs199533 44828931 21 0.07316989878606762 43312893 44871987 1559094
17 74 rs3826397 46509447 20 0.06968572592671311 45885687 47210506 1324819
17 83 rs7207114 53434046 12 0.04119754597071472 53371047 53785504 414457
17 90 rs1292053 57963537 20 0.04092480700585631 56247575 58206139 1958564
17 73 rs2292700 45362423 13 0.03729260271641498 44958937 45847230 888293
17 61 rs12941866 34900120 5 0.03705512015324554 34815551 35174912 359361
17 108 rs12451606 70023827 14 0.03403056671898428 69626669 70206349 579680
17 6 rs58337165 1684605 5 0.03337199128151237 1673276 1917610 244334
17 57 rs891754 32810443 16 -0.03179630347261289 32369860 32813054 443194
17 14 rs3786046 4920360 24 0.03146401527943892 4712617 5733558 1020941
17 21 rs12952489 8241891 13 0.02941821018935436 7936282 8565356 629074
17 94 rs6504191 62041068 10 0.02935639794501223 60896263 62109123 1212860
17 86 rs7224488 54868625 4 -0.02861192781057849 54850329 55094289 243960
17 135 rs999977 78606412 14 0.02781982106521406 78266759 78820212 553453
17 80 rs10514997 50299021 8 0.02781049712967239 49913259 51115243 1201984
17 50 rs4470197 28464474 9 0.02675978312947087 27344104 28551665 1207561
17 132 rs7216806 77538517 1 0.02590261125078618 77333274 77538517 205243
17 104 rs8071899 67930946 8 0.02573394199475968 67464569 67962664 498095
17 105 rs12150382 68222772 15 0.02515813351228426 68017013 68715520 698507
17 137 rs7342974 79483999 4 0.02479225343900538 79471895 79612633 140738
17 29 rs406446 10614442 5 0.02240604521913027 10583589 10943386 359797
17 19 rs2270981 7216540 8 0.02097978173901536 6888605 7297452 408847
17 81 rs9890221 51613235 22 0.02086531283306279 51289930 52313270 1023340
17 98 rs17769593 64221641 22 0.02042785468506155 63942253 64788827 846574
17 49 rs11538927 26686416 14 0.01963892362293927 25885431 27315965 1430534
17 10 rs11649929 3410902 10 0.01934334881518899 3101578 3676393 574815
17 5 rs8070091 1578032 5 -0.01865563931379822 1519775 1648294 128519
17 12 rs9909751 4299256 4 0.01703887761365292 3896807 4391201 494394
17 51 rs7214248 28574177 16 0.01702897646097267 28574177 29916644 1342467
17 27 rs3967769 9981026 4 0.01679174957289427 9874145 10050763 176618
17 99 rs7224314 65386214 7 0.01637048678480649 64827301 65423279 595978
17 123 rs16969682 75127012 7 0.01622137336055006 75075664 75414358 338694
17 106 rs17178041 69138255 8 0.01614761193123317 68761825 69239272 477447
17 40 rs2215299 14793656 17 -0.01576956396002578 14513310 14854669 341359
17 56 rs902557 32250107 5 -0.01545628924958897 32068973 32342235 273262
17 37 rs16948721 13803737 4 -0.01538791992191529 13681058 13803737 122679
17 55 rs1369112 31931592 8 0.01527109772851254 31836993 32060709 223716
17 129 rs7218605 76811803 14 0.01388088042776822 76650175 77087805 437630
17 116 rs3921965 72031792 2 -0.01324338792696368 71991083 72070772 79689
17 95 rs8082170 62395382 8 0.01272119686691426 62168609 62784028 615419
17 30 rs7213403 11129408 10 0.01232773038053251 11105794 11306660 200866
17 118 rs491192 72623855 14 0.01204487408407468 72398336 72931519 533183
17 47 rs17771175 21003053 4 0.01142982677117478 20819995 21284223 464228
17 41 rs2875097 14920997 6 -0.01112031188774392 14889238 15010250 121012
17 79 rs9912472 49729000 12 -0.01077582097406407 48995778 49886052 890274
17 52 rs11656631 30841962 12 0.01058481662734427 29973322 30841962 868640
17 31 rs7225975 11698144 10 0.01053228926975567 11344615 11773387 428772
17 58 rs4636954 32972853 6 -0.00947452722616138 32841107 32978655 137548
17 34 rs12165053 12804801 3 -0.00913908010539717 12680838 12985786 304948
17 122 rs4788961 74969428 6 -0.00896368815040864 74913937 75048672 134735
17 119 rs4789114 72950927 14 -0.00873847565718274 72937851 73729660 791809
17 20 rs1544724 7621777 10 0.00860774603182352 7350544 7922767 572223
17 23 rs9891421 8880878 5 0.00855394683777721 8834595 9102169 267574
17 114 rs2661611 71708855 9 0.00838595478557619 71488139 71715356 227217
17 42 rs230956 15202205 11 0.00801541406497807 15026756 15309204 282448
17 131 rs11658702 77289304 7 0.00792348765533403 77220594 77296321 75727
17 36 rs2108702 13592605 7 0.00774264076445455 13358465 13671900 313435
17 93 rs728368 59675381 9 -0.00740964455405201 59630944 60851264 1220320
17 127 rs4789577 76320835 8 0.0073702089036324 76320835 76548866 228031
17 45 rs4646344 17492060 14 -0.00710626318688807 17326605 18844736 1518131
17 44 rs7208027 16780763 12 0.00710156492206647 16501495 17260170 758675
17 7 rs35343613 2227655 7 0.00701316394004781 1967620 2561169 593549
17 1 rs4286157 402843 6 0.00682194025595885 293138 814529 521391
17 133 rs4889793 77840087 3 0.00669760600370311 77672725 77910156 237431
17 70 rs231487 41981300 15 0.00660755156144514 41776686 42629737 853051
17 100 rs2706683 65552709 4 0.00654701544982089 65466619 65740619 274000
17 60 rs79007502 33880305 8 0.0062927414832093 33827134 34420079 592945
17 85 rs768794 54193400 9 -0.00608834486670084 54180943 54780491 599548
17 54 rs12941575 31715385 10 0.00588868688211089 31583522 31811476 227954
17 22 rs2101939 8620648 5 0.00583323890441187 8609022 8811678 202656
17 71 rs12449933 43137201 6 0.00564178164953768 42649782 43273187 623405
17 101 rs35397826 66270082 3 -0.00548072223596643 65806153 66373475 567322
17 139 rs8066848 80744373 15 -0.00533791611130811 80473077 81006629 533552
17 64 rs11079059 36813346 6 0.00523866253673954 36573094 37032301 459207
17 9 rs9895631 3034989 4 -0.00502353835636013 2793532 3037477 243945
17 66 rs4135012 38450248 6 0.00485809793855396 38257090 38857446 600356
17 113 rs4969113 71361834 1 0.00464985808530426 71188283 71448338 260055
17 96 rs4790945 63371880 9 0.00458012110775404 62987151 63444042 456891
17 87 rs792367 55447443 7 -0.00444202701827851 55173033 55565676 392643
17 102 rs11649965 66581506 11 -0.00436711113026883 66391314 66733138 341824
17 43 rs8079271 16322364 8 -0.00396162330422461 15316235 16417418 1101183
17 77 rs8068961 48403826 5 0.00389834280207588 48305312 48652875 347563
17 38 rs9913851 13819731 3 0.00378146928945833 13815860 14197451 381591
17 124 rs8077107 75612564 2 0.00372116952654796 75560281 75612564 52283
17 75 rs7219984 47696820 10 0.0036544361995989 47243622 47998525 754903
17 15 rs1558883 5817733 3 0.00342088750353023 5756338 5907520 151182
17 120 rs6501880 74289705 8 -0.00340772745598705 73779198 74330638 551440
17 112 rs2131606 71059408 4 0.00310182211509499 71052880 71164081 111201
17 115 rs2586841 71815050 7 -0.00260440871440565 71735358 71958812 223454
17 68 rs11079016 39976024 3 0.00255552443322114 39874075 40193709 319634
17 53 rs8078970 30963238 6 -0.00232174464946883 30873862 31488753 614891
17 4 rs2063187 1348989 4 -0.00224624700586403 1177002 1493715 316713
17 125 rs2410423 75667271 9 0.00220174664818813 75621704 76087178 465474
17 33 rs9894153 12611343 2 0.00215786329680069 12369339 12655081 285742
17 59 rs10512469 33770802 13 0.00213441706016682 32998577 33814758 816181
17 126 rs12452081 76172691 8 -0.00212279484694055 76130987 76253595 122608
17 134 rs1632673 77945736 3 0.00210787256202422 77940637 78184679 244042
17 25 rs7216753 9349826 8 -0.00209920872404347 9336370 9621676 285306
17 107 rs2058007 69317515 3 0.00205518074212022 69257833 69512099 254266
17 67 rs7209228 38955991 13 0.00203035073264324 38888121 39724047 835926
17 0 rs4617924 114669 1 0.00195633095942299 114669 204759 90090
17 13 rs2277680 4638563 3 -0.00192241360873862 4463713 4689572 225859
17 110 rs8068946 70712513 4 0.00189147376486477 70607042 70745592 138550
17 17 rs1567844 6401690 13 0.00188285040844212 6153134 6573964 420830
17 136 rs4613097 79170578 7 0.00185375254160559 78859110 79287477 428367
17 63 rs7501939 36101156 2 -0.00183084553557508 36098040 36249430 151390
17 39 rs597805 14409757 8 -0.00175204094274699 14250136 14482232 232096
17 28 rs117790102 10415269 7 0.0016769366931438 10087550 10570459 482909
17 35 rs9909179 13044303 4 -0.00165792296676992 13044303 13276796 232493
17 121 rs8067774 74479889 5 0.0016500536876532 74387284 74897818 510534
17 84 rs9898558 53993882 4 0.00156258508542712 53887966 54157181 269215
17 128 rs6501232 76608673 2 0.00156012008566171 76595131 76630778 35647
17 69 rs2074158 40257163 8 0.00142132360065513 40255743 41767975 1512232
17 26 rs2293100 9760716 2 0.0013496848763569 9680451 9859408 178957
17 11 rs1558294 3763574 1 -0.00130963514975451 3763574 3817609 54035
17 89 rs11079337 56162496 2 -0.00126534131258015 55954403 56233499 279096
17 46 rs2440154 19444987 4 0.00124800605285219 18917324 20699545 1782221
17 138 rs7211306 80367353 9 -0.00121307592698931 79949231 80456621 507390
17 117 rs12600564 72248512 8 0.00107547970937094 72096784 72355952 259168
17 32 rs887486 12326416 3 9.82321112367218e-4 11793764 12330823 537059
17 18 rs9915706 6654919 3 9.52634412813564e-4 6652789 6811529 158740
17 2 rs11654885 896190 1 8.610898785677723e-4 831667 896190 64523
17 130 rs2703549 77192453 1 -8.253689588050416e-4 77120577 77192453 71876
17 92 rs4968562 59521310 2 8.238508015756333e-4 59444758 59559665 114907
17 82 rs4239191 53331344 5 7.374340927393259e-4 52425518 53331344 905826
17 62 rs2898659 35531996 7 6.629484456832003e-4 35216126 36030031 813905
17 88 rs4793569 55833465 8 -4.799109701193365e-4 55653436 55908536 255100
17 109 rs4578702 70441787 7 3.1665637126404664e-4 70280141 70538293 258152
17 48 rs17703271 25571166 3 2.940546147907624e-4 21807097 25869033 4061936
17 97 rs2107654 63633073 5 -2.1952970209127617e-4 63531331 63905236 373905
17 111 rs4969120 70881435 1 -2.1676445850718788e-4 70772384 71006512 234128
17 3 rs2120233 947233 1 1.884418865859988e-4 947233 1009156 61923
17 91 rs8064681 59155210 1 1.7577624864009345e-4 58828402 59366049 537647
17 16 rs35433451 6117513 2 1.362962085925643e-4 5970537 6135840 165303
17 8 rs9895492 2732876 1 -1.2251942985722764e-4 2629170 2760353 131183
17 103 rs8064595 67118787 17 5.9183440170650775e-5 66767580 67442274 674694
