CHR Group SNP.lead BP.lead Size W BP.min BP.max BP.width
17 223 rs9303277 37976469 14 0.1571522038863706 37409625 38223191 813566
17 249 rs3826397 46509447 12 0.0556761499085996 45885687 46548644 662957
17 248 rs2292700 45362423 9 0.04677741047570085 45315486 45847230 531744
17 245 rs1981997 44056767 9 -0.04174161801338223 43968415 44117119 148704
17 13 rs8071756 1574342 4 -0.03860596386137521 1519775 1588930 69155
17 208 rs12941866 34900120 1 0.03649626787251166 34848874 35009883 161009
17 36 rs3786046 4920360 5 0.02925123236990105 4712617 4938201 225584
17 15 rs58337165 1684605 3 0.02842285624619938 1673276 1801592 128316
17 324 rs6504191 62041068 2 0.02523504113110421 61710010 62041068 331058
17 454 rs7216806 77538517 1 0.02390769742659282 77538517 77538517 0
17 310 rs1292053 57963537 8 0.02230178640836723 57512957 58024275 511318
17 393 rs2661611 71708855 4 0.02223831845189024 71622669 71715356 92687
17 63 rs4792734 8208155 7 0.02151652107800594 8047081 8315649 268568
17 282 rs7207114 53434046 3 0.02142475856977107 53371047 53445130 74083
17 270 rs10514997 50299021 5 0.02138231092163272 49913259 50321347 408088
17 442 rs7218605 76811803 3 0.02112301639797209 76650175 76852828 202653
17 285 rs4239198 53623023 4 -0.02070714815304608 53621492 53785504 164012
17 337 rs17769593 64221641 11 0.0199053882988343 63942253 64331957 389704
17 91 rs406446 10614442 2 0.01911360801092629 10583589 10718089 134500
17 467 rs7342974 79483999 4 0.01834467021794281 79471895 79612633 140738
17 408 rs4789114 72950927 2 0.01826823459698961 72937851 72950927 13076
17 55 rs2270981 7216540 3 0.01711786816235519 7091650 7221197 129547
17 360 rs8071899 67930946 1 0.01633862441702463 67860494 67962664 102170
17 307 rs56378716 56356502 9 -0.01437707798829151 56247575 56389732 142157
17 250 rs9890514 46738883 2 0.01399623672633608 46560069 46738883 178814
17 261 rs3760407 48472270 8 -0.0135443505619037 48403826 48609193 205367
17 273 rs6504820 51444767 6 -0.01351944640347544 51289930 51457742 167812
17 151 rs7208027 16780763 6 0.01349030668092036 16777177 16855878 78701
17 345 rs7224314 65386214 3 0.01348030912543077 65329358 65423279 93921
17 75 rs8071640 9354504 3 -0.01330322096523219 9336370 9370623 34253
17 461 rs999977 78606412 8 0.01329166209240629 78469357 78775571 306214
17 283 rs7213162 53489599 8 -0.01327294985998854 53477038 53519844 42806
17 85 rs3967769 9981026 1 0.01325676625221815 9981026 10004782 23756
17 228 rs7212376 39336342 11 -0.01320542101301124 39235235 39646021 410786
17 431 rs16970576 75825749 2 -0.01316718101866658 75792272 75839026 46754
17 326 rs8082170 62395382 7 0.01308266459196084 62168609 62405369 236760
17 363 rs12150382 68222772 2 0.01269390028165894 68207627 68237670 30043
17 244 rs2942168 43714850 9 -0.01179041729142959 43714850 43924130 209280
17 227 rs72821893 38907448 4 0.01123968821232098 38888121 39096618 208497
17 373 rs12451606 70023827 11 0.01088482510131855 69811571 70120551 308980
17 325 rs17688326 62109123 4 0.01079533708920891 62048467 62109123 60656
17 176 rs7212433 30083687 3 -0.01045255861645862 30056938 30114974 58036
17 161 rs17771175 21003053 2 0.01035528712909589 20819995 21084892 264897
17 243 rs1230103 43485791 3 0.01018087909685167 43312893 43513441 200548
17 166 rs11538927 26686416 4 0.00888493295150968 26279731 26742060 462329
17 274 rs9890221 51613235 1 0.00867547325581856 51495250 51653566 158316
17 155 rs1563632 18220770 6 -0.00820334036152817 17696755 18290993 594238
17 436 rs4789577 76320835 1 0.00804882516284051 76320835 76320835 0
17 94 rs7213403 11129408 2 0.00804708090120023 11105794 11130229 24435
17 31 rs9909751 4299256 11 0.00799280136193147 3896807 4310639 413832
17 347 rs2706683 65552709 1 0.0079532951885419 65494735 65552709 57974
17 246 rs199533 44828931 4 0.00791048960141416 44787312 44871987 84675
17 293 rs10515134 54863448 1 -0.00769613399989059 54850329 54885087 34758
17 267 rs6504723 49494809 2 -0.00759763676363766 49459043 49613785 154742
17 405 rs491192 72623855 4 0.00746110077581507 72563060 72653232 90172
17 191 rs9892990 32382166 4 0.00736262681618621 32369860 32479505 109645
17 37 rs17765422 4986481 3 0.00723873474947173 4971655 5150653 178998
17 58 rs1544724 7621777 1 0.00707972850225438 7592560 7623394 30834
17 253 rs2233362 47287067 5 0.00701191152199602 47243622 47477635 234013
17 67 rs9891421 8880878 3 0.00691064165466191 8834595 8880878 46283
17 143 rs7208747 15309204 2 -0.00647476375119804 15309204 15309204 0
17 210 rs9896380 35113905 3 -0.00645295306697527 35113905 35174912 61007
17 460 rs148731719 78350110 5 0.00644841915167669 78266759 78396004 129245
17 46 rs3888640 6153134 6 0.00642032237980306 6153134 6286526 133392
17 141 rs230956 15202205 6 0.00615147221127552 15072451 15277733 205282
17 44 rs9901849 5970537 1 -0.00600060490788583 5970537 5993315 22778
17 260 rs2696265 48367827 1 -0.00591040503129252 48367827 48372465 4638
17 121 rs2108702 13592605 4 0.00588321416760767 13539564 13624269 84705
17 308 rs2526374 56435885 6 -0.0058228096990953 56395757 57210721 814964
17 302 rs2190759 55794699 3 -0.00579579837958317 55765804 55834785 68981
17 376 rs1008621 70362731 2 0.0057603781744513 70326069 70388518 62449
17 61 rs8078865 7955314 3 0.00573151048202786 7936282 7989008 52726
17 364 rs9915405 68355681 7 0.00570607203948547 68264545 68618615 354070
17 90 rs117790102 10415269 1 0.00570229776634545 10283950 10570459 286509
17 185 rs12453488 31897097 4 0.0056323358664954 31836993 31979473 142480
17 144 rs12945384 15375560 1 -0.00558912381491283 15316235 15421624 105389
17 372 rs9893864 69640574 4 0.00558343794534532 69626669 69768587 141918
17 28 rs178323 3637953 3 0.00544866836693479 3615496 3676393 60897
17 423 rs16969682 75127012 3 0.00533402387156677 75075664 75127938 52274
17 178 rs11656631 30841962 3 0.00531955498974766 30692396 30841962 149566
17 203 rs79007502 33880305 3 0.00531393231379089 33827134 34052157 225023
17 187 rs10512451 32014117 6 0.00525600980931881 32011978 32060709 48731
17 59 rs9903543 7675729 2 -0.00522599769596328 7639749 7701525 61776
17 430 rs2410423 75667271 6 0.00509858729262719 75667198 75765605 98407
17 410 rs8064529 73519413 3 -0.00508539156779788 73211642 73570695 359053
17 369 rs17178041 69138255 6 0.00490507804654995 69074425 69239272 164847
17 450 rs11658702 77289304 3 0.00484410210503137 77273513 77296321 22808
17 365 rs2109048 68700871 4 0.00472463941195881 68666455 68715520 49065
17 96 rs7502432 11224354 3 0.00457704789438086 11181602 11228108 46506
17 99 rs2969206 11422725 3 0.00456708698214132 11404305 11491194 86889
17 242 rs12449933 43137201 6 0.00455357812822597 43081974 43273187 191213
17 403 rs4789659 72398336 2 -0.00450128952127693 72398336 72436370 38034
17 18 rs9894088 2336370 6 -0.00447970247879928 2322776 2561169 238393
17 38 rs7213832 5271804 5 0.00444186433423388 5193813 5404270 210457
17 17 rs35343613 2227655 2 0.00434780441479151 1967620 2289612 321992
17 381 rs8068946 70712513 4 0.00433841342932499 70696103 70745592 49489
17 177 rs11080171 30158073 2 0.00429814148978697 30153880 30601345 447465
17 358 rs2074031 67522975 4 0.00427498108896956 67464569 67522975 58406
17 100 rs11078022 11511457 3 0.00422209088265637 11511457 11519394 7937
17 356 rs8064595 67118787 6 0.00422155077580365 66918829 67290840 372011
17 415 rs8067774 74479889 2 0.00409676669943297 74387284 74480715 93431
17 456 rs4889793 77840087 1 0.00409303857530858 77768696 77854454 85758
17 255 rs7225566 47798725 1 0.00404551998000705 47610371 47942408 332037
17 56 rs4796409 7269373 2 0.00403477221803531 7269373 7297452 28079
17 2 rs4286157 402843 1 0.00394308998470739 293138 695061 401923
17 395 rs6501667 71859152 2 -0.00374333720163063 71839751 71859152 19401
17 272 rs12603672 51115243 1 0.00370135467169422 50971360 51115243 143883
17 3 rs480233 728030 1 0.00365262320431645 701122 733738 32616
17 311 rs8070466 58135280 3 -0.00358430139351648 58121453 58206139 84686
17 87 rs1013439 10128048 2 -0.00351545508309017 10087550 10143039 55489
17 432 rs9902857 75916160 4 -0.00347712224006909 75871237 76087178 215941
17 359 rs6501333 67586873 4 -0.0034398849514051 67532855 67829458 296603
17 340 rs9912154 64728707 2 0.0034204598319476 64718170 64788827 70657
17 339 rs9896191 64696485 6 0.00337446885046788 64443995 64708866 264871
17 237 rs231487 41981300 8 0.0033252111836696 41776686 42019494 242808
17 136 rs7218126 14763026 3 -0.00329100433727017 14653797 14763026 109229
17 466 rs7216728 79247798 2 0.00327262542656245 79165972 79287477 121505
17 170 rs4470197 28464474 9 0.00325619943215614 27909352 28551665 642313
17 173 rs178900 29800656 2 -0.00323699174226638 29797211 29884773 87562
17 148 rs1141283 16346757 5 -0.003234977711371 16322364 16407478 85114
17 165 rs964947 26186886 3 0.00320610630453436 25885431 26267997 382566
17 224 rs4135012 38450248 1 0.00319032612750237 38257090 38593294 336204
17 205 rs1003645 34340284 2 0.00316018664632248 34304605 34346267 41662
17 168 rs7209812 27536988 5 -0.00313919721598419 27344104 27621349 277245
17 126 rs9913851 13819731 2 0.00312171842888427 13815860 13819731 3871
17 167 rs12453704 26836445 7 -0.00303055730635585 26807734 27315965 508231
17 45 rs4796346 6088673 3 -0.00288580798263724 6031458 6135840 104382
17 73 rs1558214 9193945 1 -0.00288480250480933 9193945 9207453 13508
17 428 rs8077107 75612564 2 0.00285236634268741 75599604 75612564 12960
17 23 rs17822257 2886091 4 -0.00274209997925213 2881291 2931580 50289
17 74 rs8073431 9306170 3 -0.00273577052871451 9245232 9306170 60938
17 411 rs4788901 73586764 2 -0.00273374452527754 73586358 73729660 143302
17 388 rs4969113 71361834 2 0.00268447550329336 71335260 71361834 26574
17 355 rs9897551 66817866 3 0.00265466857886529 66767580 66899733 132153
17 300 rs1974692 55653436 2 0.00265221313926236 55653436 55661470 8034
17 43 rs1558883 5817733 3 0.00263809309751861 5817733 5907520 89787
17 367 rs8067887 68933985 2 0.0025954847412088 68912003 68990369 78366
17 409 rs7219493 73044188 1 0.00257992771548085 73006996 73185657 178661
17 64 rs16957494 8549527 1 0.00252569022695605 8419594 8565356 145762
17 24 rs769433 3019790 2 -0.00242182091467537 2942648 3037477 94829
17 269 rs7207398 49812048 5 0.00238003095378486 49781822 49886052 104230
17 225 rs7219622 38671228 3 0.00236057459901253 38640744 38671228 30484
17 239 rs2011951 42398052 1 0.00234726888377763 42361360 42423665 62305
17 101 rs12449476 11653008 4 0.00233371414997004 11528516 11680785 152269
17 230 rs4629018 39922033 1 -0.00232181789116258 39874075 39922033 47958
17 335 rs9915454 63629238 3 -0.00230738571375237 63593166 63748853 155687
17 385 rs2131606 71059408 2 0.00227223005654563 71052880 71062115 9235
17 110 rs9894153 12611343 1 0.00226881631542767 12578664 12620897 42233
17 184 rs2881564 31786051 7 -0.00224891597752137 31702422 31811476 109054
17 470 rs61738919 80280054 6 0.00222720670100333 80280054 80456621 176567
17 98 rs2969184 11344615 2 -0.00220100361954273 11344615 11393896 49281
17 115 rs9909179 13044303 1 0.00219222058662322 13044303 13117258 72955
17 62 rs3027209 8014416 2 0.00218534068665993 7996640 8014416 17776
17 331 rs8077158 63317498 9 -0.00217818417656705 63178272 63334665 156393
17 383 rs720959 70924681 1 -0.00216635456044755 70924681 70924851 170
17 407 rs8078766 72931519 1 -0.00214862372165193 72834585 72931519 96934
17 57 rs12940684 7453919 5 0.00213699414883449 7350544 7559677 209133
17 138 rs8075436 14911566 3 -0.0021288601024164 14889238 14921926 32688
17 406 rs35489971 72700943 5 -0.00212695029420882 72700943 72784932 83989
17 25 rs9911870 3212858 2 0.00207607379812277 3101578 3378876 277298
17 172 rs735053 29742727 3 0.00207388143985108 29470002 29745981 275979
17 93 rs4792077 10899825 1 0.00206872466016837 10899825 10943386 43561
17 29 rs1558294 3763574 1 -0.00203021952127921 3763574 3781931 18357
17 426 rs11077909 75403480 4 0.00194369038735523 75370468 75414358 43890
17 0 rs4617924 114669 1 0.00191318128577652 114669 114669 0
17 251 rs9899950 46828412 4 -0.00181515218896766 46828412 47007963 179551
17 135 rs12451369 14622200 4 0.00180473529988267 14609956 14640534 30578
17 65 rs2101939 8620648 4 0.0018028071900705 8609022 8700982 91960
17 292 rs227718 54780491 2 0.00180137455405782 54666735 54780491 113756
17 338 rs7225452 64380274 1 0.00180115747971794 64337021 64434272 97251
17 445 rs6501278 77085081 3 -0.0017708685175509 77030577 77087805 57228
17 332 rs4790945 63371880 1 0.00176030763367257 63371880 63420075 48195
17 435 rs1109278 76248229 3 -0.00172396314033583 76248229 76253595 5366
17 473 rs6502026 80921029 5 0.00171038354072618 80652949 80926215 273266
17 9 rs6502862 1196088 1 -0.00159457708842219 1177002 1207467 30465
17 48 rs12453781 6427027 6 -0.00153824717440066 6343413 6443244 99831
17 4 rs2457270 791338 3 -0.00153406150114816 746832 814529 67697
17 171 rs1050565 28576076 11 0.00152592996344091 28574177 29247715 673538
17 441 rs6501232 76608673 2 0.00144602829347266 76608673 76630778 22105
17 158 rs2440154 19444987 3 0.0014366643266801 19444987 19664318 219331
17 204 rs141724302 34192351 2 -0.00141838823077922 34093663 34261831 168168
17 294 rs11651374 55094289 1 -0.0014155175363306 55094289 55094289 0
17 202 rs10512469 33770802 3 0.00139971255163654 33714452 33814758 100306
17 313 rs7215706 59366049 1 -0.00139095734453038 59340859 59366049 25190
17 233 rs11649877 40772397 3 0.00134874479338783 40375881 40897470 521589
17 16 rs4790859 1897820 1 0.00133578414110775 1844519 1917610 73091
17 215 rs4430796 36098040 1 -0.00132818847075916 36098040 36101156 3116
17 122 rs12601543 13665377 2 0.00132270380233998 13640730 13671900 31170
17 268 rs16950253 49727668 5 0.00132160016320866 49640184 49742142 101958
17 66 rs726679 8811678 1 0.00131974475505563 8750061 8811678 61617
17 69 rs3744655 9058214 2 0.00127669943498554 8965551 9070646 105095
17 401 rs12600564 72248512 4 0.00126742017879014 72240168 72332155 91987
17 192 rs4795893 32574448 4 0.00125128435459023 32495847 32639361 143514
17 419 rs16969506 74914941 2 0.00125084266821925 74913937 74916307 2370
17 275 rs2940644 51708401 10 -0.00124778713792549 51669531 52097411 427880
17 113 rs5030739 12899902 4 -0.00123663924065623 12832979 12915009 82030
17 258 rs1063647 48187884 1 -0.00123523913756673 48184377 48265426 81049
17 180 rs7210010 30905457 2 0.00122092034018289 30905457 31283408 377951
17 344 rs8074407 65196367 1 0.00118918839736695 65033060 65276451 243391
17 464 rs7225916 78992409 1 -0.0011712958485532 78992409 79017259 24850
17 6 rs11654885 896190 1 0.00115646441389206 896190 896190 0
17 137 rs2191177 14804554 3 0.00110613052887123 14793656 14854669 61013
17 195 rs1476773 32841107 1 -0.00108391139202067 32841107 32903538 62431
17 458 rs1632673 77945736 1 0.00104284800829045 77940637 77953453 12816
17 220 rs9914342 37190141 1 0.00103019446880456 37054458 37251066 196608
17 216 rs2459575 36245768 2 0.00102387471548304 36173595 36249430 75835
17 81 rs2293100 9760716 4 0.00100194574293816 9760716 9820695 59979
17 219 rs11079059 36813346 5 9.975929141622583e-4 36813346 37032301 218955
17 92 rs17499409 10781802 2 -9.962355755951822e-4 10734690 10881442 146752
17 459 rs8065364 78162959 4 -9.865246597295274e-4 78071052 78184679 113627
17 448 rs7223911 77232086 2 9.110735536789118e-4 77220594 77234671 14077
17 22 rs11652404 2793532 1 -9.017501710479536e-4 2793532 2832726 39194
17 287 rs9898558 53993882 3 8.991405407072841e-4 53933953 54123973 190020
17 351 rs758152 66311332 1 -8.890866496364796e-4 66311332 66373475 62143
17 21 rs6502555 2729652 1 -8.820758224954101e-4 2729652 2760353 30701
17 70 rs12602314 9089063 1 8.773552792055835e-4 9083672 9102169 18497
17 281 rs4239191 53331344 1 8.622388843620135e-4 53285701 53331344 45643
17 213 rs2898659 35531996 2 8.580236051739764e-4 35456279 35543678 87399
17 102 rs7225975 11698144 1 -8.50886139175907e-4 11698144 11773387 75243
17 53 rs364569 6979179 2 -8.40335908170328e-4 6979179 6982444 3265
17 469 rs4789753 80092131 1 8.296096896514328e-4 80086389 80109806 23417
17 26 rs12948872 3397895 2 -8.209622879096793e-4 3396894 3422366 25472
17 297 rs868728 55403922 2 7.83390937154488e-4 55361584 55463146 101562
17 316 rs9902598 59635424 2 7.507695300480888e-4 59630944 59638769 7825
17 134 rs2109174 14513310 2 7.339729340060533e-4 14513310 14561016 47706
17 139 rs4791611 14940605 2 -6.974399643455359e-4 14939708 15010250 70542
17 152 rs1736204 17151141 1 -6.671548749083427e-4 16960911 17260170 299259
17 455 rs4313838 77698582 2 -6.523309261652337e-4 77672725 77698582 25857
17 238 rs2631299 42219773 1 6.494910377712055e-4 42065925 42338998 273073
17 95 rs758433 11179153 2 6.3986764392373e-4 11158773 11179153 20380
17 343 rs713572 64991061 1 6.263850199333865e-4 64991061 64991061 0
17 289 rs10491199 54304056 2 6.254904561832559e-4 54180943 54383237 202294
17 145 rs7213827 15558557 1 6.170745062523779e-4 15510011 15562320 52309
17 413 rs61744818 74163759 3 6.117912795122048e-4 74067099 74166869 99770
17 414 rs6501880 74289705 2 -6.09331120705837e-4 74212382 74330638 118256
17 231 rs11079016 39976024 5 6.066548871163711e-4 39946405 40193709 247304
17 370 rs2158906 69257833 4 -6.023079184236529e-4 69257833 69367700 109867
17 350 rs12602912 65870073 1 -5.973974352881091e-4 65806153 66281082 474929
17 131 rs7215862 14282778 1 -5.872259700397713e-4 14282778 14282778 0
17 301 rs4793885 55728224 1 5.814316382140288e-4 55707828 55733373 25545
17 47 rs8073152 6305509 1 5.736756141027201e-4 6297533 6320519 22986
17 175 rs315499 30021321 1 5.666045909791884e-4 29973322 30045224 71902
17 320 rs4968613 60747979 3 -5.534649536402549e-4 60603969 60851264 247295
17 78 rs2654725 9614556 3 -5.393079231554383e-4 9613684 9621676 7992
17 443 rs7342880 76874512 2 5.33048474235198e-4 76874512 76930769 56257
17 463 rs4969303 78891923 3 5.294684302121318e-4 78859110 78939857 80747
17 50 rs8078571 6733672 2 -5.178435698420642e-4 6652789 6733672 80883
17 156 rs9903574 18768582 2 5.081022981479204e-4 18753870 18844736 90866
17 417 rs11077863 74816422 2 -5.00543614108143e-4 74593903 74820857 226954
17 386 rs2236754 71164081 2 -5.002238620481325e-4 71113564 71164081 50517
17 453 rs971626 77416940 1 -4.974916500333575e-4 77412179 77444777 32598
17 471 rs9911222 80473077 2 4.967829007236865e-4 80473077 80509676 36599
17 357 rs2592208 67408873 1 -4.938132444661042e-4 67335782 67442274 106492
17 198 rs2190977 33036586 3 4.643304733401104e-4 32998577 33288882 290305
17 422 rs2120133 75021850 1 -4.636146059856104e-4 75020291 75048672 28381
17 32 rs7216025 4346807 1 -4.594569453087383e-4 4346807 4391201 44394
17 349 rs1979498 65740619 1 -4.58198231653384e-4 65710869 65740619 29750
17 329 rs8075179 63113160 2 4.5279026579996527e-4 63068976 63143298 74322
17 7 rs2120233 947233 1 4.439152398791416e-4 947233 948149 916
17 163 rs17703271 25571166 2 4.3418879290574146e-4 21807097 25571166 3764069
17 109 rs4791505 12549476 2 -4.168903789856722e-4 12471886 12550845 78959
17 257 rs3891034 48070225 1 -3.999596194027356e-4 48070225 48110703 40478
17 84 rs8069470 9901677 2 -3.960915040179401e-4 9901677 9963969 62292
17 194 rs1978688 32759854 2 -3.920815838957336e-4 32759854 32813054 53200
17 412 rs8074216 73813250 4 -3.8464794673427583e-4 73779198 74018597 239399
17 211 rs7218928 35263956 1 3.8218756834896704e-4 35216126 35263956 47830
17 375 rs718400 70311511 1 -3.81528546694448e-4 70280141 70311511 31370
17 1 rs7224337 174121 1 -3.641383512175817e-4 174121 204759 30638
17 465 rs7210438 79060180 1 -3.4755545141912245e-4 79060180 79125165 64985
17 394 rs6501659 71771387 4 -3.3070305340336605e-4 71735358 71815050 79692
17 183 rs17248867 31588486 2 -3.1013980289571e-4 31583522 31671216 87694
17 188 rs4144698 32068973 3 3.0403073109222317e-4 32068973 32140803 71830
17 446 rs12937891 77120577 1 -2.9332732411599e-4 77120577 77134342 13765
17 336 rs1345451 63905236 2 2.8141167360488863e-4 63761473 63905236 143763
17 42 rs7218232 5770670 1 -2.808214380969756e-4 5756338 5795753 39415
17 309 rs8065479 57414047 1 -2.8007464336830877e-4 57376428 57489366 112938
17 418 rs8064352 74896345 1 -2.7899580405928956e-4 74872578 74897818 25240
17 438 rs111563325 76451830 1 2.726633131450052e-4 76451830 76479389 27559
17 315 rs4968563 59524473 4 -2.717751729403939e-4 59521310 59559665 38355
17 103 rs7218124 11906351 2 2.619386117345587e-4 11793764 12031109 237345
17 416 rs3744050 74557976 1 2.5022957162779835e-4 74557976 74573532 15556
17 353 rs16973170 66639907 2 2.3957405682520336e-4 66581506 66702344 120838
17 318 rs4968414 60264211 1 -2.3231985189982784e-4 59940633 60285205 344572
17 120 rs9303081 13456721 1 2.272019521290412e-4 13405872 13495749 89877
17 354 rs4368217 66727924 1 2.2643117340428927e-4 66714282 66733138 18856
17 214 rs9906814 35994809 5 2.2490991975208387e-4 35771468 36030031 258563
17 400 rs7211140 72173910 1 2.232717796393989e-4 72173910 72190551 16641
17 262 rs739924 48631607 1 2.2249706084390912e-4 48631607 48652875 21268
17 277 rs10468540 52770340 1 -2.1929045350864312e-4 52425518 52847941 422423
17 60 rs17807204 7784295 2 2.1843288029626471e-4 7734114 7922767 188653
17 252 rs6504595 47187056 4 2.162182397504023e-4 47053828 47210506 156678
17 132 rs16949556 14344249 1 2.099322411528763e-4 14308398 14360149 51751
17 232 rs35118457 40263400 3 2.068991660847256e-4 40255743 40318734 62991
17 97 rs16944647 11272698 2 2.0393226514012436e-4 11237826 11306660 68834
17 27 rs7212403 3429303 3 -2.032874602573527e-4 3429303 3530253 100950
17 164 rs7222355 25854188 1 2.0219069225597695e-4 25628820 25869033 240213
17 371 rs4793348 69451058 1 -1.974315893950048e-4 69451058 69512099 61041
17 387 rs9900652 71273999 1 1.9425630233650128e-4 71188283 71317467 129184
17 83 rs3826528 9885606 1 1.9316776359644072e-4 9874145 9885606 11461
17 472 rs8068482 80608149 2 1.885051470386144e-4 80550441 80624430 73989
17 221 rs12946701 37303198 1 1.8808634675753383e-4 37261879 37322080 60201
17 382 rs4969120 70881435 2 -1.8599693253003373e-4 70772384 70912437 140053
17 434 rs2071214 76219591 5 -1.8001022509195547e-4 76160881 76221008 60127
17 271 rs12601673 50805330 1 -1.7530428951566856e-4 50367050 50916059 549009
17 304 rs2685515 55894517 3 -1.7458122892253375e-4 55880661 55908536 27875
17 236 rs2063680 41764995 4 1.71677231462895e-4 41695428 41767975 72547
17 41 rs4985637 5718481 3 -1.7091694694074632e-4 5687387 5733558 46171
17 451 rs868134 77371081 1 -1.6873320526041415e-4 77333274 77371081 37807
17 462 rs2589158 78818603 1 1.6482843246608784e-4 78792758 78820212 27454
17 79 rs12103880 9698342 1 -1.6055230703948724e-4 9680451 9714009 33558
17 154 rs4925109 17661802 1 1.549150319085496e-4 17425631 17682484 256853
17 182 rs11656076 31464270 1 -1.5166197600711837e-4 31408515 31488753 80238
17 352 rs12946747 66422158 4 -1.459666004386506e-4 66391314 66540810 149496
17 71 rs12939263 9127010 1 -1.457331256418933e-4 9127010 9148060 21050
17 449 rs12051618 77243063 1 1.3784840029758584e-4 77243063 77264201 21138
17 312 rs8064681 59155210 2 1.3435912511220336e-4 58828402 59277614 449212
17 130 rs11078241 14250136 1 1.3039777180526817e-4 14250136 14250688 552
17 147 rs11574935 16286908 1 -1.2973986231922305e-4 15914986 16286908 371922
17 374 rs4793407 70206349 1 1.1356593931834476e-4 70153805 70206349 52544
17 298 rs11868362 55498236 1 9.749978008845574e-5 55491249 55511811 20562
17 114 rs9908982 12935540 1 -9.743023117306156e-5 12933743 12985786 52043
17 424 rs11655883 75234757 1 9.687647546244048e-5 75234757 75254513 19756
17 323 rs4343 61566031 1 9.532640826827572e-5 61557773 61634538 76765
17 296 rs8070947 55336268 1 9.360761458368996e-5 55289933 55336268 46335
17 127 rs8076834 13885178 1 -7.857690887926242e-5 13837632 13885178 47546
17 457 rs1663187 77888965 1 -7.54562054341188e-5 77865500 77910156 44656
17 361 rs16974824 68017013 2 6.807623739524705e-5 68017013 68096658 79645
17 278 rs11079129 52869546 1 6.417504643218081e-5 52867544 52935126 67582
17 425 rs4789448 75341774 3 4.934878047518183e-5 75288940 75341774 52834
17 108 rs10491190 12423312 1 4.2662998243332815e-5 12395558 12449192 53634
17 235 rs4793248 41470683 2 4.222589000630167e-5 41127448 41501295 373847
17 125 rs12451418 13793253 3 3.0696835773370954e-5 13771669 13803737 32068
17 439 rs691336 76518426 1 2.7831068184058854e-5 76491127 76548866 57739
17 106 rs887486 12326416 2 2.7442070609595996e-5 12241592 12330823 89231
17 199 rs10853174 33351917 1 -6.626011066903525e-6 33351917 33574253 222336
17 76 rs9910604 9448879 2 -2.508956394039763e-6 9445259 9474296 29037
17 366 rs1015657 68878487 2 1.774981370875582e-6 68761825 68878487 116662
