CHR Group SNP.lead BP.lead Size W BP.min BP.max BP.width
14 131 rs8017161 103563195 13 0.20965318102785513 103009367 103584674 575307
14 107 rs737522 93014672 11 0.12254492571479614 93005721 93372370 366649
14 70 rs3784099 68749927 19 0.103097075233024 68019608 69039588 1019980
14 36 rs712314 35408548 26 0.07116090822865045 34879025 35853388 974363
14 72 rs1275824 70194563 20 0.06136211701702787 69328022 70366437 1038415
14 97 rs12883250 88446876 20 0.06102454069485562 87546785 88695342 1148557
14 110 rs11621961 94769476 12 0.05803802065573109 94432783 94892438 459655
14 103 rs1286083 91442779 14 0.05706092379479486 90983296 91642234 658938
14 130 rs62000389 102912150 16 0.0474135506712712 101910778 102933347 1022569
14 62 rs755011 59815040 26 0.04259740592789719 59452572 61665229 2212657
14 69 rs6573638 66328997 15 0.03951018109673244 66294143 67984540 1690397
14 28 rs2300835 33207522 12 0.03870005263742671 32903616 33237374 333758
14 90 rs11623789 82450632 17 0.03823883900218995 81820060 82505045 684985
14 135 rs3924892 105494262 10 0.03648070896876029 105368733 105752404 383671
14 7 rs3748366 22204911 22 0.03328531515797182 22022117 22483101 460984
14 2 rs1243647 21024619 5 -0.03272546577284847 20971784 21109726 137942
14 37 rs696 35871093 18 0.03189230055686862 35871093 36843139 972046
14 85 rs177143 78590808 25 0.03150241383222223 77726516 78608741 882225
14 113 rs8007366 95705236 14 -0.0305529398506862 95422491 95823870 401379
14 51 rs1002132 52285373 20 0.03040085660460269 52077089 52670514 593425
14 77 rs2526896 73055107 9 0.02879168764580762 73052019 73329055 277036
14 79 rs2193596 75234101 14 0.02833950782508155 74860214 75782101 921887
14 127 rs3742384 100800103 6 0.02680887089832686 100800103 101323211 523108
14 81 rs11621363 76530921 5 0.02641097149666203 76031313 76581121 549808
14 68 rs2411915 65794692 27 0.02571527475726161 65230358 66283754 1053396
14 38 rs1956968 37047477 17 -0.02532717588281952 36888567 37442671 554104
14 46 rs1371793 48903488 22 -0.02514971247112844 47473866 48999279 1525413
14 132 rs2771396 103660158 6 0.02472568138350058 103617950 104628406 1010456
14 26 rs1953273 32368934 10 -0.02432628034556847 31351785 32368934 1017149
14 44 rs1959379 44974966 17 0.02304302781505664 44566484 45224071 657587
14 43 rs2182977 44279080 26 0.02247120263664476 43367596 44535160 1167564
14 57 rs7153071 56408735 24 0.02225527631349269 56221073 56920900 699827
14 64 rs217676 62363763 8 0.02185404408634832 62065848 62375195 309347
14 87 rs7141420 79899454 10 0.02135086634873186 79384718 80176931 792213
14 13 rs8022613 24406918 8 -0.02115876249929491 24247710 24591892 344182
14 84 rs17811635 77573757 7 0.02108145539708124 77440979 77713146 272167
14 83 rs2216094 77157516 9 -0.02034138505613727 77039784 77332408 292624
14 134 rs4247027 105139894 4 0.01999640933094772 104865071 105222037 356966
14 100 rs3783855 89798388 8 -0.0199156095953285 89748882 89954050 205168
14 5 rs10146416 21519599 4 -0.01935426513389594 21519599 21629898 110299
14 6 rs7141803 21875476 5 -0.01852764588132987 21647420 21993498 346078
14 23 rs718545 30489623 6 0.01847850052807228 29916912 30524538 607626
14 66 rs8005319 63822521 25 0.01845626702116767 63175105 64173925 998820
14 105 rs12589892 92161018 10 -0.01797595014557006 92159558 92627138 467580
14 9 rs970348 23069853 10 0.01795428999296812 22961102 23242828 281726
14 25 rs179562 31224458 8 0.01741231700191364 30870187 31329598 459411
14 48 rs941605 50410547 20 0.01703309755429129 49331680 50484040 1152360
14 59 rs709986 57412981 10 -0.01645437205860928 57204584 57598022 393438
14 93 rs1241906 84142036 23 0.01607538141882653 84094388 85548835 1454447
14 15 rs17109307 25384645 20 0.01586710716335353 25182686 25616188 433502
14 22 rs7155255 29695661 6 0.01493903545817956 29049457 29896499 847042
14 126 rs12588659 100587813 10 0.01486481797760826 100057672 100743421 685749
14 98 rs1287662 89290630 20 0.01403914200951354 88734104 89577749 843645
14 111 rs1154824 95096255 16 -0.01388176554301487 94910363 95263461 353098
14 104 rs2202955 92118160 10 0.01372863419051958 91689496 92126827 437331
14 45 rs17115982 45783546 17 -0.01351517266329122 45289062 47447920 2158858
14 8 rs17255668 22747483 16 0.01305670648523518 22544393 22930158 385765
14 55 rs115333865 55004449 18 -0.01259663503935829 54451302 55211833 760531
14 91 rs7148115 83176013 3 0.0125489482478551 82542096 83256589 714493
14 67 rs11621026 64389502 22 0.01194051373791157 64232386 65174586 942200
14 24 rs12436395 30706026 4 0.01164011532215506 30552778 30839557 286779
14 101 rs243202 90048612 6 0.01146020864387696 89983256 90451500 468244
14 27 rs11156725 32496696 12 0.0112921686417153 32389856 32876958 487102
14 80 rs2300603 76005557 5 0.01124358865523073 75790221 76028680 238459
14 75 rs11628267 71633294 15 -0.01057964529149728 71352648 72542119 1189471
14 88 rs7147199 80417718 15 0.01039097212133104 80187637 80971261 783624
14 53 rs7149928 54098459 18 0.01030303198460154 53196348 54148442 952094
14 76 rs8010242 72739064 5 0.01028521775884216 72553387 73037708 484321
14 89 rs45541932 81744076 16 0.01026067676443034 81008723 81778644 769921
14 122 rs10134920 98719977 20 -0.01006634349755536 98503520 99137635 634115
14 18 rs10162542 26462905 4 -0.00978017336819326 26436743 26671662 234919
14 86 rs741523 79012670 19 0.00974700979369486 78641734 79226876 585142
14 71 rs1465788 69263599 16 0.00959375989676577 69060068 69273905 213837
14 47 rs17120305 49063187 3 0.00932471875929098 49025952 49274102 248150
14 41 rs8005565 41097075 28 -0.00892594246636956 40343703 42710883 2367180
14 39 rs177899 38139214 21 0.00878808344346972 37449287 38706711 1257424
14 65 rs7156151 62457053 23 -0.00833195841410036 62435628 63159182 723554
14 30 rs17460823 33586563 7 0.00813749685088985 33555133 33825093 269960
14 11 rs17256141 23726814 5 0.00807339120616521 23632506 24017278 384772
14 54 rs10147611 54234753 6 0.0078014937269196 54172855 54433533 260678
14 49 rs10139934 50987481 14 0.00747063338235552 50518636 51395384 876748
14 56 rs45612333 55903716 12 -0.0070762579644119096 55236176 56197878 961702
14 92 rs229776 83902685 16 0.00704112889636263 83267946 84062199 794253
14 1 rs1760921 20818131 13 -0.0067824046788819 20712322 20955163 242841
14 19 rs6575139 27174402 2 0.00628260596768319 26690571 27271382 580811
14 40 rs2415482 38958967 38 0.00598829975976019 38721995 40319433 1597438
14 115 rs7161223 96127082 17 0.00594993159496661 96009307 96260801 251494
14 74 rs17766621 71262932 3 -0.00554042308451915 71179711 71343331 163620
14 10 rs61745081 23564437 6 0.00534630755149728 23259699 23598976 339277
14 114 rs1187751 95894578 5 -0.00515470819672883 95844779 95973610 128831
14 121 rs898927 98263147 13 -0.0051483854714497 98175467 98498951 323484
14 82 rs3813545 76967305 7 -0.00461407608383677 76593690 76967305 373615
14 109 rs1956658 94279265 10 -0.00458739337340921 94264690 94378321 113631
14 42 rs7151320 43107060 6 -0.00454459085614533 42731966 43277615 545649
14 106 rs10134832 92928693 5 0.00441853472833089 92656568 92959940 303372
14 16 rs11159148 25682271 3 0.00429249704256573 25631999 26024780 392781
14 61 rs4901852 58821929 16 -0.00421664731988985 58460588 59447625 987037
14 60 rs12590226 58439964 16 0.00412910676675728 57612996 58446570 833574
14 32 rs12881368 33979974 7 0.0040454428501452 33937784 34159969 222185
14 119 rs10131135 97717525 5 0.00395584730318453 97580724 97745959 165235
14 58 rs4901702 57090588 2 0.00373272498210803 56972072 57185119 213047
14 73 rs41286548 70633411 17 0.00321986340218021 70401814 71152433 750619
14 116 rs11845882 96565323 5 -0.00310487144689276 96271965 96565323 293358
14 117 rs4905454 96651465 7 -0.00308946224427436 96574434 96846092 271658
14 31 rs10148795 33845322 1 0.00283287856989804 33845322 33920274 74952
14 112 rs1243561 95369886 7 -0.00281058895341395 95273595 95390794 117199
14 95 rs11159732 86257811 6 0.00273665019295518 86064367 86634681 570314
14 124 rs2988105 99575709 14 -0.0026386701188065 99479669 99688743 209074
14 12 rs7142207 24164243 3 0.00256865822546178 24117528 24202501 84973
14 94 rs10149105 85615940 11 0.00246209645895507 85569284 86037541 468257
14 4 rs2771358 21422666 4 0.00244625958444031 21325687 21502431 176744
14 21 rs9783674 28446721 18 0.0023639151362489 27720455 29007707 1287252
14 102 rs3814848 90651033 3 -0.00220462525654012 90542118 90890278 348160
14 78 rs2806034 73422350 20 -0.00190208079384199 73335169 74808105 1472936
14 0 rs7159675 20568700 11 -0.00171844510158911 20425051 20694968 269917
14 108 rs2286653 93673655 13 0.00158774832570069 93389030 94240020 850990
14 20 rs11623212 27350629 2 -0.00147160024927758 27293442 27705881 412439
14 118 rs10145396 97255679 12 -0.0010428245993676 96883969 97565056 681087
14 120 rs2781407 97959474 2 -9.998576117063137e-4 97781834 98124407 342573
14 3 rs750142 21130632 3 8.811608009024512e-4 21130632 21265637 135005
14 34 rs980464 34568993 3 8.797552677567842e-4 34401104 34575688 174584
14 29 rs17099578 33285857 4 8.209605220377226e-4 33271488 33508657 237169
14 63 rs2181985 61940910 10 -7.607303015956263e-4 61692955 62021879 328924
14 129 rs10139797 101708609 5 -7.575844444647006e-4 101653358 101872299 218941
14 14 rs7158744 24717791 21 -6.415462576739531e-4 24653954 25162082 508128
14 133 rs8016091 104807712 2 -6.022521182743311e-4 104662014 104807712 145698
14 52 rs3783449 53154350 11 -4.799950505062229e-4 52700209 53154350 454141
14 33 rs1958058 34260635 3 -4.773172404710273e-4 34170982 34311717 140735
14 35 rs1154110 34658420 1 -4.5102766446372753e-4 34607464 34828738 221274
14 125 rs1257300 99822060 2 -4.046320878408274e-4 99753792 100037018 283226
14 96 rs1420813 87476592 15 2.8607851301478207e-4 86722953 87494360 771407
14 123 rs1257613 99448000 5 -2.1420212669013249e-4 99147232 99474165 326933
14 128 rs3742406 101537857 3 1.2143735128917923e-4 101349454 101639874 290420
14 99 rs8009301 89660987 2 7.675759767087472e-5 89592955 89722699 129744
14 50 rs11851025 51803928 23 -4.748692563082829e-5 51417886 52044782 626896
14 17 rs1951039 26164609 2 -3.1628310348161886e-5 26150510 26364940 214430
