CHR Group SNP.lead BP.lead Size W BP.min BP.max BP.width
22 81 rs12627970 39721745 8 0.1343499093897234 39594740 39721745 127005
22 84 rs9607852 42258272 31 0.10707585517909118 41418154 42867898 1449744
22 74 rs2284033 37534034 7 0.04965334808356241 37367928 37553619 185691
22 16 rs7291930 20876509 1 0.04813750442383584 20753615 20903410 149795
22 53 rs1002189 30771458 10 0.04773304106268757 30658722 31046587 387865
22 82 rs2294360 39897792 10 0.04407500687668107 39781585 40083730 302145
22 131 rs140522 50971266 10 0.04274948204443674 50937445 51104680 167235
22 19 rs1210606 21452237 4 0.0404029320748942 21352181 21460220 108039
22 14 rs2531708 20017445 14 0.03798896973874752 19956781 20189202 232421
22 11 rs5748167 19370586 9 0.03390933427971449 19154522 19594436 439914
22 28 rs1041749 24846391 12 0.03376879601691611 24460593 24991895 531302
22 24 rs5759742 23700907 3 0.02536873971037854 23700907 23754578 53671
22 7 rs439231 18319179 11 0.02365022485865706 18286672 18486017 199345
22 108 rs13057352 47095235 3 0.02293149076162107 46919541 47103512 183971
22 58 rs743762 32959350 7 -0.02171314259111147 32959350 33142908 183558
22 67 rs4820201 35970204 4 0.02100781261815491 35899384 36130577 231193
22 91 rs2267597 44427612 2 0.02079390361481858 44424108 44466550 42442
22 130 rs11555194 50876662 8 0.0172832152872824 50435480 50910875 475395
22 64 rs204276 34744069 7 0.01701116293355448 34537450 34940942 403492
22 35 rs8139900 26394724 6 0.01580495008196243 26369358 26438495 69137
22 109 rs4476 47440669 7 0.01575852365578613 47108189 47440669 332480
22 76 rs2284051 37710569 5 0.01551837247293704 37699377 37807303 107926
22 120 rs13056461 49155087 9 0.01452197931928309 49027446 49175009 147563
22 27 rs7287310 24047092 9 0.01421787864441553 23971028 24270777 299749
22 45 rs980078 27715760 10 -0.01397989535930991 27689956 27785809 95853
22 79 rs5757166 38995385 3 0.01390545653930152 38807144 39300936 493792
22 102 rs6006756 45884487 9 0.01316101140312128 45680473 45892433 211960
22 33 rs739281 26277148 3 0.01311647901275745 26173661 26278427 104766
22 86 rs738533 43172308 14 0.01246339720688454 43162952 43559137 396185
22 61 rs16992276 33801983 10 0.0122696056572625 33728035 33893601 165566
22 115 rs6008503 48404527 6 -0.01216346648188303 48284514 48478429 193915
22 121 rs12158344 49214032 3 0.0119647372917956 49179546 49228507 48961
22 56 rs11703151 32849712 8 0.01137076902085153 32706904 32849712 142808
22 41 rs2157465 27381346 3 -0.01075340188426693 27301137 27381346 80209
22 73 rs4821540 37241788 5 0.01073046724304733 37197530 37333804 136274
22 42 rs760529 27485345 8 0.01052881316409218 27410749 27508858 98109
22 43 rs9620665 27557030 9 0.010299363710626541 27533998 27627416 93418
22 40 rs13054025 27222059 1 0.01016512550155011 27206289 27273238 66949
22 77 rs8140025 37910395 4 0.0095552186863774 37843239 37958268 115029
22 75 rs8139798 37660255 4 0.00937348823564457 37567490 37673781 106291
22 38 rs2283822 26924312 17 -0.00890581673775035 26794102 27141605 347503
22 60 rs137326 33523109 6 -0.00883781581898114 33523109 33637087 113978
22 55 rs5994466 32518130 21 0.00857186050756914 31487701 32655284 1167583
22 30 rs139762 25307571 2 0.00774736680644047 25290487 25388318 97831
22 116 rs4499 48646288 7 0.00739915402987442 48494758 48646288 151530
22 65 rs5999636 35331041 4 -0.00738113894731648 35033249 35519850 486601
22 54 rs4820897 31117495 6 0.00724250796664216 31070493 31290637 220144
22 66 rs743811 35792974 4 0.00723223570351278 35544775 35818398 273623
22 48 rs723184 27962517 2 0.00696897203339707 27962517 28033628 71111
22 89 rs2017461 44285765 8 0.00694302740896269 43950853 44304419 353566
22 110 rs86559 47454664 2 0.00680928362928542 47454664 47573257 118593
22 125 rs11703376 49678713 4 0.00678535427750577 49671776 49685455 13679
22 100 rs132011 45421536 5 0.00569208408375923 45303255 45435202 131947
22 47 rs8136304 27917070 3 0.0053567804935431 27852183 27935369 83186
22 83 rs6001931 40877514 16 -0.00504101591704233 40169926 41291730 1121804
22 29 rs7287595 25208398 4 0.00498324870275837 25079925 25284829 204904
22 105 rs910923 46487902 1 0.00472013732267242 46487902 46553308 65406
22 34 rs9613049 26345603 1 0.00449428330686828 26283020 26346108 63088
22 92 rs5764558 44544028 1 0.0042971881056067 44503633 44576132 72499
22 36 rs134760 26573345 6 -0.00427073027107515 26485668 26716432 230764
22 51 rs132372 29604561 7 0.00422315800214931 29498118 29791234 293116
22 44 rs932299 27661009 2 -0.00421084804933894 27657507 27668370 10863
22 63 rs2267294 34213718 5 -0.00411169052005119 34133758 34474560 340802
22 93 rs5764659 44646105 3 -0.00400316158315665 44583246 44695088 111842
22 26 rs140174 23922983 1 0.00396291201203948 23922983 23938204 15221
22 23 rs9624019 23407301 6 0.00384879709399689 23299769 23644794 345025
22 49 rs9625312 28117013 2 -0.00384192561867825 28044594 28160972 116378
22 90 rs1010023 44336098 6 0.00381772844326486 44322970 44395451 72481
22 57 rs7292178 32859619 3 0.00380957697432918 32859619 32939719 80100
22 88 rs11704418 43705678 3 0.00358658064982024 43655427 43857328 201901
22 113 rs10460765 47944748 1 0.00354212407826969 47940908 47989391 48483
22 5 rs2522288 17946168 2 -0.00348799180871033 17890558 17946202 55644
22 68 rs80584 36555794 5 0.00322449817415259 36259560 36623920 364360
22 70 rs1000427 36890105 4 -0.00303672592151303 36770038 36941065 171027
22 101 rs9626655 45612551 2 0.00294216486539235 45465068 45665663 200595
22 71 rs4821506 36994063 1 -0.00288800013341803 36965284 37027680 62396
22 37 rs2226691 26789849 4 0.00285083542339301 26733689 26789849 56160
22 124 rs8140508 49610259 8 0.00258021971271773 49559242 49623181 63939
22 20 rs73166641 21998280 11 0.00257609848266071 21806401 22355496 549095
22 80 rs5757387 39333340 7 0.00255435518212797 39320828 39552597 231769
22 1 rs11703655 17450952 4 0.00250645140752079 17399211 17492452 93241
22 85 rs12166331 43121426 3 0.00222154043158063 42876604 43122720 246116
22 104 rs3788673 45994189 4 0.00216733141557859 45967526 46255004 287478
22 123 rs4823975 49430125 9 0.00213108698594601 49405594 49532043 126449
22 9 rs5992185 18633978 1 0.00194041879754398 18582650 18640300 57650
22 62 rs240073 34086494 2 0.0019298252359348 33941163 34108174 167011
22 12 rs1557627 19677207 5 -0.00191446466648823 19609943 19678655 68712
22 18 rs56179977 21328568 2 -0.00178554736691632 21318433 21339751 21318
22 17 rs1339959 21005697 3 0.00178073528295647 20993328 21115244 121916
22 126 rs5770391 49790713 3 0.00177708608887304 49722925 49796800 73875
22 39 rs4820706 27167348 3 -0.00177389973088116 27167348 27191942 24594
22 2 rs738033 17599844 1 0.00177358823240087 17589209 17705808 116599
22 13 rs165631 19951816 1 0.0017723346768972 19766782 19951816 185034
22 59 rs2071947 33246032 8 0.00163972198309786 33159636 33502167 342531
22 6 rs738095 18255988 2 -0.00151964315023411 17990852 18255988 265136
22 103 rs136753 45936121 2 0.00144433749064763 45908895 45937149 28254
22 95 rs8135880 44834292 5 -0.001327323586557 44769535 44881837 112302
22 0 rs165927 17326914 2 -0.00131057168361317 17075353 17329601 254248
22 114 rs4823703 48222045 2 -0.00111639469632168 48009277 48269511 260234
22 50 rs5762930 29378708 16 0.00110549715192222 28288136 29454477 1166341
22 52 rs9613940 29927598 14 -0.00109194622387015 29840180 30597810 757630
22 87 rs148458324 43618695 1 9.911928132487612e-4 43577048 43645133 68085
22 32 rs4822649 26163003 1 9.381998701891056e-4 25872592 26164413 291821
22 119 rs133503 48911602 2 8.943951351151455e-4 48906295 48958927 52632
22 122 rs13058268 49338361 4 8.605333836281903e-4 49316305 49372831 56526
22 22 rs2854096 23255525 4 -7.492927206774847e-4 23250737 23278593 27856
22 78 rs6001064 38638071 8 6.148135381954913e-4 37982012 38701393 719381
22 31 rs9608379 25620142 4 5.309570596476131e-4 25473134 25640628 167494
22 4 rs4819996 17790731 1 5.135274637670217e-4 17790731 17831813 41082
22 127 rs6009663 49803587 2 5.097016754945657e-4 49803587 49841479 37892
22 21 rs16985150 22525600 7 -3.060278580159781e-4 22418813 22584809 165996
22 117 rs133588 48666450 1 2.9363673180063436e-4 48666450 48726996 60546
22 118 rs7293013 48823357 1 -2.823817855137717e-4 48766791 48897881 131090
22 46 rs136945 27804079 1 -2.625633448950308e-4 27802721 27818766 16045
22 94 rs8138173 44760039 1 2.2700759345866897e-4 44737646 44763752 26106
22 99 rs3788630 45191504 3 -2.2050020177534003e-4 45180554 45255043 74489
22 107 rs760991 46854398 1 -2.069979526274e-4 46854398 46900462 46064
22 106 rs6008795 46787697 1 -1.9042882440404004e-4 46610409 46829377 218968
22 112 rs6008118 47683805 7 3.809088924408978e-5 47683805 47910705 226900
