CHR Group SNP.lead BP.lead Size W BP.min BP.max BP.width
22 326 rs12627970 39721745 7 0.14860540593394808 39659773 39721745 61972
22 54 rs7291930 20876509 1 0.05192071634257041 20778066 20903410 125344
22 294 rs2284033 37534034 3 0.0495407873271966 37524619 37535471 10852
22 194 rs1002189 30771458 8 0.04871531778763742 30679387 30796422 117035
22 338 rs4822024 41757647 6 0.04430196059208348 41648502 41799106 150604
22 64 rs1210606 21452237 1 0.03944841907828492 21438417 21452237 13820
22 328 rs2294360 39897792 2 0.03642927960873574 39897792 39941154 43362
22 341 rs5996130 42612297 4 0.03583916490558648 42379813 42685537 305724
22 339 rs9607852 42258272 5 0.03467741864099613 41961831 42282012 320181
22 96 rs1041749 24846391 5 0.0322820421453181 24755025 24946924 191899
