CHR Group SNP.lead BP.lead Size W BP.min BP.max BP.width
19 92 rs3745516 50926742 8 0.21981891255321473 50699504 51040416 340912
19 32 rs2304256 10475652 20 0.11967182891487936 10219076 10608064 388988
19 48 rs3761041 18183917 16 0.07581805997280501 18038782 18454825 416043
19 45 rs8109466 17207011 10 0.07403760331267023 17108127 17469382 361255
19 98 rs273634 51718837 6 0.05940184004758209 51676299 51894738 218439
19 68 rs11084813 35923858 17 0.0542634471580608 35868773 36324324 455551
19 43 rs12710303 16282131 9 0.04915102622935891 16282131 16797415 515284
19 74 rs61750953 41306650 14 0.04852631400951696 41012190 41675162 662972
19 41 rs8110002 15963695 26 0.04596782522308039 15235879 16072037 836158
19 50 rs892035 19758190 21 0.04167541374612973 19136541 20488698 1352157
19 70 rs8102476 38735613 17 0.041077068661693 38478465 38983180 504715
19 14 rs243335 4402017 11 0.04093498753110943 4353174 4735663 382489
19 69 rs62109744 36546015 35 0.04051972074280788 36442117 38411090 1968973
19 33 rs4804148 11270867 22 0.0404536257846142 10668452 11417200 748748
19 12 rs45465594 3813906 2 0.03812710877630165 3813906 4147445 333539
19 85 rs12461639 48172671 13 0.03661838079104782 47549791 48198675 648884
19 25 rs72558007 7762440 9 0.03636097857122034 7758339 8106521 348182
19 62 rs7259371 33534641 13 0.0356149221396954 33532300 33760339 228039
19 53 rs811020 28393499 21 0.03488306462449081 23556852 28903629 5346777
19 63 rs16967952 33795241 14 0.03457008404655298 33791127 34177770 386643
19 99 rs7260152 52160305 15 0.03181814496485742 51907788 52204942 297154
19 122 rs1051500 58944402 6 0.03093101699888485 58547449 59069353 521904
19 6 rs10417628 2251817 5 0.02951962055070298 2113518 2438884 325366
19 18 rs778805 5832209 5 0.02898899708911452 5822490 6187800 365310
19 73 rs4490099 40731491 18 0.02851643926378437 40188968 40952148 763180
19 79 rs8108277 45205877 4 0.02771618845335779 45048323 45205877 157554
19 100 rs324125 52887282 23 0.02675724159978592 52246157 52887603 641446
19 109 rs17305311 54705641 7 0.02646584282520151 54545531 54797848 252317
19 57 rs77238711 31039669 8 0.02615963196942869 30625513 31057349 431836
19 101 rs3745101 53085813 9 0.02519259374251707 52928039 53233273 305234
19 72 rs10407035 39913634 7 0.02355339727170134 39761790 40169328 407538
19 65 rs8191371 34868776 5 0.02336536008299276 34833079 35298961 465882
19 8 rs61754927 2917509 5 0.02268907104995124 2833431 2977638 144207
19 88 rs16982241 49202859 15 0.02169705330112167 48715269 49252989 537720
19 80 rs4803766 45371168 17 0.02121492641132243 45296806 45604163 307357
19 29 rs61732905 9070264 22 0.02033930289297318 8921033 9237542 316509
19 64 rs7256463 34366393 9 0.02009487156822796 34231542 34610341 378799
19 78 rs16976937 44470147 20 0.01924205236726786 44172188 45029208 857020
19 120 rs10403926 57588298 20 0.01876378056553272 57524031 57909872 385841
19 95 rs2659122 51363026 10 0.01778680645702938 51361315 51446530 85215
19 67 rs2853332 35746706 6 0.01715861718247745 35615995 35794775 178780
19 61 rs7253538 32834547 28 0.01712039617751921 32595038 33468067 873029
19 38 rs11670064 14447600 9 0.01695647419699032 13993457 14450812 457355
19 75 rs1800472 41847860 4 0.01619352253375107 41767987 42091163 323176
19 23 rs7254060 7283414 5 0.0138891975194617 7167715 7298095 130380
