CHR Group SNP.lead BP.lead Size W BP.min BP.max BP.width
17 334 rs9303277 37976469 13 0.15102183650101603 37409625 38089344 679719
17 372 rs199533 44828931 4 -0.04661669227805171 44787312 44865439 78127
17 375 rs2292700 45362423 12 0.04133016619952884 45315486 45768836 453350
17 311 rs12941866 34900120 2 0.03712179641473074 34848874 34981606 132732
17 16 rs8071756 1574342 2 -0.03602615905727285 1519775 1588930 69155
17 557 rs12451606 70023827 3 0.03092901252472951 70023827 70120551 96724
17 53 rs3786046 4920360 5 0.03058214435695303 4752260 4938201 185941
17 464 rs1292053 57963537 7 0.02677218115797421 57512957 58024275 511318
17 482 rs6504191 62041068 2 0.02670651191270788 61710010 62041068 331058
17 587 rs2661611 71708855 2 0.02537602758825137 71701169 71715356 14187
17 378 rs3826397 46509447 5 0.02524754770765151 46096276 46548644 452368
17 18 rs58337165 1684605 5 0.0250622234992158 1673276 1773273 99997
17 674 rs7216806 77538517 1 0.02494010105737448 77538517 77538517 0
17 377 rs62067380 46000406 4 0.02309339496176431 45885687 46081041 195354
17 425 rs7207114 53434046 3 0.02237520275202903 53371047 53445130 74083
17 659 rs7218605 76811803 5 0.02067221278136957 76650175 76852828 202653
17 86 rs2270981 7216540 2 0.02062851794667732 7216540 7221197 4657
17 138 rs406446 10614442 2 0.02032419119094771 10583589 10695255 111666
17 409 rs10514997 50299021 8 0.01944436207675865 50221315 50321347 100032
17 371 rs3785883 44054433 2 -0.01944189194138893 44054433 44117119 62686
17 252 rs4470197 28464474 7 0.01916446005961343 27909352 28551665 642313
17 611 rs4789114 72950927 2 0.01819259124706177 72937851 72950927 13076
17 96 rs4792734 8208155 4 0.0180205955618431 8047081 8298715 251634
17 45 rs9909751 4299256 3 0.01752157578856657 3896807 4310639 413832
17 500 rs17769593 64221641 7 0.01714334285504437 64209540 64331957 122417
17 253 rs7214248 28574177 3 0.01667694701061288 28574177 28893647 319470
17 536 rs8071899 67930946 1 0.01652540673191085 67860494 67962664 102170
17 379 rs9890514 46738883 2 0.01440254930637958 46560069 46738883 178814
17 441 rs11651374 55094289 1 -0.01407383746059805 55094289 55094289 0
17 405 rs7207398 49812048 3 -0.01398682248747836 49781822 49837019 55197
17 128 rs3967769 9981026 1 0.01392292040668573 9981026 10004782 23756
17 69 rs4796346 6088673 1 -0.01348370216405353 6088673 6135840 47167
17 485 rs8082170 62395382 6 0.01314443652915222 62237500 62405369 167869
17 663 rs35035542 77044046 2 -0.01284635373977627 77030577 77087805 57228
17 511 rs4791296 65423279 1 -0.01270080239861718 65423279 65423279 0
17 540 rs12150382 68222772 3 0.01243190484945133 68207627 68237670 30043
17 223 rs7208027 16780763 8 0.01226765921227463 16777177 16855878 78701
17 367 rs1230103 43485791 1 0.01222371039283988 43430696 43513441 82745
17 483 rs17688326 62109123 3 0.01221703194899808 62048467 62109123 60656
17 414 rs9890221 51613235 2 0.01170392360309885 51495250 51653566 158316
17 426 rs7213162 53489599 3 0.01132332664643279 53477038 53519844 42806
17 549 rs9302933 69238807 4 -0.01097585874611761 69108753 69239272 130519
17 383 rs2233362 47287067 9 -0.01072975481605589 47243622 47314715 71093
17 647 rs11870565 75824095 2 -0.01046454812981701 75792272 75839026 46754
17 305 rs79007502 33880305 4 0.01036319729027454 33827134 34052157 225023
17 174 rs17562828 13093053 4 -0.01008736406617738 13044303 13095576 51273
17 247 rs11538927 26686416 1 0.00998520150930153 26630479 26742060 111581
17 514 rs2706683 65552709 1 0.00980677390537677 65552709 65552709 0
17 340 rs72821893 38907448 2 0.00970283507895103 38888121 39038698 150577
17 696 rs7405450 79540449 2 0.00959581299392938 79532654 79612633 79979
17 652 rs4789577 76320835 1 0.00955392783766274 76320835 76320835 0
17 239 rs17771175 21003053 3 0.00937714816393194 20851735 21084892 233157
17 210 rs230956 15202205 5 -0.00918216689285605 15173221 15277733 104512
17 415 rs1508966 51703484 7 0.00901225653045095 51669531 51881281 211750
17 695 rs7342974 79483999 2 0.00898990155325342 79471895 79487491 15596
17 686 rs999977 78606412 7 0.00879746393828559 78469357 78712423 243066
17 489 rs387208 63143298 2 -0.00872667560471627 63105121 63143298 38177
17 510 rs7224314 65386214 3 0.00867652933552969 65329358 65386214 56856
17 93 rs8078865 7955314 2 0.00867416156143076 7950394 7989008 38614
17 335 rs4065321 38143548 4 0.00817535645833892 38099035 38223191 124156
17 143 rs7213403 11129408 2 0.00816338392955214 11105794 11130229 24435
17 524 rs4968906 66619054 2 -0.00796819510917259 66581506 66659235 77729
17 685 rs148731719 78350110 4 0.00779406303878391 78299319 78396004 96685
17 622 rs12232502 74301539 6 -0.00777037162648326 74212382 74330638 118256
17 104 rs9891421 8880878 1 0.00744374115463544 8834595 8880878 46283
17 89 rs1544724 7621777 1 0.00739744738882439 7592560 7623394 30834
17 460 rs2526374 56435885 5 -0.00735280007567398 56395757 56438301 42544
17 41 rs178323 3637953 3 0.00722064769361251 3615496 3676393 60897
17 357 rs1631484 41990862 6 -0.00718557416254906 41926126 42019494 93368
17 54 rs17765422 4986481 4 0.00691001705726251 4971655 5113423 141768
17 548 rs9903422 69100197 2 0.00690196897609229 69074425 69100197 25772
17 327 rs11079059 36813346 1 0.00688175424133854 36813346 36841646 28300
17 286 rs9892990 32382166 5 0.00671009661893986 32369860 32479505 109645
17 172 rs2302069 12914024 2 -0.00664237312244636 12882789 12915009 32220
17 670 rs11658702 77289304 2 0.00661495633761849 77273513 77296321 22808
17 38 rs11649929 3410902 1 0.00655915117806399 3396894 3422366 25472
17 533 rs2074031 67522975 2 0.00645002592621602 67486221 67522975 36754
17 623 rs4789302 74480715 3 -0.00642094539511644 74387284 74480715 93431
17 607 rs491192 72623855 2 0.00630928867456483 72622473 72653232 30759
17 136 rs117790102 10415269 1 0.0062819789447855 10283950 10520700 236750
17 307 rs79254649 34304605 5 -0.00613366510046309 34304605 34346267 41662
17 204 rs4792560 14854206 2 -0.00591801167222856 14853048 14854669 1621
17 451 rs2190759 55794699 2 -0.0059003071818961 55765804 55834785 68981
17 531 rs2592208 67408873 2 -0.00582484015511053 67335782 67442274 106492
17 183 rs9908002 13608997 5 0.00576580686132091 13559080 13624269 65189
17 276 rs10512445 31853074 7 -0.00555960960041535 31836993 31918339 81346
17 151 rs11078022 11511457 3 0.00553031705194948 11511457 11519394 7937
17 275 rs2881564 31786051 3 -0.00551862716710007 31756983 31811476 54493
17 503 rs16960050 64690853 4 0.00551703652857363 64607394 64708866 101472
17 385 rs2671666 47536521 1 -0.00547514993049575 47536521 47536521 0
17 440 rs4793832 54885087 3 -0.00546687878145694 54850329 54885087 34758
17 274 rs12941575 31715385 5 0.005251795526433 31702422 31737421 34999
17 364 rs12449933 43137201 3 0.00516497115284144 43081974 43195663 113689
17 261 rs7212433 30083687 2 -0.0050788082445926 30056938 30114974 58036
17 650 rs2854704 76175824 6 0.00502977219080451 76160881 76221008 60127
17 117 rs2654725 9614556 1 -0.00502296573760942 9613684 9621676 7992
17 3 rs4286157 402843 2 0.005003177858937 293138 440487 147349
17 22 rs35343613 2227655 1 0.00498473882289559 1967620 2236404 268784
17 70 rs3888640 6153134 2 0.00496087633770101 6153134 6170245 17111
17 264 rs11656631 30841962 4 0.00495894167367164 30692396 30841962 149566
17 5 rs480233 728030 1 0.00493232368166828 701122 733738 32616
17 458 rs7211774 56257984 1 -0.00492915885140737 56247575 56257984 10409
17 150 rs2908967 11417222 4 0.00488539675088188 11404305 11491194 86889
17 588 rs899595 71735715 4 -0.0048764809868036 71735358 71749898 14540
17 567 rs8068946 70712513 4 0.00481850969586411 70696103 70714958 18855
17 608 rs35489971 72700943 1 0.00477199138436889 72700943 72710796 9853
17 87 rs4796409 7269373 3 0.00475803906249143 7269373 7297452 28079
17 541 rs9915405 68355681 4 0.0047197785326737 68264545 68381555 117010
17 132 rs1013439 10128048 1 -0.00471669882089633 10125398 10143039 17641
17 644 rs2410423 75667271 1 0.00470109804009649 75667198 75667271 73
17 56 rs7213832 5271804 4 0.00464990122277215 5193813 5404270 210457
17 37 rs769430 3214969 4 -0.00452433284183751 3210368 3378876 168508
17 90 rs9903543 7675729 1 -0.00442935371445015 7639749 7701525 61776
17 637 rs2174919 75247279 1 -0.0044205521686379 75247279 75254513 7234
17 530 rs8064595 67118787 6 0.00423694420171747 67081513 67290840 209327
17 97 rs11654033 8315649 2 0.00422781537587817 8315649 8315649 0
17 71 rs9894371 6212579 3 0.00421648591325505 6202301 6286526 84225
17 114 rs8071640 9354504 4 -0.00419382065366202 9336370 9370623 34253
17 337 rs4135012 38450248 1 0.00418684000668599 38450248 38593294 143046
17 476 rs4968613 60747979 4 -0.00415637695571362 60603969 60749533 145564
17 580 rs4969113 71361834 1 0.00413771478887387 71360581 71361834 1253
17 308 rs854665 34356233 2 -0.00410516536576034 34355568 34360838 5270
17 550 rs2058007 69317515 3 0.00407882546381675 69257833 69340833 83000
17 199 rs12451369 14622200 3 0.00405063785053382 14609956 14622329 12373
17 412 rs12603672 51115243 3 0.00387139916924761 50971360 51115243 143883
17 496 rs2107654 63633073 1 0.00382799622050731 63593166 63642542 49376
17 403 rs9891839 49582644 4 -0.00375374031791767 49578622 49613785 35163
17 152 rs12449476 11653008 2 0.00368898145372763 11528516 11653008 124492
17 635 rs16969682 75127012 4 0.00365607190120132 75075664 75127938 52274
17 543 rs2109048 68700871 5 0.0036450445641277 68666455 68715520 49065
17 506 rs8064360 64893559 1 -0.00359012304643118 64871272 64901374 30102
17 642 rs8077107 75612564 2 0.00354754850986264 75603103 75612564 9461
17 12 rs6502862 1196088 1 -0.00351944462559177 1177002 1207467 30465
17 413 rs6504820 51444767 6 -0.00341327627995033 51289930 51457742 167812
17 388 rs7225566 47798725 2 0.0033835905134712 47685050 47942408 257358
17 677 rs4889793 77840087 2 0.00335628274931501 77822479 77854454 31975
17 95 rs3027209 8014416 1 0.00334888940872131 8010164 8014416 4252
17 360 rs2011951 42398052 1 0.00331519965828901 42361360 42423665 62305
17 121 rs756222 9768866 4 -0.00327330930172876 9760716 9802584 41868
17 612 rs7219493 73044188 1 0.00321109211496114 73006996 73078065 71069
17 350 rs8069645 40494902 1 -0.00320493269852032 40375881 40552794 176913
17 616 rs8064529 73519413 2 -0.00318166270871475 73519413 73570695 51282
17 471 rs2378871 59638769 2 -0.00314380831504075 59630944 59638769 7825
17 231 rs7221778 18788218 3 -0.00311022864578697 18753870 18844736 90866
17 249 rs12451955 27314224 3 0.00310501016240991 26899502 27315965 416463
17 146 rs7502432 11224354 6 -0.00310301973112349 11200942 11228108 27166
17 184 rs7208104 13640730 1 -0.00302946469239304 13640730 13640730 0
17 254 rs17826219 29161845 5 0.00296376598518665 29000019 29247715 247696
17 449 rs1974692 55653436 2 0.00295741135714877 55653436 55661470 8034
17 504 rs9912154 64728707 2 0.00287636707011134 64718170 64788827 70657
17 188 rs8068052 13790382 2 -0.00285479242293372 13771669 13803737 32068
17 416 rs2331798 51909152 3 -0.00284378464627501 51899649 52097411 197762
17 546 rs8067887 68933985 1 0.00282578974838235 68912003 68990369 78366
17 591 rs6501667 71859152 1 -0.00279449986464428 71857266 71859152 1886
17 606 rs1699598 72564029 2 -0.00271846764680061 72563060 72604717 41657
17 633 rs9890579 75020291 1 -0.00271454409207952 75020291 75023388 3097
17 694 rs4613097 79170578 3 0.00263711166141133 79165972 79287477 121505
17 402 rs11657787 49514224 3 -0.00252646116488977 49459043 49521225 62182
17 57 rs16954851 5449863 1 -0.00252371607286525 5425077 5461514 36437
17 212 rs7208747 15309204 1 0.00248803242766495 15309204 15309204 0
17 127 rs16959243 9928077 1 0.00244902531943927 9928077 9963969 35892
17 442 rs17833723 55183195 2 -0.00243518727904205 55173033 55183195 10162
17 493 rs4790945 63371880 1 0.00243346823295289 63371880 63420075 48195
17 640 rs11869200 75581680 1 -0.0024205362663054 75560281 75591393 31112
17 21 rs4790859 1897820 1 0.00238187649109989 1897820 1917610 19790
17 632 rs4789396 74991611 1 -0.00236595153657989 74979685 74991611 11926
17 561 rs1008621 70362731 2 0.00234789552490153 70326069 70368561 42492
17 491 rs4791227 63178272 3 -0.00234768546328822 63178272 63243586 65314
17 0 rs4617924 114669 1 0.0023396043872702 114669 114669 0
17 227 rs2278952 17485584 3 -0.00233931637672188 17425631 17538008 112377
17 166 rs9889936 12538993 3 -0.00232876287507723 12538993 12550845 11852
17 404 rs16950253 49727668 3 0.00231889097707347 49640184 49742142 101958
17 154 rs7225975 11698144 3 -0.00231507797364903 11698144 11773387 75243
17 98 rs16957494 8549527 1 0.00226166694917319 8419594 8549527 129933
17 667 rs7223911 77232086 1 0.00225703515647049 77232086 77234671 2585
17 115 rs9910604 9448879 2 -0.00222407113068518 9445259 9474296 29037
17 343 rs9303309 39638907 2 0.00221987295320828 39620262 39646021 25759
17 65 rs9905941 5907520 2 -0.00221074291696879 5864569 5907520 42951
17 341 rs1468260 39052931 3 -0.002199530710652 39052897 39096618 43721
17 639 rs11077909 75403480 4 0.00219646686147794 75370468 75414358 43890
17 233 rs2440154 19444987 2 0.00217295412793606 19444987 19459537 14550
17 704 rs6502026 80921029 1 0.00216363805422689 80890262 80926215 35953
17 189 rs9913851 13819731 3 0.00212896095887041 13815860 13819731 3871
17 338 rs7219622 38671228 3 0.00207771921844322 38640744 38671228 30484
17 654 rs618743 76469868 2 -0.00202577374823262 76451830 76479389 27559
17 255 rs735053 29742727 2 0.00200963597457863 29470002 29745981 275979
17 529 rs4147980 66925116 2 -0.00199306257102525 66918829 66988666 69837
17 289 rs4795893 32574448 2 0.00197513870522072 32551514 32639361 87847
17 64 rs1558883 5817733 2 0.00195320566330221 5817733 5836472 18739
17 556 rs2158917 69926109 3 -0.00193693922425546 69811571 70004689 193118
17 373 rs111769 44871987 1 -0.00189508757157624 44871987 44871987 0
17 501 rs7225452 64380274 1 0.00183423926901907 64337021 64434272 97251
17 395 rs8068961 48403826 4 0.00182400176615912 48403826 48484270 80444
17 103 rs726679 8811678 1 0.00181413761242395 8800308 8811678 11370
17 245 rs964947 26186886 1 0.00180982611168687 26134974 26267997 133023
17 443 rs8066842 55264833 1 -0.00178235820217438 55226303 55264833 38530
17 244 rs2779248 26127832 2 0.00176252007156618 25885431 26127832 242401
17 562 rs7222185 70385567 2 0.00174566937600897 70378730 70388518 9788
17 58 rs2733349 5525403 2 -0.0016926875296584 5514590 5570518 55928
17 107 rs3744655 9058214 1 0.00169093130474261 9051317 9070646 19329
17 629 rs16969506 74914941 1 0.00168864755755341 74913937 74916307 2370
17 84 rs1470316 7050199 1 -0.00168269188195986 7017420 7050199 32779
17 520 rs758152 66311332 2 -0.00168140967392565 66311332 66324764 13432
17 149 rs2969184 11344615 3 -0.00166788477009045 11344615 11393896 49281
17 691 rs7225916 78992409 1 -0.00166677328253454 78992409 78992409 0
17 648 rs16967380 75914646 3 -0.00165926667699531 75871237 76087178 215941
17 191 rs11078233 14110852 3 -0.00164408458373475 13907310 14110901 203591
17 246 rs241771 26592946 3 0.00162051849388599 26279731 26592946 313215
17 431 rs9898558 53993882 2 0.0016126625971498599 53933953 54106537 172584
17 597 rs6501697 72165727 2 -0.00160164500002133 72096784 72165727 68943
17 528 rs9897551 66817866 3 0.00159946464895636 66817866 66899733 81867
17 142 rs4792077 10899825 2 0.00156818805504354 10899825 10943386 43561
17 279 rs10512451 32014117 4 0.00153831415968973 32011978 32044278 32300
17 462 rs9893761 57421666 1 -0.00153383490514538 57376428 57422568 46140
17 428 rs4239198 53623023 4 -0.00152423483012163 53621492 53736126 114634
17 554 rs9893864 69640574 3 0.00151259084036576 69626669 69676169 49500
17 376 rs7502875 45823227 1 0.0015046496017386301 45808828 45847230 38402
17 203 rs2191177 14804554 1 0.00150102219511068 14793656 14817763 24107
17 108 rs12602314 9089063 1 0.00149180873583776 9083672 9102169 18497
17 72 rs8073152 6305509 1 0.00142478495793855 6297533 6311326 13793
17 269 rs34727343 31322427 1 -0.00141983818834673 31322427 31393702 71275
17 439 rs227718 54780491 3 0.00141053829663452 54749558 54780491 30933
17 88 rs12940684 7453919 5 0.00139724859966301 7350544 7559677 209133
17 267 rs7210010 30905457 3 0.00138817785278384 30905457 30990750 85293
17 35 rs9895631 3034989 1 -0.00138118660925807 2995572 3037477 41905
17 465 rs9914853 58159302 2 -0.00137989656585775 58121453 58206139 84686
17 380 rs497270 46918774 6 -0.00136736506377472 46828412 47007963 179551
17 459 rs9913145 56389732 7 -0.0013259967879776 56348106 56389732 41626
17 680 rs1632673 77945736 1 0.00132512311884594 77940637 77945736 5099
17 651 rs8064645 76253595 2 -0.00132120263588178 76248229 76253595 5366
17 368 rs7215239 43767773 4 -0.00131134637014269 43714850 43836477 121627
17 701 rs10852797 80509676 3 0.00129115634053393 80473077 80509676 36599
17 144 rs758433 11179153 1 0.00127274202009592 11158773 11179153 20380
17 621 rs61744818 74163759 1 0.0012687445738421 74158801 74166869 8068
17 348 rs11079016 39976024 5 0.00126609885226638 39946405 40193709 247304
17 638 rs4239000 75288940 2 -0.00126122462127061 75288940 75341774 52834
17 248 rs12449554 26857788 2 0.001241540740503 26807734 26861877 54143
17 237 rs2958471 20682586 1 -0.00123614603005889 20682586 20699545 16959
17 445 rs868728 55403922 1 0.00122364528805655 55361584 55463146 101562
17 25 rs4790344 2455523 3 -0.00121268915885208 2393319 2455523 62204
17 574 rs2131606 71059408 2 0.00121198639159684 71052880 71062115 9235
17 167 rs9894153 12611343 2 0.001199075776115 12578664 12620897 42233
17 435 rs10491199 54304056 1 0.00118949580520234 54304056 54383237 79181
17 314 rs295869 35147345 1 0.00117787578917711 35113905 35147345 33440
17 699 rs61738919 80280054 4 0.00116436285174268 80280054 80352300 72246
17 155 rs2190616 11861881 2 -0.00114587307162504 11793764 12031109 237345
17 300 rs11868175 33564479 2 -0.0011417406362022 33473667 33574253 100586
17 645 rs10451228 75684250 3 0.00114165378066478 75673150 75738914 65764
17 690 rs4969303 78891923 2 0.00114041730889003 78891923 78939857 47934
17 273 rs9915774 31623326 2 0.00110607078653803 31623326 31671216 47890
17 700 rs12950178 80453933 1 0.00109833770873802 80367275 80456621 89346
17 698 rs4789753 80092131 1 0.00108511476178517 80086389 80109806 23417
17 384 rs12940887 47402807 2 0.00107541698623783 47342153 47477635 135482
17 453 rs2685515 55894517 2 -0.00106985907845966 55880661 55908536 27875
17 664 rs12937891 77120577 1 -0.00106566002874964 77120577 77134342 13765
17 614 rs8073890 73256533 1 0.0010407876119526 73211642 73257986 46344
17 534 rs16974282 67692362 4 -0.00103981365265508 67532855 67776178 243323
17 262 rs11080171 30158073 4 0.00103002530972295 30153880 30321567 167687
17 569 rs9904674 70790777 2 -0.00102101010996409 70772384 70882054 109670
17 571 rs720959 70924681 1 -0.00100469252379402 70924681 70924851 170
17 600 rs12600564 72248512 3 9.957522505779433e-4 72240168 72288399 48231
17 270 rs12603906 31408515 1 -9.768597879858411e-4 31408515 31433639 25124
17 19 rs9914073 1801592 1 -9.739550237581392e-4 1799956 1801592 1636
17 281 rs4144698 32068973 3 9.518132744095344e-4 32068973 32140803 71830
17 9 rs11654885 896190 1 9.443983538494244e-4 896190 896190 0
17 603 rs4789659 72398336 2 -9.429051874620864e-4 72398336 72436370 38034
17 646 rs7405639 75765605 1 9.38873719270843e-4 75765605 75765605 0
17 205 rs6502412 14921926 6 9.340120660521625e-4 14889238 14921926 32688
17 74 rs867870 6361788 1 9.32385387055489e-4 6343413 6362387 18974
17 329 rs923370 37010150 2 9.056750302569176e-4 36947344 37032301 84957
17 352 rs161626 41059795 1 -9.021708736413272e-4 40996656 41077046 80390
17 214 rs12945384 15375560 3 -8.938803165603201e-4 15338256 15421624 83368
17 209 rs7214520 15072451 2 8.888020223422605e-4 15072451 15158775 86324
17 164 rs10491190 12423312 1 -8.853307442602227e-4 12421992 12449192 27200
17 523 rs11651687 66518306 4 -8.850873646680233e-4 66436066 66540810 104744
17 684 rs12937242 78268294 1 8.844639287901191e-4 78266759 78280030 13271
17 225 rs12450758 17260170 1 -8.691377988416217e-4 17223676 17260170 36494
17 702 rs8068482 80608149 1 8.557445648600707e-4 80550441 80624430 73989
17 118 rs2272033 9680451 1 8.522936776471117e-4 9680451 9690261 9810
17 355 rs2063680 41764995 4 8.383376788357656e-4 41695428 41767975 72547
17 277 rs1369112 31931592 1 8.039565150921434e-4 31931592 31979473 47881
17 185 rs12601543 13665377 2 8.028675085348647e-4 13653880 13671900 18020
17 234 rs8067794 19663747 1 -7.850016967540718e-4 19484951 19664318 179367
17 257 rs2074152 29857264 1 -7.639592561874793e-4 29857264 29884773 27509
17 508 rs713572 64991061 1 7.480029454357053e-4 64991061 64991061 0
17 179 rs7209938 13393882 1 -7.374054076053243e-4 13358465 13397607 39142
17 424 rs4239191 53331344 1 7.291548444449826e-4 53285701 53331344 45643
17 450 rs4793885 55728224 1 7.265720987076578e-4 55707828 55733373 25545
17 320 rs2898659 35531996 1 7.208754618238209e-4 35456279 35543678 87399
17 220 rs505162 16407478 1 -7.202050103613121e-4 16401682 16407478 5796
17 356 rs4793017 41780980 6 -7.086621618411289e-4 41776686 41891473 114787
17 589 rs7214374 71769077 2 -6.772559207990122e-4 71766157 71815050 48893
17 79 rs1509123 6683878 1 -6.738036096176727e-4 6683684 6733672 49988
17 33 rs2004738 2885808 2 -6.736423815624466e-4 2881291 2931580 50289
17 129 rs12150284 10031090 1 -6.638350306696211e-4 10016708 10031090 14382
17 10 rs2120233 947233 1 6.623450124648777e-4 947233 948149 916
17 113 rs8073431 9306170 1 -6.548551435239371e-4 9245232 9306170 60938
17 382 rs6504595 47187056 3 -6.517278013155239e-4 47187056 47210506 23450
17 62 rs2042005 5733558 1 6.434604191242928e-4 5725518 5733558 8040
17 75 rs28493751 6441376 5 -6.345900338571612e-4 6372500 6443244 70744
17 282 rs317397 32176646 1 -6.256877129267966e-4 32176646 32190418 13772
17 304 rs10512470 33771204 3 -6.24258538580041e-4 33769883 33814758 44875
17 280 rs8081560 32052997 5 6.239576856583157e-4 32052655 32060709 8054
17 260 rs315499 30021321 1 6.238415740390059e-4 30021321 30045224 23903
17 148 rs16944647 11272698 2 6.130474237813092e-4 11257702 11306660 48958
17 381 rs8073244 47115038 2 -6.086204348947883e-4 47053828 47125982 72154
17 358 rs2631299 42219773 1 6.080141845126857e-4 42065925 42327493 261568
17 351 rs11649877 40772397 4 5.923358506755153e-4 40582296 40897470 315174
17 658 rs4796808 76613675 3 -5.878254163885844e-4 76608673 76630778 22105
17 349 rs34016093 40257055 3 -5.851814467743082e-4 40255743 40318734 62991
17 492 rs9908306 63284466 2 5.848832869484481e-4 63249599 63334665 85066
17 291 rs12453748 32760735 1 -5.732178126699277e-4 32759854 32783987 24133
17 406 rs1501255 49886052 1 -5.724195713470733e-4 49856670 49886052 29382
17 171 rs10521205 12869142 2 5.666415396369303e-4 12832979 12874227 41248
17 224 rs7223686 16960911 1 5.613121498111116e-4 16960911 17194050 233139
17 480 rs4343 61566031 1 5.580634929701863e-4 61557773 61573761 15988
17 509 rs8074407 65196367 2 5.319943040237398e-4 65033060 65276451 243391
17 423 rs16955774 53272003 1 -5.190562994024245e-4 52984885 53273910 289025
17 542 rs7216368 68537204 2 5.034509029657613e-4 68451507 68618615 167108
17 339 rs7223332 38824636 3 5.029380856026659e-4 38736231 38857446 121215
17 420 rs7212935 52776305 1 -5.022710259950121e-4 52754374 52847941 93567
17 321 rs9906814 35994809 1 4.954908516160675e-4 35771468 36030031 258563
17 325 rs11870589 36573094 2 4.954803021647408e-4 36573094 36614563 41469
17 198 rs8074490 14529338 3 -4.920242463066779e-4 14513310 14561016 47706
17 135 rs9909522 10235790 1 -4.832814154482678e-4 10227708 10245864 18156
17 703 rs35653278 80789468 2 4.781331658645357e-4 80652949 80863857 210908
17 242 rs17703271 25571166 2 4.668409712546452e-4 21807097 25571166 3764069
17 206 rs12949826 14953676 1 -4.596120782473227e-4 14939708 14954750 15042
17 156 rs7213078 12088452 1 -4.342989586983755e-4 12060251 12088556 28305
17 207 rs8067758 15008718 1 4.338148062078747e-4 14976512 15010250 33738
17 683 rs117918077 78176044 4 -4.313865621547999e-4 78161402 78184679 23277
17 78 rs9915706 6654919 2 4.312852145848414e-4 6652789 6668117 15328
17 469 rs4968563 59524473 2 -4.259703832033192e-4 59521310 59547853 26543
17 319 rs9892334 35307070 1 4.235081377976523e-4 35307070 35309848 2778
17 618 rs113062332 73915803 2 4.186669407658147e-4 73779198 73922941 143743
17 230 rs1563632 18220770 1 4.177468153896818e-4 18041507 18290993 249486
17 306 rs141724302 34192351 1 -4.10512617365798e-4 34093663 34261831 168168
17 250 rs7209812 27536988 7 -4.0689924774667654e-4 27344104 27621349 277245
17 228 rs752579 17660347 4 -3.9382505831670866e-4 17569012 17682484 113472
17 240 rs4130339 21168137 1 -3.816785755695844e-4 21139700 21168137 28437
17 370 rs7210728 43968415 5 3.777031333278536e-4 43968415 43991272 22857
17 288 rs4794992 32518991 3 -3.742934607299064e-4 32505821 32532674 26853
17 555 rs2430532 69711678 4 3.697010593770623e-4 69692689 69768587 75898
17 195 rs7215862 14282778 1 3.620965198214815e-4 14282778 14282778 0
17 170 rs8077610 12814973 1 -3.415258105761433e-4 12761374 12814973 53599
17 675 rs9915263 77672725 2 3.3531649956519254e-4 77672725 77698582 25857
17 624 rs3744050 74557976 1 3.3527636202767836e-4 74557976 74573532 15556
17 40 rs150857 3526637 2 3.351279087474175e-4 3480396 3530253 49857
17 434 rs1431322 54186839 3 -3.242806780807042e-4 54180943 54299036 118093
17 243 rs6505225 25671471 3 -3.1062994056110533e-4 25628820 25869033 240213
17 366 rs1989229 43312893 1 -3.0120314441810356e-4 43312893 43385349 72456
17 421 rs17745049 52935126 1 2.915330856258049e-4 52867544 52935126 67582
17 202 rs12946291 14738476 2 2.9048403047297194e-4 14716254 14763026 46772
17 332 rs12946701 37303198 1 2.826190187811582e-4 37261879 37322080 60201
17 688 rs9908195 78795555 2 -2.8246727353272637e-4 78792758 78820212 27454
17 545 rs1015657 68878487 1 2.714978276322208e-4 68860294 68878487 18193
17 61 rs1008588 5711950 1 2.5878736313256017e-4 5687387 5718481 31094
17 692 rs9906253 79017259 1 -2.467423086870473e-4 79017259 79017259 0
17 362 rs17544039 42693848 1 2.4616477729331245e-4 42649782 42860326 210544
17 91 rs17807204 7784295 2 2.457327433138144e-4 7734114 7922767 188653
17 560 rs718400 70311511 1 -2.4297763440456405e-4 70280141 70311511 31370
17 657 rs11651207 76595131 1 2.394593530106208e-4 76595131 76595131 0
17 687 rs4969429 78765219 1 2.3756301268040945e-4 78765219 78775571 10352
17 181 rs12952904 13487098 1 -2.3506319265135357e-4 13481453 13495749 14296
17 180 rs9303081 13456721 1 2.3458175415986505e-4 13405872 13458246 52374
17 466 rs8064681 59155210 1 2.3250881029440116e-4 58828402 59277614 449212
17 169 rs3785731 12732925 1 -2.2752166062208623e-4 12680838 12736827 55989
17 636 rs11655883 75234757 1 2.1639098448576004e-4 75234757 75234757 0
17 161 rs887486 12326416 2 -2.1534341436638647e-4 12325496 12330823 5327
17 484 rs2270524 62174960 1 2.1220063383576903e-4 62168609 62174960 6351
17 539 rs16975251 68137167 1 -2.0934016876453316e-4 68135877 68195046 59169
17 668 rs12051618 77243063 1 2.081027783181556e-4 77243063 77243063 0
17 627 rs2411036 74815685 1 -1.9266763228187607e-4 74794457 74820857 26400
17 468 rs757608 59497277 1 -1.908850463557683e-4 59444758 59497277 52519
17 298 rs9896785 33002672 5 -1.8031702339830143e-4 32998577 33288882 290305
17 215 rs4792630 15510011 3 -1.711954267180401e-4 15510011 15562320 52309
17 342 rs117612447 39551099 6 -1.7015552900829286e-4 39235235 39616430 381195
17 609 rs2305213 72769739 1 1.619877234877519e-4 72765215 72784932 19717
17 444 rs8070947 55336268 1 1.5965067736423274e-4 55289933 55336268 46335
17 7 rs2955621 812750 1 -1.5492523493218616e-4 790803 814529 23726
17 553 rs9302937 69489575 1 -1.5257903851701422e-4 69474950 69512099 37149
17 610 rs689730 72851133 1 1.522404482788131e-4 72834585 72931519 96934
17 369 rs929223 43922897 2 1.431721647221476e-4 43854015 43924130 70115
17 294 rs4795936 32903538 1 -1.318968491142332e-4 32901461 32903538 2077
17 293 rs917497 32863404 2 -1.3010650682289851e-4 32841107 32895829 54722
17 196 rs16949556 14344249 1 1.2056564961007848e-4 14308398 14360149 51751
17 361 rs4098686 42629737 1 -1.1224727324548956e-4 42442344 42629737 187393
17 310 rs4796217 34819191 1 -1.1000413888642966e-4 34815551 34819191 3640
17 515 rs2952454 65599398 1 1.06576050606221e-4 65599398 65615805 16407
17 256 rs757046 29834772 1 -1.0348856964981358e-4 29797211 29834772 37561
17 290 rs210837 32735169 1 -9.029669335564584e-5 32682616 32739593 56977
17 160 rs2252 12241592 1 8.112687285168357e-5 12241592 12267102 25510
17 558 rs4793400 70153805 1 7.708406020958739e-5 70153805 70171052 17247
17 512 rs6504511 65466619 1 -7.615234775601695e-5 65466619 65482064 15445
17 502 rs8074294 64471675 1 -7.611420181947882e-5 64443995 64601925 157930
17 24 rs7215857 2341350 2 7.536639511577026e-5 2322776 2341350 18574
17 559 rs4793407 70206349 1 7.505938718005664e-5 70206349 70206349 0
17 438 rs1372857 54681042 1 -7.306186406075339e-5 54666735 54738257 71522
17 499 rs12944004 64165177 7 -7.276331526322784e-5 63942253 64207129 264876
17 479 rs7213037 61227768 1 7.26415915025982e-5 60953269 61496471 543202
17 407 rs9903912 49932226 1 -6.769126782174488e-5 49913259 49994498 81239
17 478 rs8077625 60896263 1 -6.183023572961897e-5 60896263 60928354 32091
17 419 rs1025905 52704312 1 -6.171709162051463e-5 52580112 52734531 154419
17 23 rs1540583 2289612 1 -6.028018418070728e-5 2255351 2289612 34261
17 396 rs2125902 48536047 3 -5.939512836280764e-5 48521203 48609193 87990
17 617 rs820206 73641714 2 5.752518968444594e-5 73586358 73729660 143302
17 656 rs691336 76518426 2 5.3860570387365624e-5 76511038 76548866 37828
17 317 rs7218928 35263956 1 5.241576644425887e-5 35250306 35263956 13650
17 259 rs425809 30000429 1 5.0657867899434496e-5 29973322 30000429 27107
17 472 rs16945643 59893990 2 -4.658242099808578e-5 59669077 59893990 224913
17 495 rs4541111 63534538 1 -4.100196497971072e-5 63531331 63563281 31950
17 122 rs8069231 9813032 1 -3.927019558224496e-5 9813032 9820695 7663
17 660 rs7342880 76874512 2 3.9136991726907755e-5 76874512 76890864 16352
17 583 rs11077682 71448338 1 -3.8595412757529686e-5 71429776 71448338 18562
17 100 rs7207835 8618876 5 -3.624526282518465e-5 8609022 8648103 39081
17 649 rs11651675 76134237 1 2.5004884906530444e-5 76130987 76134237 3250
17 63 rs7218232 5770670 1 -2.2651297147491556e-5 5756338 5795753 39415
17 110 rs12947027 9177477 1 1.937074407544506e-5 9159202 9177477 18275
17 331 rs9896257 37080317 2 -1.7436713032104294e-5 37075506 37251066 175560
17 105 rs4063993 8959680 1 -1.5666459603662104e-5 8905016 8959680 54664
17 14 rs4300718 1459155 1 1.246568863285074e-5 1433913 1459155 25242
17 498 rs1345451 63905236 1 1.3491621293220482e-6 63761473 63905236 143763
