CHR Group SNP.lead BP.lead Size W BP.min BP.max BP.width
19 413 rs3745516 50926742 4 0.21397301380781203 50855935 50926742 70807
19 123 rs2304256 10475652 2 0.08813306071944248 10469975 10608064 138089
19 432 rs273634 51718837 3 0.05665904612760995 51718837 51769145 50308
19 186 rs8109466 17207011 3 0.05089368585277457 17148156 17212992 64836
19 266 rs7259371 33534641 8 0.04796374464542845 33532300 33636919 104619
19 177 rs12710303 16282131 6 0.04129538260067203 16282131 16352403 70272
19 50 rs243335 4402017 2 0.03641754940096135 4353174 4433412 80238
19 187 rs2305767 17294296 6 0.03613399006257874 17241649 17340400 98751
19 441 rs7260152 52160305 6 0.03410902362416879 52155449 52204942 49493
19 165 rs116923487 15133803 7 0.0320049229784681 15131668 15174953 43285
19 18 rs10417628 2251817 1 0.03100746249851895 2251817 2251817 0
19 302 rs8108848 37019742 9 -0.03027866346340363 36950171 37383894 433723
19 99 rs35277492 8201121 3 -0.02982167131520657 8201121 8203113 1992
19 297 rs231228 36268771 8 0.02956143856705559 36113590 36273534 159944
19 228 rs12985572 28769462 5 0.02955502363584331 28718660 28903629 184969
19 486 rs17305311 54705641 1 0.02930102417557687 54705641 54707822 2181
19 327 rs61750953 41306650 6 0.02873976801676605 41175149 41324684 149535
19 283 rs8191371 34868776 1 0.02838688709484548 34833079 34985466 152387
19 172 rs144011208 16024140 6 -0.02816458900779612 15983971 16072037 88066
19 206 rs17216041 19366643 6 0.02799443322857072 19329924 19734539 404615
19 380 rs12461639 48172671 5 0.02766822441949193 48015572 48198675 183103
19 171 rs8110002 15963695 5 0.02474302148517494 15784116 15974393 190277
19 42 rs45465594 3813906 2 0.02471498440718891 3813906 3851344 37438
19 294 rs11084813 35923858 2 0.02342450139944103 35897918 35936004 38086
19 390 rs28648758 48968312 2 -0.02302840556280146 48948296 48968312 20016
19 70 rs778805 5832209 3 0.02262570855717494 5822490 5839746 17256
19 351 rs8108277 45205877 1 0.02178883873981749 45205877 45205877 0
19 26 rs61754927 2917509 6 0.02121859697729396 2900518 2933480 32962
19 92 rs72558007 7762440 1 0.02067958458775148 7758339 7762440 4101
19 278 rs7256463 34366393 3 0.01993849283942202 34351775 34366393 14618
19 198 rs7259041 18123738 2 0.01954326479488988 18117646 18141996 24350
19 168 rs11085954 15594019 2 0.01929686545553588 15587185 15607508 20323
19 207 rs892035 19758190 2 0.01915457124654707 19758190 19831544 73354
19 68 rs12985119 5501415 3 -0.01904423075944319 5479522 5525988 46466
19 303 rs10426712 38362792 15 0.01881309364785943 37403224 38411090 1007866
19 377 rs1862499 47549791 2 0.01842132863991619 47549791 47589895 40104
19 549 rs1051500 58944402 5 0.01713476162159409 58928786 59069353 140567
19 430 rs11667789 51595776 4 -0.01660439193438201 51595583 51628529 32946
19 292 rs2853332 35746706 4 0.01648093919884992 35710685 35794775 84090
19 333 rs1800472 41847860 1 0.01580710466054057 41847860 41944237 96377
19 481 rs10420331 54469068 2 0.01575575323969132 54469068 54486773 17705
19 306 rs8102476 38735613 5 0.01483234363131672 38735613 38896244 160631
19 314 rs879689 39650830 3 0.01470374145050026 39622846 39710903 88057
19 256 rs56688754 31906847 10 0.01468480152404316 31838378 31963015 124637
19 23 rs4334421 2580057 1 0.01464403756861296 2580057 2601811 21754
19 225 rs811020 28393499 1 0.01450856286236642 28312200 28444957 132757
19 253 rs276725 31509362 2 -0.01444214977365548 31401756 31509362 107606
19 40 rs1985358 3729042 2 0.01437754277392391 3729042 3769049 40007
19 121 rs117064827 10334725 10 0.01429432041006322 10219076 10338676 119600
19 63 rs10415030 5312177 2 -0.01407903180144931 5285570 5312177 26607
19 44 rs7251928 4077096 3 0.01396974695620061 4007080 4077096 70016
19 331 rs305959 41675162 3 -0.01389467477655103 41668003 41675162 7159
19 304 rs705507 38610721 8 0.01368411975622941 38478465 38654551 176086
19 213 rs625998 21008838 5 -0.01354616539349129 20925934 21107489 181555
19 451 rs9630874 52928039 2 0.01325715299857026 52928039 52937339 9300
19 389 rs16981988 48821757 5 0.01324400513030353 48800751 48924963 124212
19 45 rs1823059 4115993 3 -0.01250161979081393 4115993 4147445 31452
19 295 rs1005948 35975921 5 -0.01245097163575425 35944375 36003962 59587
19 301 rs753420 36643695 3 0.01244170489965902 36643695 36828217 184522
19 435 rs1974821 51917735 3 -0.01236697605862867 51907788 51917735 9947
19 247 rs7247350 30884407 2 0.01215038509315528 30880662 30884407 3745
19 382 rs12979616 48350011 3 0.01205201439220185 48336188 48357152 20964
19 345 rs16976937 44470147 1 0.01181641393066362 44438366 44495315 56949
19 131 rs624899 11612498 2 0.01166021935474582 11612498 11651810 39312
19 421 rs2659122 51363026 3 0.01163608752450947 51361315 51374047 12732
19 535 rs10403926 57588298 2 0.01157360512140874 57582025 57599661 17636
19 78 rs422981 6556778 2 0.0114183238392552 6547141 6556778 9637
19 170 rs2683043 15764071 4 0.01112733669743037 15682328 15773915 91587
19 340 rs4803630 43951083 3 -0.0110226313009216 43885085 43951083 65998
19 450 rs324125 52887282 1 0.01074329255833829 52859007 52887603 28596
19 463 rs16984664 53769861 3 -0.0106251368483102 53705554 53776668 71114
19 484 rs254259 54606405 2 -0.01055686820047388 54606405 54627164 20759
19 321 rs3944083 40301967 5 0.01048671833781428 40301967 40347658 45691
19 545 rs260428 58736625 2 0.01015523517228695 58620068 58736625 116557
19 100 rs8112582 8242511 2 -0.00981829824104891 8206748 8242511 35763
19 264 rs259229 33134425 7 0.00972319068588157 33034189 33167837 133648
19 122 rs7257871 10449252 10 -0.00954141462169279 10394792 10449751 54959
19 249 rs77238711 31039669 2 0.00945855104522456 30987104 31057349 70245
19 410 rs8102994 50751587 2 -0.00925475924852284 50736956 50754695 17739
19 236 rs4805397 29906514 1 -0.00925474790464503 29847162 29912414 65252
19 293 rs11878345 35868773 2 0.00919042740955151 35868773 35886660 17887
19 491 rs35336528 54968038 1 0.0091670655895317 54937469 54968038 30569
19 265 rs11668957 33408977 12 -0.00915407784729812 33181484 33468067 286583
19 270 rs16967952 33795241 4 0.00914152004319323 33791127 33883248 92121
19 262 rs7253538 32834547 5 0.00912008217343014 32755790 32944565 188775
19 515 rs306481 56487603 2 0.00901450652262383 56467375 56501050 33675
19 3 rs8108922 691025 2 0.00875875006396465 682010 691025 9015
19 104 rs3764570 8528277 2 0.00873795855570481 8433196 8543713 110517
19 501 rs890871 55672055 2 0.00864199802251231 55672055 55710074 38019
19 109 rs2969292 8953801 7 -0.00852385053337072 8921033 8987218 66185
19 237 rs744625 29978549 3 -0.00851339138063582 29938906 29980809 41903
19 418 rs919276 51231068 1 0.00842106492611302 51231068 51236834 5766
19 367 rs713408 46569740 3 -0.00819473190593571 46560024 46587142 27118
19 252 rs10405541 31343577 6 0.00812098446519742 31283654 31370794 87140
19 423 rs7255268 51431836 5 -0.00811275373497885 51421491 51446530 25039
19 220 rs16999232 22797775 6 0.00809833686211706 22767819 22797775 29956
19 129 rs322151 11417200 6 0.00805978922389031 11358440 11417200 58760
19 226 rs10409248 28531174 3 0.00801808141204865 28453315 28551991 98676
19 444 rs17695224 52324216 3 -0.00792386507458005 52305158 52414635 109477
19 443 rs4802866 52299675 5 0.00791566076648262 52254351 52301571 47220
19 309 rs12052046 39135874 3 -0.00786570479531552 38996990 39237950 240960
19 539 rs6510064 57855930 8 0.00777423886789143 57835252 57909872 74620
19 350 rs754340 45163671 1 0.00777242729676241 45115487 45179567 64080
19 521 rs4801699 56785231 1 0.00764082728045671 56765460 56800202 34742
19 452 rs3745101 53085813 3 0.00757004909492562 53034598 53086946 52348
19 422 rs2664144 51391656 1 -0.00743089236913568 51391656 51411116 19460
19 117 rs2303100 9968434 4 0.00734899716609448 9741123 10017135 276012
19 119 rs889125 10120571 1 0.00724829191395139 10120571 10131999 11428
19 160 rs17230134 14910654 1 -0.00716126134603594 14910321 14914914 4593
19 462 rs12460170 53669492 1 -0.00690339321707428 53666745 53697937 31192
19 464 rs3960965 53789383 2 0.0068846786859177 53780966 53793574 12608
19 528 rs10425564 57312980 2 0.00688363697022075 57279391 57344913 65522
19 531 rs7258452 57447994 2 -0.00674840090531625 57433407 57447994 14587
19 354 rs439401 45414451 4 0.0067386635808265 45366779 45414451 47672
19 178 rs390017 16406034 2 0.00670587832422111 16398314 16426657 28343
19 538 rs10411733 57790988 4 -0.00651617301567416 57790613 57820717 30104
19 255 rs1078373 31801130 1 0.00647888303714845 31801130 31801130 0
19 504 rs1058511 55859439 4 0.00638375636544479 55859439 55879872 20433
19 194 rs3761055 17835831 1 0.00636361020184576 17827257 17892591 65334
19 404 rs12609870 50229644 1 0.00628383816833272 50229644 50229644 0
19 454 rs10401904 53120559 3 0.00624271214432925 53115843 53186836 70993
19 88 rs7254060 7283414 2 0.00622025538268276 7266878 7298095 31217
19 275 rs4805924 34168273 1 -0.00620401679758453 34168273 34177770 9497
19 318 rs10407035 39913634 6 0.00617830266406605 39913558 40060648 147090
19 87 rs4804404 7218382 5 0.00608171348259102 7167715 7239555 71840
19 352 rs3208856 45296806 3 0.00603428062169468 45296806 45315445 18639
19 69 rs1129046 5654449 2 0.00603221069360114 5582535 5663920 81385
19 84 rs457857 6913811 2 -0.00596821601353817 6901891 6951434 49543
19 190 rs10417922 17615609 2 -0.00570918053709483 17562969 17621508 58539
19 216 rs8101143 21956136 8 -0.0057075102866666 21927706 22036167 108461
19 156 rs8109493 14603932 3 0.00567207323511378 14603932 14652278 48346
19 507 rs3976501 56026072 3 -0.00559982461925197 56026072 56058737 32665
19 457 rs7252166 53293834 2 0.0055286210207607 53293834 53293834 0
19 488 rs103294 54797848 1 -0.00551780616690091 54797848 54797848 0
19 31 rs3786947 3114229 3 0.0054911373734833 3099982 3114229 14247
19 199 rs3761041 18183917 6 0.00548435385119952 18180236 18193191 12955
19 524 rs4801177 57089050 2 0.00547684455971645 57036012 57092369 56357
19 200 rs11666281 18234588 9 0.00547142520984038 18234588 18395537 160949
19 133 rs206863 11789015 4 -0.00546196990834845 11789015 11842323 53308
19 346 rs2722738 44855757 5 0.00546047461838797 44515352 44855757 340405
19 95 rs652260 7900562 4 0.00541633911980165 7898541 7936208 37667
19 527 rs12462745 57218918 2 0.00538133271178448 57198573 57231002 32429
19 497 rs269957 55445174 3 0.00537947307710346 55433596 55445174 11578
19 523 rs985113 57000173 1 0.00537651102628512 56949967 57006853 56886
19 174 rs8110325 16176940 1 0.00532031476701377 16150779 16176940 26161
19 438 rs17239287 52022033 3 -0.00527600880711087 52000187 52034506 34319
19 223 rs17000180 23677401 2 -0.00522553499888359 23556852 23763379 206527
19 268 rs17694094 33723705 1 -0.00511654525181335 33713928 33723705 9777
19 399 rs2278004 49654421 5 -0.00505931360144519 49651042 49683320 32278
19 128 rs12980863 11309871 4 -0.005054507761572 11302807 11348960 46153
19 107 rs1561406 8751106 3 0.00503880364603682 8740520 8751106 10586
19 196 rs17654474 18038782 1 -0.0050144500838171 18038782 18038782 0
19 97 rs8103218 8143114 1 0.00496028320629733 8136398 8148314 11916
19 493 rs4470262 55036661 2 0.00494231387481994 55017508 55046380 28872
19 166 rs7254735 15263385 7 -0.00491681973045717 15235879 15303225 67346
19 401 rs10414921 49823047 2 -0.00489917917165204 49759494 49899076 139582
19 289 rs1687983 35568212 2 0.00488926197243574 35556123 35570307 14184
19 272 rs4805905 34029507 3 0.00483529206750018 34029507 34064054 34547
19 77 rs12151125 6524406 2 -0.00478594860565669 6520490 6524406 3916
19 98 rs8111372 8170591 2 0.00472800584176413 8153323 8186519 33196
19 254 rs6510186 31654615 3 -0.00471236173773209 31635312 31724380 89068
19 420 rs9991 51301230 9 0.00460403389925765 51297825 51323676 25851
19 324 rs4490099 40731491 9 0.00457942708726622 40731491 40952148 220657
19 436 rs1820112 51930706 1 0.00453104546493062 51925519 51954858 29339
19 348 rs17800760 45013959 6 0.00448220735513526 44978183 45029208 51025
19 406 rs2302518 50296145 4 -0.00443859387735053 50271924 50386340 114416
19 374 rs11083846 47207654 6 0.00435431019445515 47207654 47285589 77935
19 300 rs62109744 36546015 2 0.00435198863371279 36498415 36590329 91914
19 519 rs16987032 56689214 2 0.00434630198437014 56671836 56689214 17378
19 271 rs4805889 33954588 3 0.00432155387174236 33897223 34000725 103502
19 261 rs10413445 32722146 2 0.00426590155171617 32631274 32722146 90872
19 15 rs7251590 1989867 3 -0.00420508788971839 1926027 1989867 63840
19 370 rs2110577 46895747 1 0.00419758257991641 46885977 46906997 21020
19 71 rs731773 5991622 3 0.00417042496356691 5880949 5991622 110673
19 329 rs11666982 41531368 3 0.00414348929125848 41460621 41537698 77077
19 126 rs1122608 11163601 2 0.00400127510028357 11163562 11170839 7277
19 499 rs1654410 55524813 7 0.00398562713985739 55497843 55555988 58145
19 72 rs10853992 6141471 3 -0.0039812463173722 6033976 6187800 153824
19 514 rs160104 56433203 6 0.0039651910120707 56426073 56466227 40154
19 209 rs4808227 20141944 4 -0.00389199026465587 19887578 20162695 275117
19 139 rs113720193 13010516 2 -0.0038041618568822 12958360 13059147 100787
19 393 rs17842463 49102599 2 0.00374023136225835 49098750 49183284 84534
19 296 rs75962883 36017598 2 -0.00367115157125958 36011878 36029240 17362
19 386 rs891015 48542414 3 -0.0036190486302695 48536910 48557013 20103
19 204 rs36039745 19168228 2 0.00354908633520891 19136541 19230816 94275
19 136 rs3106727 12374905 4 0.0034555553422912 12215638 12486228 270590
19 472 rs7258128 54177273 1 -0.00341623476467347 54167270 54177273 10003
19 445 rs61743893 52568422 4 0.00329837887449665 52457306 52618506 161200
19 235 rs4805350 29714355 2 0.00329708464509431 29678680 29762562 83882
19 124 rs3745255 10668452 2 0.00328727373521296 10668452 10701833 33381
19 245 rs12611074 30702788 3 0.00323736503569223 30670438 30711242 40804
19 447 rs7246914 52670905 4 -0.00322212796145769 52670905 52742366 71461
19 89 rs17255882 7504456 5 -0.00319881432177272 7448832 7555092 106260
19 344 rs3760982 44286513 6 0.00315367467443931 44286513 44383800 97287
19 112 rs1823058 9199226 2 -0.00299860938879346 9168586 9218125 49539
19 287 rs142299823 35434582 2 0.00297838470503768 35357338 35435776 78438
19 391 rs10413911 49046562 1 -0.00296623906863852 49046562 49064959 18397
19 279 rs4805958 34421191 1 0.00294496061806233 34392158 34421191 29033
19 150 rs2242130 13993457 1 0.00291751788936729 13993457 14038791 45334
19 263 rs7251512 33014643 5 0.0029141735826557 33001746 33014643 12897
19 125 rs10775614 10867219 7 -0.00290993759984381 10738639 11105608 366969
19 371 rs8109759 46949662 4 0.00282217344219326 46914927 47002915 87988
19 55 rs12979279 4764306 2 0.00281569378027104 4742465 4783024 40559
19 520 rs2195974 56743097 1 -0.00281405767703914 56723492 56745520 22028
19 516 rs17713875 56543982 1 0.00281262010225269 56543982 56549510 5528
19 162 rs10854133 14955029 4 -0.00280541624496535 14951605 14997907 46302
19 116 rs971366 9598587 3 0.00277744764748101 9395584 9603751 208167
19 373 rs117306460 47104226 2 -0.00277622643913164 47049928 47104226 54298
19 14 rs4426464 1765297 1 0.00275023018133315 1765297 1773999 8702
19 258 rs1865055 32368991 2 0.00274844041934265 32183171 32383700 200529
19 536 rs10407445 57649962 2 -0.00269132344742556 57602649 57649962 47313
19 510 rs8108994 56294611 3 -0.00268287577875565 56293414 56306402 12988
19 341 rs2302524 44156472 3 -0.00266181635794296 43967147 44156472 189325
19 127 rs1433099 11242658 4 0.00262880243482744 11222300 11276744 54444
19 395 rs684959 49296654 1 0.00254101686525067 49294862 49318380 23518
19 353 rs4803760 45333834 2 0.00244268560214517 45322316 45333834 11518
19 267 rs4805859 33667329 3 0.00234647350601694 33647379 33680782 33403
19 141 rs16019 13411451 4 -0.00232690087794878 13411451 13452550 41099
19 323 rs11882490 40657509 3 -0.00230981877070435 40477465 40657509 180044
19 90 rs625910 7594159 3 -0.00230435084126135 7567757 7602039 34282
19 343 rs395760 44214193 1 0.00228817989798644 44214054 44260572 46518
19 157 rs7508694 14714811 2 0.00227805827679893 14664933 14721019 56086
19 82 rs7258236 6760974 2 0.00227729167055709 6751293 6788907 37614
19 185 rs8105013 17109350 2 -0.00225129153849463 17108127 17118433 10306
19 397 rs2270941 49438363 2 0.00219765720046698 49438363 49447713 9350
19 140 rs4926244 13374913 2 0.00219149557007086 13374913 13389377 14464
19 543 rs2375145 58401342 6 -0.00218993438763027 58379892 58518534 138642
19 108 rs2340550 8808942 2 -0.00218327048233206 8787140 8808942 21802
19 46 rs4807546 4182060 1 -0.0021647258559409 4182060 4182060 0
19 511 rs2112826 56331935 2 -0.00209708414376286 56316796 56332628 15832
19 41 rs4807510 3792245 1 -0.00207602452167679 3792245 3806837 14592
19 437 rs1993461 51989254 1 -0.00201759390199407 51975723 51989254 13531
19 532 rs1433105 57461103 1 0.00201448569177429 57461103 57461103 0
19 86 rs1864193 7114213 1 -0.00197536066476877 7074561 7114213 39652
19 311 rs11879029 39379906 2 0.00195524178057811 39378804 39455534 76730
19 541 rs139899284 58067703 5 0.00195085452324328 57980167 58200099 219932
19 381 rs10405467 48297228 1 0.00194388312783545 48263635 48297228 33593
19 458 rs6509701 53384185 2 -0.00191478886429937 53374907 53424324 49417
19 387 rs11564538 48601512 6 0.00187201186173093 48581142 48678148 97006
19 234 rs2865496 29606361 2 0.00186915665083448 29510990 29653398 142408
19 487 rs422948 54749011 2 -0.00181626518098843 54749011 54749011 0
19 96 rs6603134 8106521 2 0.00177492501971773 8033348 8106521 73173
19 159 rs11669065 14833064 4 0.00176900808526283 14758168 14854338 96170
19 48 rs888930 4288332 1 0.00176723825697275 4288332 4288332 0
19 243 rs277079 30566056 1 -0.00171511686291867 30566056 30566056 0
19 409 rs10413463 50699504 1 0.00168981567853661 50699504 50699504 0
19 39 rs55862054 3624005 2 -0.0016882764458738 3618928 3698333 79405
19 30 rs367825 3063409 1 0.0016815426887174 3063409 3063409 0
19 222 rs12980365 23395317 3 -0.00166737198170789 23118399 23408129 289730
19 9 rs2072283 1116117 1 0.00161538756069819 1095514 1116117 20603
19 465 rs8104523 53829121 1 0.00157581233620885 53818436 53833712 15276
19 403 rs1368464 50140068 2 0.00151317975466125 50140068 50140092 24
19 11 rs1875960 1537467 1 0.00150999383327213 1537467 1537467 0
19 335 rs7251044 42202285 1 0.00150190846035499 42147477 42239178 91701
19 203 rs10330 19017862 1 0.00147609105652077 18959209 19017862 58653
19 328 rs5007415 41393760 1 0.00146818757934634 41393760 41426424 32664
19 53 rs9917028 4640983 2 -0.0014650151890133 4590877 4640983 50106
19 325 rs10413521 41023511 3 -0.00144331720772865 41012190 41058802 46612
19 56 rs2292151 4816719 2 0.00141903838030849 4811671 4837501 25830
19 25 rs1610062 2843533 3 -0.00140065287195395 2833431 2848948 15517
19 526 rs2052240 57186892 2 0.00139353518589133 57162288 57187163 24875
19 230 rs11672218 29275048 1 -0.00139325486133236 29235810 29317130 81320
19 195 rs10407076 17920758 2 0.00138702161167435 17920758 17927041 6283
19 385 rs35362679 48523128 3 0.00138422872947126 48518417 48527582 9165
19 142 rs8109003 13518462 3 -0.00137353758862112 13484853 13518462 33609
19 431 rs7254514 51678482 1 0.00135543197623088 51676299 51701891 25592
19 366 rs1010693 46513183 1 0.0013455764874985 46513183 46533914 20731
19 288 rs7247980 35482114 2 0.00133279064747125 35465187 35510304 45117
19 0 rs2166359 342617 1 -0.00130265917729029 301619 342617 40998
19 118 rs8100015 10050184 1 -0.00127960979478345 10050184 10078589 28405
19 319 rs12463334 40169328 2 -0.00126749129465484 40132825 40169328 36503
19 94 rs868875 7831166 5 0.00125296251818255 7831166 7846887 15721
19 412 rs667907 50785386 1 0.00121842821945921 50785386 50808749 23363
19 530 rs12974085 57419586 1 0.0011937108488224 57399843 57419586 19743
19 286 rs3746236 35298961 2 -0.00117324087156113 35114578 35298961 184383
19 102 rs17159388 8320555 2 0.00116580972355574 8308446 8334280 25834
19 448 rs2560903 52787583 1 -0.00115110998548098 52761215 52795985 34770
19 164 rs7248013 15112408 2 0.00112534987970558 15104110 15113675 9565
19 364 rs10408380 46414628 4 -0.00111131345898811 46406698 46431372 24674
19 508 rs310436 56178559 1 0.00110352178178639 56134038 56193662 59624
19 446 rs1366245 52660279 1 0.00103212104549517 52660279 52660279 0
19 495 rs4436877 55216162 3 0.00102738091010772 55216162 55216950 788
19 369 rs887946 46816788 2 0.00102686533432222 46797830 46823803 25973
19 473 rs7254177 54206688 2 0.00102668041871996 54204008 54206688 2680
19 210 rs10410777 20403541 2 -9.868702575436409e-4 20329637 20470564 140927
19 392 rs2544795 49076461 1 9.77826902665094e-4 49072265 49084655 12390
19 242 rs4805487 30337127 1 9.563819410055908e-4 30296853 30352142 55289
19 250 rs16964473 31125691 1 -9.545918837795548e-4 31099589 31125691 26102
19 414 rs35209148 50940938 4 9.42422673253276e-4 50940938 51040416 99478
19 229 rs17831750 28991292 4 9.39298762976786e-4 28948389 29103301 154912
19 227 rs2607221 28703053 2 -9.364297770315146e-4 28569401 28703053 133652
19 54 rs10415651 4687075 2 9.259112647348728e-4 4654757 4735663 80906
19 320 rs72480733 40196627 3 9.009832297811238e-4 40188968 40269473 80505
19 232 rs11083726 29388987 4 -8.65375902317664e-4 29376565 29404979 28414
19 91 rs586551 7611117 1 -8.64561193500771e-4 7611117 7624391 13274
19 273 rs8103587 34105378 2 -8.508161433326967e-4 34069736 34117092 47356
19 93 rs12611071 7800361 1 8.486618785060729e-4 7793502 7800361 6859
19 308 rs35364374 38983180 1 -8.234054638597185e-4 38959680 38983180 23500
19 221 rs7252224 22974503 2 -8.019371793390531e-4 22934973 23000745 65772
19 101 rs1466448 8289519 1 -7.975333379840341e-4 8271721 8298411 26690
19 241 rs3746314 30197155 4 7.86478382116458e-4 30164574 30241540 76966
19 461 rs1045764 53611473 7 7.856616210574546e-4 53554075 53627777 73702
19 546 rs260461 58770883 2 -7.829429493893586e-4 58744933 58808709 63776
19 74 rs4807863 6306971 1 -7.789644805914205e-4 6304967 6306971 2004
19 113 rs1036224 9228196 2 7.628010359504118e-4 9225685 9237542 11857
19 547 rs8109093 58833871 1 -7.617637902733552e-4 58830261 58833871 3610
19 449 rs7247178 52815890 2 7.570148131165385e-4 52815148 52825032 9884
19 233 rs17691054 29490619 2 -7.532508061096993e-4 29482011 29504552 22541
19 43 rs4807532 3928369 1 -7.520716442730471e-4 3928369 3928369 0
19 188 rs6512182 17399476 3 -7.518059719176645e-4 17367435 17469382 101947
19 134 rs61736266 11916890 4 -7.156340495216713e-4 11866510 11931746 65236
19 517 rs7256266 56562165 1 6.995789795168319e-4 56562165 56571547 9382
19 363 rs8106626 46327670 3 -6.761826307685805e-4 46195756 46374557 178801
19 466 rs7255193 53893338 1 6.761485147199044e-4 53884412 53893338 8926
19 64 rs8111216 5353576 2 6.551604778102138e-4 5352551 5359211 6660
19 534 rs2902943 57524031 2 6.547100881717766e-4 57524031 57563500 39469
19 315 rs12980275 39731783 1 -6.419131547712438e-4 39731783 39743165 11382
19 214 rs2115495 21314102 4 -6.351121009283504e-4 21249429 21487372 237943
19 81 rs423490 6697406 2 -6.23342901993231e-4 6687517 6697406 9889
19 180 rs2306843 16797415 1 6.226384540828822e-4 16761077 16797415 36338
19 368 rs2253940 46713197 2 6.069541117002755e-4 46664561 46743245 78684
19 75 rs7253395 6401588 2 5.987981791843954e-4 6325659 6422888 97229
19 246 rs9630865 30779231 1 5.855058753200028e-4 30746753 30806165 59412
19 137 rs4804715 12641232 1 5.83593755646792e-4 12562294 12641232 78938
19 394 rs12611028 49252989 3 -5.627678145347214e-4 49202859 49252989 50130
19 416 rs2387137 51137660 1 -5.603772388320758e-4 51136844 51148772 11928
19 32 rs17347521 3160385 2 5.56744243760999e-4 3136845 3165895 29050
19 114 rs7254803 9299576 1 -5.511868125410033e-4 9289039 9319223 30184
19 217 rs2435029 22062158 1 -5.383309036457659e-4 22062158 22364620 302462
19 337 rs1206028 42855167 1 5.275753951510998e-4 42549934 42863035 313101
19 433 rs12985380 51861176 2 5.203959125623442e-4 51823015 51869346 46331
19 439 rs7245800 52083552 1 -5.121951886752333e-4 52056644 52083552 26908
19 379 rs10421978 47928003 2 5.104433411804737e-4 47928003 47954171 26168
19 182 rs773901 17003789 2 -4.988582875324377e-4 16946764 17003789 57025
19 282 rs10415423 34553925 1 4.911457664281588e-4 34552893 34610341 57448
19 505 rs10425596 55901099 1 4.502328688967796e-4 55901099 55941508 40409
19 513 rs302445 56384650 1 -4.4531816833729007e-4 56376574 56393051 16477
19 251 rs4805602 31205300 4 4.449644243268583e-4 31147868 31229053 81185
19 135 rs279205 12014274 2 4.375992090948831e-4 12014274 12188266 173992
19 218 rs808372 22470368 1 4.2664095199407265e-4 22450922 22652436 201514
19 10 rs2668423 1370526 1 4.2379683931839765e-4 1370526 1413574 43048
19 33 rs4807425 3229224 1 -4.219007656691033e-4 3211221 3256521 45300
19 155 rs3786654 14557821 1 -4.1644285273925014e-4 14557821 14586860 29039
19 455 rs4802987 53233273 1 -4.148469481170696e-4 53233273 53233273 0
19 398 rs11673003 49571957 2 3.800715705256804e-4 49571957 49623935 51978
19 191 rs76629753 17662616 2 3.752310208356947e-4 17654181 17667970 13789
19 490 rs12974194 54914134 1 -3.725236662386935e-4 54896877 54914134 17257
19 120 rs10401453 10137663 1 -3.653262439350947e-4 10137663 10160578 22915
19 376 rs384842 47379025 4 -3.644933820069445e-4 47371616 47455315 83699
19 492 rs7251986 55005607 1 3.535928439393549e-4 55005607 55010819 5212
19 402 rs8108243 50042829 1 -3.524610619653376e-4 49948612 50045878 97266
19 132 rs8100206 11764496 3 3.336075017247045e-4 11687195 11771482 84287
19 59 rs263066 5027230 3 3.217206333675876e-4 4929473 5046070 116597
19 231 rs16962149 29344955 1 -3.0698775780553425e-4 29320058 29366711 46653
19 238 rs10410525 30042913 1 3.0579267506053415e-4 30041553 30042913 1360
19 542 rs74939505 58213743 5 -2.9553245558067956e-4 58210808 58357546 146738
19 110 rs61732905 9070264 17 2.8964847357509926e-4 9026651 9101672 75021
19 51 rs77763884 4508905 6 2.888313191793867e-4 4471797 4511181 39384
19 483 rs654765 54590836 1 -2.7187647776979426e-4 54577419 54596619 19200
19 239 rs16963085 30095911 1 2.639379146938761e-4 30056335 30104871 48536
19 512 rs441827 56369189 2 2.330889075457381e-4 56369189 56369314 125
19 342 rs344783 44172188 2 -2.30906306206413e-4 44172188 44190626 18438
19 470 rs10409187 54075317 1 -2.272822329509306e-4 54074747 54075317 570
19 2 rs4919908 508626 1 2.197591219811276e-4 508626 508626 0
19 356 rs1469704 45589595 2 2.1842779160596496e-4 45589595 45604163 14568
19 208 rs247789 19863014 1 -2.1093093639250375e-4 19855654 19863014 7360
19 313 rs10417561 39553621 6 2.0723749665065255e-4 39551941 39605882 53941
19 408 rs12984158 50477700 3 1.9827556067341376e-4 50456518 50563899 107381
19 529 rs8100664 57396250 1 -1.8731191472259344e-4 57396250 57396250 0
19 424 rs2569522 51455389 2 -1.8270882380859855e-4 51455389 51455389 0
19 80 rs392751 6645178 2 1.8213062052072464e-4 6617161 6679511 62350
19 378 rs4467185 47823038 2 1.6109776801327596e-4 47787587 47823871 36284
19 280 rs2159328 34439135 1 1.493971515019209e-4 34439135 34439135 0
19 467 rs12977919 53932295 1 -1.349401530085441e-4 53920991 53932295 11304
19 388 rs16981882 48755267 3 1.3100718599040948e-4 48715269 48764857 49588
19 540 rs12986235 57955244 1 -1.3009076430672885e-4 57955244 57956186 942
19 158 rs732722 14744032 1 -1.2100109264713052e-4 14737431 14744032 6601
19 537 rs3826971 57759835 2 -1.201409291433904e-4 57678194 57759835 81641
19 202 rs8107912 18707048 1 1.0767616837612982e-4 18707048 18892728 185680
19 153 rs888876 14416793 7 -1.0684760818992745e-4 14416793 14450812 34019
19 106 rs11672367 8633943 2 -1.0077375512017924e-4 8633943 8672000 38057
19 57 rs7246083 4866451 2 8.467187670117531e-5 4859937 4866451 6514
19 502 rs10404178 55780487 1 8.31892982391451e-5 55739515 55783552 44037
19 73 rs4807854 6258557 1 7.783869621398327e-5 6205825 6258557 52732
19 332 rs3745295 41785282 4 7.385122698528202e-5 41767987 41785282 17295
19 197 rs4808727 18083619 2 -6.626943453092132e-5 18061509 18104155 42646
19 205 rs539 19287802 1 -5.6455501088922215e-5 19287802 19287802 0
19 211 rs10416706 20488698 1 5.0275660176547085e-5 20488698 20488698 0
19 419 rs4802740 51263432 1 4.868344008624748e-5 51263432 51263432 0
19 426 rs1474520 51530693 1 3.727718815143842e-5 51530693 51530693 0
19 144 rs4926293 13597003 1 2.2783446577230892e-5 13581369 13597003 15634
19 224 rs1816412 24058196 4 -2.1257688163639574e-5 24058196 24358391 300195
19 506 rs4801655 55977909 1 1.7990006705702903e-5 55977909 55989204 11295
19 259 rs7257183 32463578 2 -1.7606208869359885e-5 32444568 32501502 56934
19 240 rs10415705 30125153 2 -1.6761696896972243e-5 30116004 30137035 21031
19 365 rs749818 46496793 1 1.4410723257715589e-5 46469411 46498827 29416
19 355 rs5167 45448465 1 7.630265560417091e-6 45448465 45487420 38955
19 13 rs11666934 1744203 1 -5.8357065323463165e-6 1744203 1744203 0
19 85 rs6510937 6994987 1 2.779652629602051e-6 6984708 6994987 10279
19 154 rs9917042 14494473 1 1.604025261948799e-6 14494473 14506632 12159
