CHR Group SNP.lead BP.lead Size W BP.min BP.max BP.width
14 719 rs8017161 103563195 6 0.1811570567212437 103539669 103584674 45005
14 392 rs3784099 68749927 3 0.09272643423874592 68749927 68808398 58471
14 585 rs17184313 93102251 7 0.07663011464930117 93064069 93118038 53969
14 601 rs11621961 94769476 4 0.05839192179519784 94769476 94847415 77939
14 183 rs696 35871093 5 0.04487016785402449 35871093 35887431 16338
14 584 rs737522 93014672 4 0.04062975958715888 93014672 93047936 33264
14 496 rs11623789 82450632 6 0.03601312597737927 82347524 82458472 110948
14 181 rs712314 35408548 11 0.03552986972762359 35390146 35802483 412337
14 539 rs12883250 88446876 8 0.03453669348698092 88407888 88628106 220218
14 369 rs8005319 63822521 5 0.03177987991752394 63777253 63857808 80555
14 143 rs2300835 33207522 2 0.03015297357515755 33183958 33237374 53416
14 438 rs2193596 75234101 4 0.02975762914548035 75110437 75558163 447726
14 42 rs4572291 22573443 2 -0.02955104290516432 22544393 22590996 46603
14 574 rs2202955 92118160 4 0.02942880230385439 92104196 92126827 22631
14 37 rs3748366 22204911 4 0.02936564457537923 22098295 22204911 106616
14 338 rs311864 59214542 1 -0.02888437531246204 59169665 59214542 44877
14 461 rs17811635 77573757 1 0.02689906328907161 77497666 77600937 103271
14 448 rs17783366 76543004 5 0.0258366355207808 76482168 76581121 98953
14 237 rs1959379 44974966 7 0.02577244097770933 44903433 45129864 226431
14 393 rs10132294 68887667 8 0.02540426181189951 68818976 68963746 144770
14 210 rs6571897 39587438 6 0.02137970460007263 39376359 39669491 293132
14 481 rs7141420 79899454 3 0.02097462263133158 79698367 79945162 246795
14 133 rs944464 32453861 1 -0.02036670819357458 32427796 32460060 32264
14 386 rs1434903 66703569 3 0.01992360845776419 66690914 67862371 1171457
14 218 rs8005565 41097075 4 0.01953403594598726 40896108 41103660 207552
14 425 rs2526896 73055107 6 0.01878079627418082 73052019 73096614 44595
14 535 rs8017892 87851097 4 0.01850699969652416 87765589 87967266 201677
14 139 rs1951187 32908192 2 0.01817032179871573 32903616 32923626 20010
14 345 rs216526 60650086 7 0.01809185468463834 60494285 60782370 288085
14 186 rs7147797 36449424 1 0.01778778163269282 36437005 36454851 17846
14 125 rs179562 31224458 6 0.01767350709597444 31097345 31237170 139825
14 117 rs718545 30489623 2 0.0174762484565322 30454892 30524538 69646
14 401 rs2185492 69765077 4 0.01742720808993627 69721780 69780678 58898
14 717 rs2403102 103306215 3 0.01738509124729124 103222398 103342049 119651
14 571 rs2540879 91708195 4 -0.01712325915451959 91705188 91773494 68306
14 102 rs1892555 28027925 6 0.01696321066865449 27925765 28215325 289560
14 543 rs1287662 89290630 1 0.01681393250851093 89276431 89393381 116950
14 332 rs1950996 58236413 6 -0.01677061781703001 58119752 58236413 116661
14 357 rs217671 62360464 4 0.01551151905900375 62360464 62375195 14731
14 1 rs12882648 20492492 6 0.01544764866309178 20480547 20529177 48630
14 491 rs2075179 81562998 5 -0.01530971947646076 81531754 81610869 79115
14 200 rs177899 38139214 5 0.01524284201641373 38005128 38179163 174035
14 90 rs7153823 26582852 2 -0.01512944990231198 26575000 26602961 27961
14 693 rs3742384 100800103 3 0.01494693450420768 100800103 100933471 133368
14 714 rs118141823 102900956 6 0.01472824059683177 102614961 102933347 318386
14 312 rs7153071 56408735 2 0.0146114684067138 56387951 56441092 53141
14 444 rs2300603 76005557 3 0.01452331401439787 75947712 76028680 80968
14 372 rs11621026 64389502 7 0.01427654714881705 64232386 64564680 332294
14 691 rs12588659 100587813 3 0.01425201851162085 100465652 100620013 154361
14 578 rs4904847 92718046 4 -0.01419973542251009 92656568 92736604 80036
14 396 rs12432197 69088185 2 -0.01366774848443933 69077457 69126744 49287
14 343 rs755011 59815040 9 0.01359857519649098 59813702 60087380 273678
14 279 rs1002132 52285373 3 0.01346153712910098 52250365 52308314 57949
14 295 rs10147611 54234753 3 0.01326239803448503 54206171 54263851 57680
14 79 rs854334 25329433 8 -0.01323964759366925 25264662 25350288 85626
14 594 rs11626249 94267755 3 -0.01309291585689477 94264690 94279265 14575
14 53 rs8572 23236524 2 -0.01285459325082553 23214356 23242828 28472
14 88 rs10162542 26462905 2 -0.01273177031560304 26436743 26500262 63519
14 261 rs12435094 49992347 6 0.01261495824322252 49966883 50164452 197569
14 567 rs1286083 91442779 3 0.01203817335369641 91305899 91515577 209678
14 306 rs8009181 55583424 3 0.01201866264347014 55583424 55918302 334878
14 607 rs7149043 95116292 4 -0.01184601639819759 95096255 95145969 49714
14 568 rs12589587 91611001 3 0.011783022506863 91590988 91611001 20013
14 330 rs268819 58032340 3 0.01175517971713337 57931920 58042753 110833
14 482 rs10467836 80015910 6 -0.0117520074894337 79967761 80131977 164216
14 676 rs1257499 99566723 3 0.01171541175349479 99529685 99567351 37666
14 51 rs970348 23069853 1 0.01162854842988633 23041656 23094134 52478
14 212 rs10129590 40114919 11 -0.01143198988712655 39983128 40164269 181141
14 149 rs17460823 33586563 2 0.0113402974715861 33555133 33588166 33033
14 529 rs1289253 87039711 2 -0.01127664338333939 87039711 87223394 183683
14 471 rs177143 78590808 1 0.01105585843638524 78566596 78608741 42145
14 582 rs12434016 92938553 4 -0.01103129592545526 92928693 92959940 31247
14 615 rs12879866 95386262 3 -0.01077166371575088 95361596 95390794 29198
14 358 rs12372849 62445986 4 -0.01064072821171539 62435628 62502992 67364
14 647 rs10145396 97255679 6 0.01061764617975932 97181785 97345806 164021
14 510 rs1241906 84142036 7 0.010605245573185 84094388 84229254 134866
14 451 rs2360994 76791166 2 -0.01056387928035788 76780467 76867629 87162
14 206 rs10145516 38721995 3 -0.01049569928456961 38721995 38752752 30757
14 736 rs3924892 105494262 5 0.01049138457776226 105457161 105596054 138893
14 44 rs17198047 22690191 5 0.01041568902090463 22652562 22737591 85029
14 250 rs17119157 48295447 5 -0.01040894854020241 48182641 48342605 159964
14 375 rs872296 65161430 3 -0.01026151194111787 65049394 65174586 125192
14 696 rs12897601 101182284 5 0.01021680895998554 101170488 101224922 54434
14 109 rs7155255 29695661 2 0.01015307137417654 29444668 29695661 250993
14 397 rs1465788 69263599 6 0.01005797262698878 69164958 69273905 108947
14 403 rs1275824 70194563 4 0.00999685901611677 69984560 70198189 213629
14 263 rs4900974 50462432 2 0.00959854499189103 50462432 50484040 21608
14 661 rs966047 98273349 3 0.00951137232162234 98273349 98282225 8876
14 380 rs2411915 65794692 4 0.00950482062187377 65746566 66016212 269646
14 43 rs2178787 22604418 4 0.0094419568299444 22595277 22611467 16190
14 668 rs10151617 98996159 1 -0.00937748671191085 98996159 99053964 57805
14 399 rs12050161 69360631 1 0.00920331795908728 69360631 69414378 53747
14 406 rs7142362 70416718 3 0.0091109100493888 70401814 70466081 64267
14 673 rs1257613 99448000 2 0.00905432590385173 99434288 99474165 39877
14 660 rs1350922 98246190 1 0.00903959666207309 98229487 98263147 33660
14 721 rs1969852 103705842 1 -0.00876821301489943 103694512 103707417 12905
14 600 rs1956451 94620193 2 0.00850077546747774 94585064 94756750 171686
14 667 rs8021007 98943569 4 0.00837197090376221 98815056 98964100 149044
14 720 rs2771396 103660158 1 0.00836061204789109 103617950 103679153 61203
14 723 rs6575979 103841018 2 0.00803349311374343 103841018 104165753 324735
14 713 rs7152164 102536073 1 0.00800848392035168 102347792 102536073 188281
14 733 rs4247027 105139894 3 0.00795850122764928 105100021 105139894 39873
14 666 rs8015534 98775497 6 -0.00790206209667286 98682107 98793610 111503
14 563 rs1286496 91027608 4 0.00783391771818056 90983296 91043669 60373
14 265 rs10139934 50987481 4 0.00779680983941441 50810390 51124227 313837
14 22 rs1885318 21244696 1 -0.00775425343726064 21238862 21265637 26775
14 203 rs2415438 38577533 3 0.00745068710395882 38539949 38590205 50256
14 454 rs3813545 76967305 1 0.00744838603625856 76967305 76967305 0
14 377 rs17881652 65406402 8 -0.00742675129893222 65306442 65446357 139915
14 382 rs6573638 66328997 2 0.00742241705023055 66294143 66336423 42280
14 27 rs10146416 21519599 1 -0.0073274019317602504 21519599 21530532 10933
14 290 rs1424832 53702370 3 0.00722984519133418 53700341 53850018 149677
14 622 rs1209079 95846967 5 -0.00720169112208026 95844779 95877337 32558
14 555 rs243202 90048612 2 0.00718669201732665 90031107 90066451 35344
14 389 rs10873203 67974505 3 0.00717852547508885 67964355 67984540 20185
14 473 rs7158445 78719220 4 0.00715816937174257 78716226 78796967 80741
14 418 rs1009018 72465951 2 -0.00702146922589126 72409352 72473230 63878
14 664 rs7144501 98495938 4 0.00700298707753681 98449920 98498951 49031
14 223 rs1684698 42537175 2 -0.00699894472622301 42431239 42710883 279644
14 209 rs4902228 39370726 3 -0.00699291309652041 39202690 39370726 168036
14 573 rs755102 91855011 3 -0.00696594496435313 91846680 92073188 226508
14 628 rs7161223 96127082 1 0.00691443863033629 96096022 96127082 31060
14 60 rs17256141 23726814 2 0.0069088207852697 23721880 23766591 44711
14 710 rs10144492 101991506 4 0.00684078801262794 101947144 101991506 44362
14 674 rs4905794 99479669 1 -0.00680634198316577 99479669 99479669 0
14 421 rs8010242 72739064 2 0.00672369773655243 72691607 72832975 141368
14 322 rs862152 57244671 4 -0.00664161556141306 57204584 57246017 41433
14 734 rs1132975 105222037 1 0.0066402509287202 105163532 105222037 58505
14 533 rs2533005 87627303 1 0.00662431193107624 87546785 87627303 80518
14 653 rs10131135 97717525 2 0.00656472145023586 97656628 97745959 89331
14 293 rs10141869 54132654 4 0.00649023686263126 54107791 54148442 40651
14 316 rs10149559 56882189 2 0.00641495677816143 56803764 56882605 78841
14 523 rs7144487 85969521 4 -0.00641232967673222 85964610 86037541 72931
14 40 rs723879 22391433 1 0.00633746160252035 22381668 22433866 52198
14 645 rs11847642 97153198 2 0.00625534786444743 97080601 97153198 72597
14 360 rs1514928 62678303 2 0.00617786337736832 62611803 62678303 66500
14 670 rs4905738 99154133 2 -0.00608174884313541 99147232 99268957 121725
14 207 rs6650500 38940508 7 -0.00599899133039899 38786620 38984665 198045
14 226 rs1712719 43173574 2 0.0059619321449854 43152763 43173574 20811
14 415 rs36563 71352648 3 -0.0059280377947008 71352648 71640689 288041
14 331 rs1745690 58073401 2 0.0059001367262508 58054979 58106625 51646
14 408 rs41286548 70633411 3 0.00589515262375614 70583312 70648166 64854
14 722 rs7145682 103778366 1 -0.00588134817715969 103764818 103811249 46431
14 284 rs10151177 52575512 2 0.00580088103276786 52575512 52670514 95002
14 725 rs1557012 104581072 1 0.00572981006272035 104581072 104608068 26996
14 542 rs8018774 88798458 9 0.00569127542461441 88798458 89171711 373253
14 359 rs7142146 62555111 4 -0.00568498043166862 62518883 62599405 80522
14 219 rs17111162 41279247 5 0.005643709852362 41279247 41596555 317308
14 373 rs10151658 64612858 2 0.00551161718473422 64580075 64833333 253258
14 577 rs12886909 92588192 3 0.00549733431633258 92409103 92627138 218035
14 64 rs3783438 24008550 1 -0.00539731921431834 23994517 24017278 22761
14 711 rs7141459 102258662 2 0.00529393168544992 102094630 102302907 208277
14 280 rs10133203 52355387 3 0.00527242357683462 52331224 52358917 27693
14 405 rs1079903 70365001 4 -0.00526393114852365 70339755 70366437 26682
14 467 rs2886167 78311180 10 -0.00523521774965224 78130579 78370261 239682
14 137 rs12717220 32818753 3 -0.00523016328649336 32812532 32818753 6221
14 103 rs10220568 28429366 4 0.00522161225957002 28333418 28446721 113303
14 57 rs61745081 23564437 3 0.00520220031282868 23545799 23568376 22577
14 665 rs10484125 98660236 2 0.00518946769441107 98503520 98675398 171878
14 432 rs17782124 74203789 2 0.00510201469170718 74184192 74250126 65934
14 376 rs17180350 65249066 9 -0.00507754761706129 65230358 65281944 51586
14 158 rs12881368 33979974 2 0.0050580582585665 33970530 33990825 20295
14 689 rs7152866 100253163 1 0.00505034441758201 100248780 100283248 34468
14 300 rs115333865 55004449 4 0.00503957663149796 54833945 55042615 208670
14 292 rs7149928 54098459 2 0.00503785738233565 54010575 54098459 87884
14 476 rs11629205 79156785 2 0.00502952621496631 79152411 79188468 36057
14 352 rs2181985 61940910 2 0.00501484589744995 61908332 61990319 81987
14 520 rs10149105 85615940 7 0.00497777414430783 85569284 85740426 171142
14 503 rs7145839 83267946 4 -0.00490759208857057 83267946 83311943 43997
14 538 rs11848779 88275924 1 -0.00490398764858363 88256925 88383098 126173
14 501 rs17678072 83116478 3 -0.00489260979704921 83037118 83116478 79360
14 505 rs2022767 83468214 2 -0.00469196495131773 83437617 83499467 61850
14 527 rs1394706 86723836 4 -0.0046909737838062 86722953 86821900 98947
14 38 rs4329837 22237187 7 -0.00458398314643119 22220569 22337393 116824
14 556 rs4904594 90122106 2 0.00455442288638755 90106316 90137426 31110
14 355 rs10129270 62181954 1 0.00447954692878426 62108125 62213848 105723
14 737 rs3825762 105752404 2 0.00447286994309982 105673692 105752404 78712
14 39 rs2874146 22374399 1 0.00445294546174973 22340127 22377905 37778
14 485 rs7147199 80417718 7 0.00442491223471399 80408653 80551109 142456
14 552 rs243224 89954050 1 0.00439441896105539 89954050 89954050 0
14 589 rs12435423 93459859 4 0.00439176442366535 93412743 93528114 115371
14 490 rs917986 81470655 5 0.00436242497334397 81300687 81480822 180135
14 463 rs158105 77629681 2 -0.0043534427327342 77625148 77713146 87998
14 72 rs2295977 24657226 5 -0.00431636675482111 24653954 24724663 70709
14 354 rs17834568 62074238 1 -0.00423940178700501 62065848 62074238 8390
14 230 rs1389565 43836526 5 0.00422182953847714 43712564 43980703 268139
14 466 rs17105930 78007165 1 0.00412153417524229 77968581 78121359 152778
14 185 rs11627345 36403990 1 -0.00412015284683974 36347986 36403990 56004
14 83 rs17278020 25715736 3 0.00406737613396405 25631999 25724322 92323
14 472 rs4903728 78690353 2 -0.00404670843931218 78641734 78697830 56096
14 512 rs2026207 84342909 5 0.00404630862096454 84277147 84470583 193436
14 433 rs2336561 74288871 9 0.00404285977408509 74263752 74683937 420185
14 166 rs1958058 34260635 1 0.00400312077231086 34239296 34260635 21339
14 78 rs206222 25189197 2 0.00400198136175563 25182686 25253343 70657
14 255 rs17120305 49063187 6 0.00396245013052834 49025952 49187445 161493
14 291 rs1954303 53919309 3 -0.00391446056722675 53879670 53980388 100718
14 450 rs4522353 76745121 2 -0.00384664766129407 76699590 76745121 45531
14 521 rs4904245 85789611 3 -0.00383808990757521 85780554 85809911 29357
14 468 rs2302944 78390880 2 0.00383569886315399 78390060 78406473 16413
14 441 rs8013053 75790221 1 -0.00383190758274989 75790221 75790221 0
14 215 rs8013386 40343703 1 0.00375966019963356 40343703 40519413 175710
14 335 rs7140492 58520500 1 0.00372719097085747 58460588 58533854 73266
14 627 rs17092794 96038299 6 0.00369660729639447 96009307 96091222 81915
14 439 rs741847 75722496 1 -0.00369511858260306 75709566 75734471 24905
14 317 rs1307538 56920207 1 0.00366835031064212 56895162 56920900 25738
14 120 rs12436395 30706026 2 0.00355386439999144 30697199 30706026 8827
14 208 rs12435438 39084444 2 -0.00355229186452917 39001036 39181097 180061
14 121 rs6571342 30802421 1 0.00352159199372655 30802421 30816797 14376
14 52 rs943889 23169536 1 0.00351694799720729 23102784 23169536 66752
14 680 rs807567 99672966 3 -0.00347812271542257 99654322 99688743 34421
14 391 rs17782775 68204433 4 0.00344299412678447 68159269 68703741 544472
14 241 rs1906794 46196397 1 -0.00338355224033686 46091372 46268185 176813
14 456 rs17104718 77127092 2 -0.00338073785979674 77063816 77219310 155494
14 315 rs242418 56601804 1 -0.00337858570022389 56594745 56794315 199570
14 309 rs12887389 56237212 3 0.00333353255563571 56221073 56240420 19347
14 239 rs61753893 45636328 1 0.00330475722982796 45289062 45783546 494484
14 266 rs2984277 51197147 1 0.0031979951492796402 51188341 51262092 73751
14 566 rs743201 91277252 2 0.00317733160282459 91189977 91293447 103470
14 77 rs10873219 25101706 2 0.00315885575445743 25070503 25162082 91579
14 65 rs7142207 24164243 2 0.00304479517107091 24117528 24164243 46715
14 557 rs1028723 90208263 3 -0.0030099355995333002 90167470 90208263 40793
14 310 rs945272 56336645 1 -0.00295043605120459 56256651 56341221 84570
14 470 rs12590451 78541015 2 0.00292707424419683 78541015 78560462 19447
14 130 rs2378932 31983754 4 0.00291910198550075 31720844 32008055 287211
14 233 rs7153178 44373149 3 0.00290141620496902 44344532 44535160 190628
14 154 rs10148795 33845322 1 0.00272300075753568 33845322 33845322 0
14 353 rs810087 62021879 1 -0.00272266867944795 62018292 62021879 3587
14 252 rs698331 48536772 1 -0.00268021534543099 48525340 48570466 45126
14 87 rs11159541 26355383 3 -0.00264724524842524 26344308 26364940 20632
14 274 rs10147918 51898181 6 0.00261608467681119 51867607 51952408 84801
14 114 rs7160881 30032637 3 -0.00256504715305981 30003238 30137407 134169
14 507 rs162654 83778352 2 0.00255718434554217 83617067 83867535 250468
14 662 rs898918 98301261 1 -0.00254131784595801 98301261 98336618 35357
14 484 rs8003909 80300198 3 0.00253508358759594 80187637 80355341 167704
14 402 rs11622064 69810354 4 0.00252177984663388 69795199 69948858 153659
14 180 rs2275147 35271874 5 -0.00251753920860481 35173418 35369479 196061
14 268 rs11157776 51341887 1 0.00250630666429502 51324884 51341887 17003
14 428 rs17781655 73325384 4 0.00249226572687677 73260377 73329055 68678
14 319 rs4901702 57090588 5 0.00248965498751889 57032809 57122815 90006
14 107 rs1002750 29145878 4 0.00245885948438206 29049457 29172829 123372
14 541 rs3850389 88787478 1 -0.00245562192621254 88734104 88787478 53374
14 493 rs10134056 81919396 2 -0.00241689974366569 81820060 81919396 99336
14 123 rs720046 30978745 1 0.00240726507227124 30870187 30978745 108558
14 94 rs10145137 26885912 1 -0.00239886093942278 26848681 26908201 59520
14 201 rs8016889 38246440 2 0.00235638316795598 38198213 38269869 71656
14 732 rs7147000 105007815 1 0.00234965112015603 105007815 105007815 0
14 299 rs11845885 54765493 10 0.00234364223460001 54451302 54798595 347293
14 474 rs918270 79018345 6 0.00232647021412907 78889839 79018345 128506
14 508 rs10498564 83962878 4 -0.00227434225646182 83875349 83979888 104539
14 400 rs45557240 69704434 1 0.0022712980126819 69433208 69704434 271226
14 495 rs7159156 82109836 8 -0.00226886520975487 82075469 82294185 218716
14 525 rs11159732 86257811 4 0.00226874191024751 86161446 86322284 160838
14 516 rs2765912 85175316 3 0.00226287382127481 85046837 85180203 133366
14 21 rs17211691 21215600 2 -0.00222658587234945 21203159 21236181 33022
14 416 rs11158907 71987065 1 0.002222499980262 71652617 72183309 530692
14 514 rs7147015 84635493 2 0.0022072168942318 84635493 84775969 140476
14 378 rs11622328 65640434 4 0.00216032614110232 65475411 65649000 173589
14 606 rs12895360 95038922 4 0.00214144278348655 95016836 95089440 72604
14 619 rs10149382 95712417 1 -0.00211332523589214 95705236 95749011 43775
14 222 rs966489 42327831 5 -0.00209696600449919 42184671 42408943 224272
14 465 rs149849326 77944624 4 0.00209084226819653 77843384 77957377 113993
14 349 rs872147 61778915 1 0.00205554727838573 61692955 61798825 105870
14 234 rs10220539 44586864 1 0.00204154160230755 44566484 44612482 45998
14 590 rs12895695 93595051 3 0.00200994504277026 93565816 93684814 118998
14 95 rs6575139 27174402 2 0.00198460529846238 26935221 27200025 264804
14 228 rs1349249 43392409 7 0.00191725264428391 43367596 43433535 65939
14 129 rs7157080 31553720 4 -0.00189769372692538 31433473 31583512 150039
14 698 rs8012953 101323211 1 -0.00188686019811219 101309759 101323211 13452
14 24 rs2771358 21422666 1 0.00187894175553179 21343164 21436124 92960
14 253 rs4492969 48576462 2 -0.00186905875052445 48576462 48868609 292147
14 464 rs2193594 77786021 2 -0.0018532807526878 77726516 77810543 84027
14 287 rs11623917 52921896 5 -0.00185212728879206 52908825 53154350 245525
14 199 rs911008 37462847 3 0.00183312999641825 37449287 37738197 288910
14 609 rs8016615 95187870 1 0.00178912868541789 95179707 95229777 50070
14 671 rs1956885 99339897 1 -0.00177983804269108 99272231 99365099 92868
14 361 rs1913627 62725776 3 0.00177524239782899 62718847 62910868 192021
14 458 rs6574333 77305289 2 -0.00174817711508375 77231722 77305508 73786
14 395 rs4899246 69060202 2 -0.00174692344633895 69060068 69071599 11531
14 675 rs1257676 99497912 1 -0.00170515808430681 99484879 99497912 13033
14 48 rs4982619 22844970 2 -0.00164211287731565 22795270 22930158 134888
14 0 rs1972373 20445370 1 -0.0016380233568533 20425051 20466824 41773
14 283 rs2029980 52501235 6 -0.00162816542995862 52469647 52567361 97714
14 264 rs1014879 50612401 3 -0.0016190785188019501 50518636 50802727 284091
14 281 rs10498440 52413573 3 0.00160223941588573 52378020 52425506 47486
14 587 rs17128633 93306484 2 0.00159963518864735 93239329 93372370 133041
14 580 rs8019360 92892713 2 -0.0015911976054298301 92849593 92911351 61758
14 715 rs4906220 103009367 1 -0.00159082106622509 103009367 103009367 0
14 339 rs856213 59239852 1 -0.00159040418952947 59231914 59318961 87047
14 5 rs8010116 20723695 1 0.00158890980212477 20712322 20731947 19625
14 258 rs2352918 49460174 3 0.00158713500122197 49423399 49575029 151630
14 7 rs2228041 20852267 3 0.00158492710600081 20846950 20863070 16120
14 652 rs943587 97636701 1 0.00158456219297367 97618412 97636701 18289
14 76 rs7159825 24971136 2 -0.00158058751472717 24908047 25045130 137083
14 374 rs745686 64930632 5 0.00157083541753908 64882380 64995694 113314
14 224 rs1499378 42930316 3 -0.00156256351855762 42731966 43030843 298877
14 178 rs4982180 34921900 1 0.00156087859887371 34879025 34921900 42875
14 278 rs9805984 52131743 3 -0.00154103351050606 52086438 52214983 128545
14 599 rs10147215 94481458 2 -0.00153524935172967 94460833 94572431 111598
14 80 rs17109307 25384645 2 -0.0015282976945147 25352748 25426899 74151
14 232 rs2182977 44279080 8 -0.00149667714588839 44150766 44293020 142254
14 135 rs11622364 32661232 4 -0.0014948409862624 32635572 32689556 53984
14 144 rs17099578 33285857 1 0.00147758999776229 33271488 33305020 33532
14 301 rs3949945 55068822 3 -0.00147478556386922 55064712 55085624 20912
14 167 rs2077841 34311717 1 -0.00145499461636691 34285469 34311717 26248
14 111 rs12433083 29895001 1 0.00143904262834151 29889699 29896499 6800
14 270 rs61755582 51489582 4 0.00142797246918366 51417886 51489582 71696
14 727 rs7148194 104662533 2 -0.00141486396046752 104662014 104699495 37481
14 413 rs11626917 71299262 3 -0.00141304046820686 71179711 71314581 134870
14 194 rs11847459 37199161 4 -0.001389524554169 37190065 37278964 88899
14 565 rs1742098 91168417 1 0.00134528493224215 91124934 91183327 58393
14 409 rs4899343 70752646 1 0.00133089640237884 70671567 70940766 269199
14 613 rs12432049 95337680 2 -0.00132079074380492 95335491 95337680 2189
14 423 rs1548685 72958725 1 0.00130454737132244 72895442 72959826 64384
14 269 rs3783273 51395083 2 0.00130428193612904 51352345 51395384 43039
14 341 rs10047930 59461017 6 -0.001293706558427 59452572 59580956 128384
14 342 rs2757117 59694643 1 -0.00129015688726485 59604251 59792874 188623
14 333 rs7152180 58286918 3 -0.00127165026608364 58262007 58295247 33240
14 294 rs210343 54180599 1 -0.00125059684507227 54172855 54187064 14209
14 417 rs36453 72334903 5 0.00123366171436414 72265949 72375278 109329
14 398 rs12590404 69331653 2 0.00120319292367845 69328022 69352230 24208
14 502 rs7148115 83176013 5 0.00120084684862623 83153368 83256589 103221
14 313 rs12893970 56474502 2 0.00119793130360651 56445406 56511463 66057
14 13 rs4981223 20971784 1 -0.00119659794896634 20971784 20992887 21103
14 362 rs17749359 62938313 4 0.00118417607415042 62925448 63047648 122200
14 337 rs311817 59079985 7 0.00115058551002889 58684804 59112677 427873
14 506 rs10131371 83587297 3 0.0011349224763297 83507309 83591673 84364
14 735 rs1048257 105404384 4 -0.00113414986042104 105368733 105435649 66916
14 14 rs8011671 21020554 1 0.00112952911171036 21006107 21020554 14447
14 171 rs980464 34568993 2 0.00112058115348154 34554548 34575688 21140
14 240 rs10400765 46041159 5 -0.00110988844162184 45850323 46079277 228954
14 593 rs4905086 94236801 2 -0.00109904972063879 94236801 94240020 3219
14 229 rs12888788 43517553 4 0.00108921075564596 43472877 43630817 157940
14 192 rs1956965 36999637 4 -0.00106840903742952 36999637 37128936 129299
14 430 rs17569474 73433450 3 0.0010556711864503 73403321 73725050 321729
14 498 rs1652583 82542096 1 -0.00105405690086137 82542096 82646801 104705
14 276 rs7143090 52044782 1 -0.0010510578233824 52010799 52044782 33983
14 475 rs17107968 79100115 1 -0.00104092913910635 79029834 79100115 70281
14 296 rs1958636 54295649 1 -0.00102550512558244 54290830 54345797 54967
14 618 rs3742332 95645872 1 0.00102170856437905 95645872 95666260 20388
14 182 rs1951276 35853388 3 -0.00101740774369377 35809244 35853388 44144
14 549 rs11846050 89811286 3 -0.00101356545024261 89748882 89811286 62404
14 6 rs1760921 20818131 3 9.71084119069559e-4 20743269 20837033 93764
14 251 rs9672030 48387621 4 9.697510285889158e-4 48356630 48484814 128184
14 511 rs10137825 84265662 1 9.205985920443496e-4 84252205 84265662 13457
14 138 rs3784182 32876958 3 9.181610945631704e-4 32842066 32876958 34892
14 336 rs17094363 58602550 4 -9.148661328863688e-4 58560475 58624198 63723
14 595 rs4905092 94300230 1 9.123002167920976e-4 94295459 94322629 27170
14 554 rs243213 90017870 1 -9.06725705169574e-4 90012563 90017870 5307
14 303 rs7157734 55138390 1 -9.013000469584382e-4 55138390 55164700 26310
14 45 rs3811266 22747055 1 8.981605354600183e-4 22741734 22756270 14536
14 522 rs10498593 85884306 1 8.71701614648737e-4 85870837 85924741 53904
14 259 rs7146952 49773025 8 8.602719390326512e-4 49609056 49838397 229341
14 492 rs45541932 81744076 3 8.476793545740009e-4 81622935 81778644 155709
14 108 rs17114286 29257152 1 -8.337504296033139e-4 29203701 29257152 53451
14 561 rs11623922 90621770 1 -7.947743140425765e-4 90600701 90660139 59438
14 67 rs11626329 24263944 1 -7.808271068957457e-4 24247710 24302673 54963
14 318 rs1959068 56999532 1 -7.730731744357846e-4 56972072 57020196 48124
14 388 rs3742855 67912792 1 -7.723093485120406e-4 67912792 67920573 7781
14 469 rs1955571 78455537 4 -7.674828242609406e-4 78434352 78531784 97432
14 248 rs4900734 47744407 3 7.555769607007167e-4 47580825 47824521 243696
14 9 rs1953225 20897676 1 7.383947823076772e-4 20897676 20903778 6102
14 288 rs1958909 53444727 5 -7.080798854124619e-4 53196348 53469891 273543
14 602 rs7151095 94889932 1 -7.022249095118507e-4 94862830 94892438 29608
14 236 rs7143770 44829276 1 6.981798084512595e-4 44723232 44862795 139563
14 624 rs4905315 95917231 1 6.895133063488112e-4 95906095 95917231 11136
14 115 rs17096078 30290431 1 -6.882265742994952e-4 30230638 30298091 67453
14 101 rs12887396 27749054 2 6.826779336124881e-4 27720455 27895275 174820
14 367 rs1467422 63684625 2 -6.745212189773239e-4 63591740 63692593 100853
14 214 rs10138059 40314470 1 -6.708274026468939e-4 40267514 40319433 51919
14 17 rs17308457 21078596 1 6.685986843395525e-4 21077476 21087223 9747
14 364 rs2101551 63181642 1 6.524228028912934e-4 63175105 63271562 96457
14 424 rs4903031 73019236 1 6.480817067968245e-4 72970502 73037708 67206
14 528 rs1954195 86978489 3 6.316745639514437e-4 86840851 86995594 154743
14 346 rs12586711 60932752 2 -6.196549114662361e-4 60789176 61550315 761139
14 50 rs1154153 23001547 2 6.099019952585578e-4 22999617 23009999 10382
14 436 rs2028377 75010561 1 6.08065237167594e-4 74978336 75010561 32225
14 323 rs7161116 57309063 1 6.072735723775254e-4 57249778 57319132 69354
14 718 rs10140685 103455008 1 5.995677799283516e-4 103404159 103490892 86733
14 4 rs9944095 20677591 3 -5.846173032711694e-4 20677591 20694968 17377
14 701 rs17172 101429659 1 5.70250163312678e-4 101395706 101459060 63354
14 513 rs10145436 84505181 2 -5.636716943394408e-4 84505181 84598224 93043
14 23 rs17254450 21325687 1 5.574987856211107e-4 21325687 21325687 0
14 515 rs8021755 85004963 5 -5.486180655246585e-4 84859706 85013821 154115
14 738 rs885883 107274052 1 -5.437214774186155e-4 107139583 107274052 134469
14 575 rs10162491 92200291 1 -5.387037724527562e-4 92159558 92293518 133960
14 679 rs1257424 99652561 2 -5.251983104991789e-4 99652561 99652561 0
14 41 rs3827932 22481705 3 5.23686723956467e-4 22481705 22483101 1396
14 431 rs78901745 73989145 1 5.219231665479557e-4 73750002 73989816 239814
14 384 rs17103156 66441939 1 5.160733310629627e-4 66428638 66475085 46447
14 638 rs12888576 96611391 3 4.975933470119757e-4 96603723 96642598 38875
14 254 rs12896750 48891210 2 4.809125068901325e-4 48891210 48999279 108069
14 179 rs17523639 34967465 4 4.710692501799533e-4 34958175 35139380 181205
14 29 rs8012439 21619771 1 -4.70536841311834e-4 21607930 21629898 21968
14 190 rs3762904 36790795 1 4.660643533416282e-4 36789729 36843139 53410
14 19 rs750142 21130632 1 4.6020544632879666e-4 21130632 21153788 23156
14 74 rs3212251 24809185 2 4.59659096142995e-4 24799358 24852046 52688
14 119 rs1956458 30663050 1 4.5921050567092103e-4 30619554 30678400 58846
14 669 rs10142934 99071280 3 -4.4557843068511634e-4 99067777 99137635 69858
14 162 rs4412895 34123372 2 -4.412842780404723e-4 34123372 34159969 36597
14 559 rs17126387 90301314 1 -4.2303959854609e-4 90295697 90451500 155803
14 116 rs1958988 30334967 2 -4.176480502930276e-4 30334967 30372765 37798
14 32 rs3752411 21968876 2 -4.093993903452964e-4 21831112 21968876 137764
14 682 rs710087 99791385 1 4.0805333833955854e-4 99791385 99793564 2179
14 630 rs1951990 96206984 1 3.962830100221764e-4 96151754 96222770 71016
14 84 rs10141125 25890119 1 -3.886051948223432e-4 25757475 25917248 159773
14 152 rs8007408 33764512 2 -3.884885712031506e-4 33744464 33792989 48525
14 712 rs1678019 102328945 1 3.881788075098336e-4 102315459 102328945 13486
14 499 rs799099 82717397 2 -3.8308199874767166e-4 82669795 82857376 187581
14 150 rs10136259 33596724 1 -3.7258983961070984e-4 33596724 33629623 32899
14 231 rs7142687 44144630 2 3.641471919421257e-4 44034561 44144630 110069
14 2 rs4981802 20651027 2 -3.543347717693125e-4 20568700 20656645 87945
14 489 rs8018254 81010253 5 3.5389743092446597e-4 81008723 81207288 198565
14 134 rs11156725 32496696 3 3.538140542406476e-4 32496696 32534297 37601
14 434 rs3742800 74761584 5 3.5300404500384085e-4 74694849 74808105 113256
14 494 rs6574661 82042781 2 -3.448565430223224e-4 81945991 82044026 98035
14 553 rs447347 89992265 2 -3.370702321686074e-4 89983256 89992265 9009
14 327 rs8010711 57612996 1 -3.2828213877879797e-4 57612996 57620026 7030
14 193 rs4477602 37151655 1 3.199089737867257e-4 37150160 37178991 28831
14 75 rs8017377 24883887 1 -3.0994027704164497e-4 24883630 24898751 15121
14 706 rs1615947 101697422 1 -3.074667541709028e-4 101689506 101710360 20854
14 25 rs2234636 21469151 1 -2.959772742843373e-4 21469151 21484183 15032
14 204 rs2812080 38654018 1 2.9551986425939257e-4 38604470 38655211 50741
14 478 rs8020920 79226876 1 2.829068777816674e-4 79219967 79226876 6909
14 31 rs1957413 21778588 1 -2.6917249047235536e-4 21716893 21785790 68897
14 536 rs1288748 88120070 1 2.6378186381089406e-4 88063092 88174839 111747
14 678 rs1273226 99607842 1 2.6139616521172527e-4 99607842 99623030 15188
14 390 rs2064928 68025448 2 -2.5834631683863e-4 68019608 68065321 45713
14 379 rs1679879 65659664 1 2.5592466465497075e-4 65659664 65691545 31881
14 629 rs1748963 96133913 1 -2.437240020326552e-4 96133913 96146893 12980
14 197 rs712399 37389296 1 2.4149961760847128e-4 37352231 37430306 78075
14 245 rs1381645 47212110 1 2.3099466694361084e-4 47115140 47212110 96970
14 531 rs17187078 87342981 3 2.2994838970026316e-4 87340357 87476592 136235
14 311 rs7148125 56358841 1 2.2920717114525163e-4 56358841 56379595 20754
14 55 rs1042704 23312594 1 2.2343579961879817e-4 23312594 23313633 1039
14 10 rs2275007 20920250 1 -2.2211260991921388e-4 20913523 20920250 6727
14 235 rs10484230 44631197 1 -2.2062665599922957e-4 44631197 44667334 36137
14 655 rs2781407 97959474 2 -2.1537628707170357e-4 97905286 97959474 54188
14 648 rs1885162 97371939 1 2.126795244134133e-4 97362657 97516313 153656
14 452 rs12435564 76911211 1 -2.1105271999507843e-4 76897213 76928471 31258
14 305 rs3783637 55348118 3 1.9634758661476927e-4 55236176 55546326 310150
14 579 rs12887171 92824871 1 -1.958705645153128e-4 92763391 92824871 61480
14 285 rs1390375 52761693 1 1.948984183709251e-4 52700209 52761693 61484
14 631 rs4905389 96260801 2 -1.9279873079187847e-4 96239755 96260801 21046
14 592 rs6575353 94205345 1 1.905593444159562e-4 94204438 94223599 19161
14 140 rs1111692 32942539 1 -1.841046058598751e-4 32942539 32949330 6791
14 526 rs7151326 86387845 1 -1.8282886425709057e-4 86387845 86634681 246836
14 707 rs7145788 101757281 1 1.809808191394678e-4 101727107 101757587 30480
14 168 rs1809461 34431277 2 -1.740124410880391e-4 34401104 34431277 30173
14 597 rs11848280 94358100 1 1.7053156477915435e-4 94358100 94378321 20221
14 641 rs2069586 96706076 1 -1.7043965627739694e-4 96706076 96740082 34006
14 596 rs12587750 94339156 2 1.6931663530858005e-4 94331816 94339156 7340
14 504 rs1959732 83412065 4 -1.6321990377199115e-4 83348149 83417466 69317
14 368 rs718362 63742585 2 1.6155878620900812e-4 63721611 63753078 31467
14 617 rs1891863 95523851 4 -1.6117938947541308e-4 95472704 95523851 51147
14 588 rs9658634 93389030 1 -1.5572272753691722e-4 93389030 93396098 7068
14 583 rs10498634 93005721 1 1.4998386759589315e-4 93005721 93005721 0
14 97 rs11623212 27350629 1 -1.4335711001052168e-4 27293442 27404781 111339
14 216 rs7158539 40698064 3 -1.3934612072042125e-4 40572241 40698064 125823
14 272 rs11851025 51803928 7 -1.3589090913468556e-4 51586467 51821239 234772
14 620 rs8003642 95796020 1 1.2873288103673933e-4 95758559 95803856 45297
14 132 rs12878913 32390458 2 -1.2713081245803394e-4 32389856 32413685 23829
14 462 rs17749908 77620817 1 -1.2600813067655008e-4 77608841 77620817 11976
14 46 rs1540268 22775479 1 -1.1632410683981956e-4 22775479 22775479 0
14 365 rs243147 63304636 1 1.1173001947096148e-4 63304384 63400786 96402
14 334 rs1028458 58446570 2 -1.1066855795416894e-4 58331315 58446570 115255
14 56 rs4982704 23363537 3 -1.0047137773970972e-4 23322613 23467280 144667
14 548 rs8009301 89660987 1 8.445411664511775e-5 89660987 89722699 61712
14 603 rs1885137 94912896 2 8.202731778787255e-5 94910363 94936062 25699
14 729 rs8016091 104807712 1 -7.649819437066703e-5 104792254 104807712 15458
14 440 rs3742768 75759060 1 7.095261453751692e-5 75759060 75782101 23041
14 169 rs12897122 34471005 1 -7.044977263362493e-5 34467340 34488042 20702
14 211 rs11844337 39916333 2 -6.854539164452499e-5 39682485 39975927 293442
14 684 rs2069492 99961830 1 -6.560760457719397e-5 99859247 99961830 102583
14 623 rs1187751 95894578 1 5.9576612439138744e-5 95891142 95894578 3436
14 308 rs7145545 56185501 1 5.79984257511592e-5 56007846 56197878 190032
14 136 rs2891193 32780576 2 5.255515559007102e-5 32695421 32781804 86383
14 118 rs8010790 30601445 1 4.720189268516543e-5 30552778 30601445 48667
14 381 rs4073416 66259394 1 4.682642131244659e-5 66046534 66283754 237220
14 86 rs1951039 26164609 1 4.189750072727272e-5 26150510 26308279 157769
14 286 rs708525 52834240 1 -4.141556349809877e-5 52782956 52892612 109656
14 621 rs942328 95823078 1 3.838901142656385e-5 95823078 95823870 792
14 202 rs1952786 38400020 1 3.704845516978326e-5 38318447 38438536 120089
14 634 rs941770 96454269 1 -3.497967482568101e-5 96399382 96526471 127089
14 54 rs2281678 23284168 1 -3.403561012227276e-5 23259699 23284168 24469
14 267 rs8016526 51310466 1 2.3879731142142685e-5 51279108 51318220 39112
14 81 rs2031937 25580391 1 2.2312551550539066e-5 25443592 25580659 137067
14 73 rs10134537 24760764 1 1.813312964869386e-5 24736390 24775846 39456
14 442 rs10151713 75795458 1 -1.711451681070513e-5 75795458 75867306 71848
14 243 rs8008719 46607899 1 -1.4589928520291191e-5 46528754 46738855 210101
14 350 rs1033908 61816227 1 9.783527288929832e-6 61816227 61817533 1306
14 35 rs10047948 22078529 1 -9.011233341650371e-6 22054718 22080155 25437
14 407 rs150950 70535899 1 -7.013277390114561e-6 70474008 70553891 79883
14 591 rs7154324 94096175 3 4.0177128314314e-6 93708759 94160611 451852
14 188 rs1958612 36673875 1 2.0336425941262283e-6 36536949 36681923 144974
