CHR Group SNP.lead BP.lead Size W BP.min BP.max BP.width
22 326 rs12627970 39721745 7 0.14860540593394808 39659773 39721745 61972
22 54 rs7291930 20876509 1 0.05192071634257041 20778066 20903410 125344
22 294 rs2284033 37534034 3 0.0495407873271966 37524619 37535471 10852
22 194 rs1002189 30771458 8 0.04871531778763742 30679387 30796422 117035
22 338 rs4822024 41757647 6 0.04430196059208348 41648502 41799106 150604
22 64 rs1210606 21452237 1 0.03944841907828492 21438417 21452237 13820
22 328 rs2294360 39897792 2 0.03642927960873574 39897792 39941154 43362
22 341 rs5996130 42612297 4 0.03583916490558648 42379813 42685537 305724
22 339 rs9607852 42258272 5 0.03467741864099613 41961831 42282012 320181
22 96 rs1041749 24846391 5 0.0322820421453181 24755025 24946924 191899
22 363 rs2401203 44284854 4 -0.02758762871431711 44220673 44286950 66277
22 37 rs5748167 19370586 2 0.0261260683919298 19310812 19505531 194719
22 48 rs2531708 20017445 8 0.0253893501697605 19956781 20020229 63448
22 335 rs6001931 40877514 7 0.0235525728843298 40729614 41075543 345929
22 516 rs140522 50971266 5 0.02230601977611059 50937445 50971752 34307
22 23 rs439231 18319179 3 0.02112992253630814 18299197 18319179 19982
22 4 rs917838 17492452 2 -0.02045109198714635 17492452 17492452 0
22 428 rs13057352 47095235 2 0.02024962029329339 47091321 47103512 12191
22 249 rs204276 34744069 4 0.01931920607446725 34646980 34799261 152281
22 266 rs4820201 35970204 5 0.01892038743236557 35970204 35982672 12468
22 200 rs4820902 31165724 4 -0.01824956667724303 31160539 31249333 88794
22 107 rs139762 25307571 2 -0.01821999951413499 25307571 25320371 12800
22 83 rs5759742 23700907 1 0.01771293084369617 23700907 23700907 0
22 136 rs5752327 26844070 7 0.01746030049032873 26794102 26909750 115648
22 310 rs143910997 38321806 4 -0.01734340543947055 38093169 38447444 354275
22 408 rs6006756 45884487 2 0.01698697953698778 45864459 45892433 27974
22 343 rs733278 42811919 3 0.01698031173115766 42776276 42822283 46007
22 329 rs2413599 39952098 3 0.01663006679026982 39947068 39989216 42148
22 396 rs1894521 45337943 2 -0.0166167513785779 45333182 45353413 20231
22 337 rs139480 41626663 4 0.01650961242758521 41418154 41626663 208509
22 514 rs11555194 50876662 8 0.015915251853615 50814075 50876662 62587
22 398 rs1005617 45421242 4 -0.0158958633960426 45421242 45435202 13960
22 267 rs5755820 36041562 2 -0.01553622130154787 36006322 36041650 35328
22 120 rs739281 26277148 1 0.01513816793318492 26266939 26278427 11488
22 327 rs5757670 39829736 2 0.01491228193818359 39781585 39829736 48151
22 517 rs131749 51024624 1 0.01478550558298785 50990669 51024624 33955
22 348 rs738533 43172308 2 0.01473369575880329 43162952 43179166 16214
22 49 rs9606241 20075858 8 0.01445244375614224 20037315 20100596 63281
22 84 rs2330452 23754578 2 0.01392714762252732 23752398 23754578 2180
22 145 rs13054025 27222059 1 0.01385498215785645 27222059 27222286 227
22 206 rs16989291 31971282 3 0.01347334438868142 31838085 32027449 189364
22 494 rs11703376 49678713 1 0.01337896294280675 49671776 49679043 7267
22 440 rs6008118 47683805 1 -0.01328832178878012 47683805 47688003 4198
22 158 rs9620665 27557030 4 -0.0131841278065127 27557030 27561500 4470
22 166 rs136923 27785809 2 0.01266528766100467 27779122 27785809 6687
22 38 rs2157727 19565395 3 0.01220041168562985 19534856 19567149 32293
22 216 rs11703151 32849712 2 0.01217273411196856 32847116 32849712 2596
22 478 rs13056461 49155087 2 0.01217209599385437 49154931 49175009 20078
22 381 rs135938 44812036 1 -0.0121020716843805 44812036 44812036 0
22 127 rs134716 26507446 3 -0.01205431057362413 26485668 26507645 21977
22 287 rs4821540 37241788 1 0.01182310696452251 37241788 37241788 0
22 472 rs6010520 49028732 6 -0.01173507337028113 49027446 49033984 6538
22 469 rs133503 48911602 2 -0.01163024372756565 48906295 48918829 12534
22 67 rs4821112 21964761 3 0.01160906868615652 21917190 21982892 65702
22 377 rs5766627 44750243 2 -0.01081338613652886 44747100 44750621 3521
22 301 rs2284051 37710569 1 0.01073202208751549 37699377 37710569 11192
22 493 rs8140508 49610259 3 0.01046519205452653 49593847 49623181 29334
22 214 rs35856742 32810378 2 -0.01046054272486116 32773266 32823071 49805
22 172 rs723184 27962517 3 0.01041531930407309 27962517 27968208 5691
22 289 rs5756379 37275904 8 -0.01030264292202818 37268555 37310046 41491
22 233 rs16992276 33801983 3 0.00992106567473772 33771672 33801983 30311
22 317 rs5757166 38995385 3 0.00987924900785313 38995385 39138332 142947
22 513 rs34163881 50655543 1 -0.00973687302356246 50655543 50660137 4594
22 435 rs4823464 47489470 2 0.00967020777352563 47454664 47489470 34806
22 260 rs2103642 35631590 4 -0.00963304466865195 35544775 35631590 86815
22 75 rs16985150 22525600 3 0.00956792818689354 22504946 22548831 43885
22 307 rs8140025 37910395 1 0.0095003646884541 37910395 37929759 19364
22 24 rs1072405 18406068 5 0.00946374811421513 18350514 18444657 94143
22 190 rs2857651 30075052 2 0.00923404478858115 29886043 30079213 193170
22 342 rs739150 42728168 4 -0.00919050378394087 42698800 42742451 43651
22 183 rs5752793 29160314 4 0.00907102379497066 29100711 29300306 199595
22 319 rs2413552 39300936 2 -0.00897857521833114 39287355 39300936 13581
22 262 rs743811 35792974 1 0.00892540893731904 35792974 35818398 25424
22 431 rs974226 47230348 3 0.00878286656774697 47171456 47230348 58892
22 203 rs5753469 31526811 2 -0.00865705595555896 31487701 31526811 39110
22 140 rs4822763 27060641 6 -0.00838252677039239 27054179 27110259 56080
22 225 rs130559 33188536 9 -0.00825790275291249 33159636 33234931 75295
22 482 rs12158344 49214032 5 0.00813629271164612 49212730 49228507 15777
22 302 rs5750423 37734452 1 0.00807069203764794 37728491 37734452 5961
22 434 rs4476 47440669 2 -0.00802507038990765 47385342 47440669 55327
22 358 rs11704418 43705678 2 -0.00782560125695705 43685657 43705678 20021
22 219 rs743762 32959350 2 -0.00766014135816001 32959350 32971900 12550
22 303 rs4821653 37771985 1 0.00759574826750508 37761813 37771985 10172
22 473 rs9617493 49065116 5 -0.00742521405364644 49050435 49069776 19341
22 232 rs5998876 33729763 5 0.00738412516830419 33728035 33743341 15306
22 88 rs131429 23925779 1 -0.00737927651663107 23925779 23925779 0
22 186 rs132372 29604561 1 0.00718906474494079 29596502 29604561 8059
22 213 rs5753991 32738182 2 0.00716962540483487 32729530 32771017 41487
22 370 rs5764558 44544028 2 0.00697239737739132 44530420 44544028 13608
22 446 rs10460765 47944748 3 0.00695941877819058 47940908 47944748 3840
22 177 rs4820773 28102627 2 -0.00693731219558383 28071675 28103259 31584
22 123 rs9613049 26345603 1 0.00680713881768698 26330370 26346108 15738
22 124 rs9306419 26369358 1 0.00680347659290312 26369358 26369358 0
22 199 rs4820897 31117495 1 0.00678256083891314 31070493 31141239 70746
22 41 rs5748371 19636858 1 -0.00670114672589614 19634330 19636858 2528
22 228 rs9609689 33433761 4 -0.00661263144516803 33366051 33433761 67710
22 95 rs17854874 24468386 4 0.00637765878302754 24460593 24639069 178476
22 330 rs136858 40065322 3 -0.00627009915720766 40065322 40083730 18408
22 300 rs8139798 37660255 1 0.00615387504675614 37660255 37673781 13526
22 313 rs6001064 38638071 1 0.00590229644802212 38628306 38638071 9765
22 170 rs8136304 27917070 4 0.00583976548472179 27905428 27917070 11642
22 415 rs910923 46487902 1 0.0057960620267378 46487902 46487902 0
22 242 rs2157088 34211435 2 -0.00573845755904856 34133758 34219939 86181
22 298 rs5995396 37586000 3 0.00564734721925722 37575977 37611807 35830
22 484 rs2092779 49339278 1 -0.0056349032849184 49338361 49351767 13406
22 308 rs2235336 37958268 1 0.00561967368082994 37943299 37958268 14969
22 135 rs2226691 26789849 1 0.00533146628168458 26758375 26789849 31474
22 174 rs9613477 27989890 2 -0.00525326318184185 27988228 27989890 1662
22 208 rs5994466 32518130 6 0.00522959115986479 32355455 32533584 178129
22 77 rs2854096 23255525 3 -0.0052182716318904 23250737 23278593 27856
22 350 rs8141749 43483242 2 0.00518520523967358 43430077 43483242 53165
22 139 rs6005101 27033321 4 -0.00501216960112933 26981039 27038853 57814
22 476 rs130129 49096694 2 0.00497839197982378 49096694 49103660 6966
22 87 rs140174 23922983 1 0.00496892946491025 23922983 23922983 0
22 155 rs760529 27485345 4 0.00483365706947021 27485111 27485959 848
22 3 rs11703655 17450952 1 0.00463371012577749 17414640 17450952 36312
22 462 rs4499 48646288 4 0.00452925185591397 48603295 48646288 42993
22 427 rs875559 47034838 1 0.00448299054626727 47021203 47034838 13635
22 217 rs7292178 32859619 2 0.00437626052158332 32859619 32882121 22502
22 47 rs165631 19951816 2 0.00435331463832405 19928022 19951816 23794
22 90 rs6003847 24047657 7 -0.00432712362553597 23971028 24048368 77340
22 407 rs12172195 45813687 5 0.00429849321246459 45813687 45846472 32785
22 80 rs5751592 23497674 1 -0.00429513249232951 23482483 23569063 86580
22 240 rs240073 34086494 2 0.00426286855718778 34083987 34098342 14355
22 18 rs174330 18009909 1 0.00423713435503043 17990852 18021760 30908
22 499 rs5770391 49790713 2 0.00423596894642701 49784591 49796800 12209
22 31 rs2252257 18640300 2 -0.00416840291719353 18633978 18640300 6322
22 292 rs4820268 37469591 2 -0.00407160517022238 37424848 37470224 45376
22 366 rs9626074 44363736 10 0.00394956382772502 44324727 44395451 70724
22 518 rs14136 51048721 5 0.0039040151161606 51040546 51072161 31615
22 141 rs6005150 27122480 1 0.00390351379089498 27122480 27141605 19125
22 261 rs11704301 35711543 1 0.00389213631947177 35660875 35733654 72779
22 164 rs507070 27700919 5 0.00384218862807804 27700318 27729548 29230
22 318 rs6001251 39232763 2 -0.00382661452866073 39163856 39245618 81762
22 402 rs9626655 45612551 2 -0.00378975004267681 45589490 45612551 23061
22 66 rs460106 21806401 2 0.00367599087875869 21806401 21809185 2784
22 125 rs8139900 26394724 3 0.0036681167088316 26394724 26415475 20751
22 280 rs2011107 36890353 2 -0.00365813618388388 36870845 36900806 29961
22 347 rs12166331 43121426 2 0.00347877766781862 43110919 43122720 11801
22 151 rs6005266 27410749 1 0.00344605856391233 27410749 27413509 2760
22 412 rs3788673 45994189 1 0.00334565135037438 45988571 45997852 9281
22 471 rs10483242 48958927 1 -0.00331816527342051 48958927 48958927 0
22 279 rs139933 36845207 2 0.00329490861515054 36770038 36857291 87253
22 100 rs7287595 25208398 1 0.00323899426520065 25158445 25208398 49953
22 486 rs5769373 49411595 3 0.00313836024264133 49405594 49416063 10469
22 93 rs2330625 24207962 1 -0.0031246364085244 24192879 24207962 15083
22 71 rs915726 22281902 4 -0.00291188185533798 22262369 22329747 67378
22 433 rs136068 47344209 2 0.00288742896167671 47343997 47363413 19416
22 132 rs3788378 26715923 2 0.00283127474970979 26702015 26716432 14417
22 400 rs9306489 45525484 2 0.00276487222433641 45518890 45525484 6594
22 36 rs1060376 19196502 1 0.00271649492227512 19154522 19279641 125119
22 491 rs12170052 49571596 1 0.00269940347296324 49559242 49574991 15749
22 156 rs5761974 27497704 2 0.00266665880527412 27497704 27508858 11154
22 79 rs9624019 23407301 1 0.00266221530946651 23407301 23417677 10376
22 291 rs5756471 37404249 2 0.00265610874847796 37367928 37407527 39599
22 256 rs5750007 35347360 1 -0.00264437777807093 35347360 35356763 9403
22 149 rs5761863 27348456 2 0.0026294525217593 27331206 27348456 17250
22 272 rs80584 36555794 3 0.00260618735631882 36539754 36557550 17796
22 160 rs498789 27627416 2 -0.00252372885001882 27622907 27627416 4509
22 165 rs4302309 27751796 2 0.00251878340647012 27747270 27756300 9030
22 416 rs135549 46553308 2 -0.00251292411158013 46553021 46553308 287
22 322 rs2014881 39445380 2 -0.00243611568266273 39413668 39445554 31886
22 354 rs148458324 43618695 1 0.00242382484204853 43618695 43624305 5610
22 401 rs8135904 45568419 2 -0.0024177385208339 45535999 45568986 32987
22 222 rs13340089 33032041 2 0.00238444622296818 33003307 33033048 29741
22 35 rs4819778 19134083 2 -0.00238116358296629 19133605 19135603 1998
22 367 rs2267597 44427612 3 0.0023595542919864 44424108 44435552 11444
22 188 rs2267136 29767925 3 0.00233174399597398 29710360 29791234 80874
22 29 rs3827281 18584433 2 -0.00233044081025156 18582650 18586169 3519
22 252 rs738968 34889097 2 0.00232302240858437 34880370 34940942 60572
22 271 rs2413380 36519040 2 -0.0022759309287102 36500899 36519040 18141
22 489 rs135230 49513663 6 0.00220197649307115 49505948 49514337 8389
22 314 rs17753394 38678387 1 -0.00212548996566946 38675738 38678387 2649
22 388 rs136899 45048253 1 -0.0019870265637517 45044681 45057826 13145
22 336 rs61756762 41257393 1 0.00197024582346488 41081561 41291730 210169
22 466 rs8136255 48832904 1 -0.00191733338392301 48816766 48832904 16138
22 63 rs383331 21424414 5 -0.00191685787206425 21423908 21431181 7273
22 81 rs5751614 23593051 1 0.00185484166193953 23593051 23614426 21375
22 39 rs9606090 19593854 1 0.00182722741273603 19580185 19594436 14251
22 22 rs369081 18286672 3 0.00179026017836479 18286672 18292466 5794
22 463 rs133588 48666450 1 0.00176806174836825 48666450 48672302 5852
22 519 rs9616906 51104680 2 0.00172161250694451 51104680 51104680 0
22 138 rs9608498 26945288 2 0.00166845030317906 26942127 26960789 18662
22 283 rs2283994 37016614 1 -0.00165375316827756 37013694 37027680 13986
22 111 rs9608379 25620142 1 0.00165147212807451 25620142 25620142 0
22 461 rs5768412 48567467 4 -0.00163014968115024 48546285 48569604 23319
22 237 rs9306281 34013807 3 -0.00162613673456159 33984394 34024097 39703
22 218 rs12628631 32939719 1 0.0016221502091684 32925170 32939719 14549
22 6 rs5747008 17623408 1 -0.00162158340419237 17614011 17634050 20039
22 103 rs56123612 25251372 1 0.0016202400193989 25238729 25269518 30789
22 357 rs5759250 43673800 1 0.00161172288983726 43670386 43673800 3414
22 243 rs13057617 34247064 3 0.00156018278704633 34226660 34260738 34078
22 410 rs136753 45936121 4 -0.00153516905740682 45926585 45937149 10564
22 320 rs5757387 39333340 1 0.00148727235268872 39320828 39355109 34281
22 57 rs2072517 21115244 3 0.00148309083895477 21004805 21115244 110439
22 209 rs9606916 32567306 2 0.0014813030880186 32554997 32592390 37393
22 78 rs6003484 23379985 1 0.00139202693170315 23299769 23379985 80216
22 349 rs9607957 43218397 3 -0.00130682846236244 43193641 43390319 196678
22 154 rs713899 27469165 3 -0.0012594133873096 27438631 27473169 34538
22 187 rs3950176 29630337 1 0.00123457394198219 29630337 29636985 6648
22 196 rs118116676 30934885 1 -0.00122012345041559 30934885 30953295 18410
22 248 rs5754910 34636072 1 0.00119472222567973 34537450 34640618 103168
22 60 rs7292968 21335559 1 0.00116538602426752 21335559 21339751 4192
22 510 rs9628315 50480108 3 -0.00114637008788189 50435480 50482126 46646
22 182 rs134551 28807625 1 -0.00113914437579021 28575543 28923317 347774
22 215 rs2076051 32831809 1 0.00113122676817186 32831809 32832874 1065
22 507 rs11090995 50085210 1 -0.00109580299903965 50077362 50092148 14786
22 380 rs13055798 44787383 2 0.00107933274049056 44769535 44788913 19378
22 488 rs13056160 49459147 4 0.00107162106304618 49450131 49486490 36359
22 351 rs4988394 43516133 2 0.00105157422570172 43514886 43518822 3936
22 455 rs9615717 48381376 1 -0.00103672758694111 48371416 48381376 9960
22 362 rs34955597 43950853 4 -0.00102289513843169 43950853 44198015 247162
22 500 rs6009663 49803587 4 -0.00102015502895666 49803587 49823224 19637
22 226 rs2071947 33246032 1 0.00101444925603146 33246032 33272699 26667
22 344 rs2839705 42866614 4 -0.00101440163007024 42855099 42867898 12799
22 246 rs242885 34423169 1 -0.00100900189967775 34395171 34423169 27998
22 506 rs5770527 49932138 2 -9.775757661294403e-4 49932138 50062427 130289
22 502 rs8138283 49841479 1 9.22292247489933e-4 49841479 49841479 0
22 68 rs73166641 21998280 1 9.19183122555648e-4 21998280 21998280 0
22 450 rs738738 48180475 2 -9.157330160279088e-4 48144783 48184882 40099
22 250 rs1034394 34823828 2 9.077411230828628e-4 34811838 34828825 16987
22 128 rs134760 26573345 1 -8.960579346378561e-4 26565156 26597805 32649
22 137 rs2283821 26924149 2 -8.836508338875401e-4 26916722 26924336 7614
22 394 rs5766113 45251423 2 8.778066748118987e-4 45248283 45255043 6760
22 512 rs138220 50550808 2 8.721669293087358e-4 50515270 50599466 84196
22 460 rs16994730 48514296 1 8.673715433012234e-4 48514296 48538763 24467
22 321 rs2142833 39392296 2 8.563781740475301e-4 39392296 39407399 15103
22 414 rs11090654 46160991 2 8.548674305420784e-4 46154366 46255004 100638
22 364 rs4823103 44304419 1 -8.510438127784181e-4 44304419 44304419 0
22 316 rs138392 38807144 1 -8.347588222770621e-4 38807144 38840221 33077
22 255 rs5999603 35272702 2 -8.152984231153414e-4 35272702 35337195 64493
22 70 rs5999264 22095920 1 7.806633752386853e-4 22082820 22204793 121973
22 296 rs12167757 37567490 1 -7.688281311325116e-4 37567490 37567490 0
22 152 rs134932 27425365 3 7.624762348717292e-4 27425162 27425365 203
22 34 rs10854539 19037734 2 -7.605980196844109e-4 19037734 19120959 83225
22 265 rs13054394 35950648 3 -7.342888482911292e-4 35938381 35952603 14222
22 445 rs6008243 47910705 1 -7.303546903571345e-4 47862727 47910705 47978
22 94 rs7293178 24248370 3 -7.045529686155135e-4 24226890 24270777 43887
22 464 rs11090830 48726996 1 -7.020950338783134e-4 48725114 48726996 1882
22 207 rs1013703 32144879 3 -6.696113853067306e-4 32054026 32324140 270114
22 184 rs4823003 29410232 6 -6.545088709940736e-4 29378708 29454477 75769
22 62 rs2072550 21386019 3 6.483353581447529e-4 21381646 21386019 4373
22 205 rs11089495 31685129 3 6.320394389627796e-4 31543260 31696615 153355
22 245 rs7284214 34326399 2 -6.304285107622291e-4 34320457 34332195 11738
22 5 rs738033 17599844 3 6.082728953950636e-4 17589209 17599844 10635
22 459 rs5768350 48494758 1 5.989768163651426e-4 48494758 48501694 6936
22 253 rs5999506 35096084 1 5.896126365552084e-4 35033249 35131487 98238
22 451 rs4823703 48222045 1 5.890998347460486e-4 48222045 48269511 47466
22 1 rs4819535 17278762 5 5.778216994371686e-4 17278762 17329601 50839
22 116 rs4822649 26163003 1 5.720050148362928e-4 26159289 26164413 5124
22 150 rs2157465 27381346 1 -5.656111464122875e-4 27381346 27381346 0
22 392 rs3788630 45191504 2 5.386226717329307e-4 45191504 45192660 1156
22 12 rs4819996 17790731 2 5.367036679927284e-4 17790731 17790731 0
22 456 rs5766980 48406571 2 -5.344256755915186e-4 48396779 48424743 27964
22 254 rs5755319 35211173 1 5.242245026456629e-4 35157380 35226671 69291
22 43 rs1557627 19677207 2 -5.166988435755203e-4 19659099 19678655 19556
22 230 rs137326 33523109 1 5.025870861975979e-4 33523109 33558767 35658
22 425 rs5767244 46924254 2 5.019760964118023e-4 46919541 46924254 4713
22 117 rs5996973 26185235 1 4.897509682574803e-4 26173661 26192077 18416
22 376 rs9614891 44737646 1 -4.744604209440475e-4 44737646 44744080 6434
22 437 rs754890 47556231 3 -4.617612015645323e-4 47548112 47556231 8119
22 53 rs361640 20753615 1 4.6041399038949666e-4 20753615 20753615 0
22 395 rs4823418 45315232 1 4.596445320944637e-4 45303255 45320631 17376
22 277 rs136148 36652931 1 4.568268205164075e-4 36652931 36661842 8911
22 383 rs12628484 44881837 3 -4.510465943505232e-4 44834292 44881837 47545
22 231 rs5998822 33628586 1 4.483951460616084e-4 33563617 33637087 73470
22 378 rs8138173 44760039 1 4.480568008092112e-4 44760039 44760039 0
22 495 rs7290877 49684418 1 -4.443928202914595e-4 49684418 49685455 1037
22 467 rs9615893 48851078 1 4.380055939156234e-4 48838815 48851078 12263
22 312 rs6001027 38545619 1 4.288977875655119e-4 38509439 38569006 59567
22 167 rs79556 27814314 2 4.2631762401543585e-4 27802721 27818766 16045
22 195 rs35764129 30856121 3 4.1926156025755496e-4 30850395 30891300 40905
22 159 rs550260 27575542 4 -4.151007845894135e-4 27565958 27613318 47360
22 110 rs4820621 25608548 2 4.0957277490914746e-4 25608548 25608548 0
22 40 rs1476445 19621011 1 4.026622410493009e-4 19609943 19623386 13443
22 281 rs5756233 36935796 2 3.82839118335147e-4 36923499 36941065 17566
22 143 rs4822799 27191942 1 -3.825582216401372e-4 27189536 27191942 2406
22 229 rs5998709 33445313 2 -3.818895636703226e-4 33445313 33502167 56854
22 113 rs760555 25872837 2 3.7137251550709786e-4 25872592 25924444 51852
22 221 rs16990808 32994093 2 -3.6756836297767e-4 32994093 32995751 1658
22 163 rs768784 27690377 1 3.668712852096605e-4 27689956 27690377 421
22 371 rs9614207 44567435 1 -3.65266261508473e-4 44567435 44576132 8697
22 259 rs7289467 35518987 2 3.552236286209759e-4 35516556 35519850 3294
22 14 rs5746366 17890558 1 3.4952381385432456e-4 17890558 17890558 0
22 503 rs12158315 49874136 1 -3.4828501886287534e-4 49874136 49874509 373
22 118 rs8143030 26222247 1 3.416107600324926e-4 26193824 26222454 28630
22 323 rs139298 39497452 1 3.4055370403511455e-4 39497452 39510995 13543
22 223 rs2008206 33124633 2 -3.3859962723085355e-4 33116109 33133885 17776
22 89 rs7288250 23938204 1 -3.3470097192566804e-4 23938204 23938204 0
22 198 rs9606756 31006860 1 -3.342144457462135e-4 30986172 31046587 60415
22 270 rs5756047 36425725 1 3.291066595447761e-4 36259560 36443705 184145
22 169 rs2092741 27888434 2 3.1419937812294423e-4 27886736 27896011 9275
22 374 rs135406 44672019 1 -3.0397612802191573e-4 44672019 44681317 9298
22 477 rs13057875 49115231 1 -3.024468514437312e-4 49112879 49128427 15548
22 386 rs2349634 44973739 1 3.004421016969967e-4 44973739 44973739 0
22 114 rs542162 25938025 1 -2.9022012262837707e-4 25938025 26069727 131702
22 56 rs7290923 20999208 1 2.8946817208447213e-4 20999208 20999208 0
22 181 rs2143180 28298336 4 -2.78903884669523e-4 28288136 28368266 80130
22 442 rs131853 47763158 1 -2.7508287105233086e-4 47748531 47763158 14627
22 32 rs450046 18901004 2 2.7494370685643996e-4 18901004 18912678 11674
22 45 rs1053001 19833781 1 -2.7125872079974327e-4 19814714 19849501 34787
22 275 rs6000197 36603294 3 2.701174996264633e-4 36602779 36603294 515
22 372 rs16991639 44595239 1 2.5768189857713853e-4 44583246 44597929 14683
22 234 rs713740 33832735 2 2.550941725912588e-4 33826566 33847286 20720
22 373 rs5764659 44646105 1 2.5439188259066827e-4 44599531 44646105 46574
22 299 rs13054809 37650844 2 -2.2392964107188792e-4 37618637 37650844 32207
22 192 rs5763662 30378703 9 -2.1454389663959524e-4 30240575 30597810 357235
22 379 rs763041 44763752 1 2.0400506071416817e-4 44763651 44763752 101
22 453 rs12165477 48305427 2 2.034113691964077e-4 48295417 48321429 26012
22 387 rs9614840 45012097 1 -2.026278059861229e-4 45003748 45012097 8349
22 161 rs932299 27661009 2 1.893579904926154e-4 27657507 27662213 4706
22 179 rs6005605 28141301 1 1.8713674701441443e-4 28135297 28141301 6004
22 119 rs5996988 26247456 1 -1.777717031123322e-4 26227767 26254248 26481
22 353 rs2071724 43577048 2 -1.7583966695919852e-4 43577048 43615005 37957
22 69 rs447001 22010918 1 1.7437798749239252e-4 22010918 22068740 57822
22 92 rs5760066 24187820 1 1.6927511696695523e-4 24121378 24187820 66442
22 352 rs138915 43556316 2 1.6909654103705363e-4 43550149 43559137 8988
22 33 rs2023634 18972450 1 1.6387103511309055e-4 18972450 18972450 0
22 448 rs6008297 48009277 1 -1.5674873820271083e-4 48009277 48010698 1421
22 146 rs136526 27245137 2 -1.474432080045419e-4 27227219 27248025 20806
22 28 rs5992985 18545634 1 1.3172931429065337e-4 18545634 18549740 4106
22 180 rs3819658 28160074 1 1.263160891686181e-4 28160074 28160972 898
22 97 rs4820599 24990213 1 1.0988840285267752e-4 24990213 24991895 1682
22 426 rs5767265 46964267 1 1.0674522141588389e-4 46964267 46980242 15975
22 109 rs726133 25473134 1 1.0008402617957424e-4 25473134 25572748 99614
22 211 rs5994515 32655284 1 1.0004383390025528e-4 32650200 32655284 5084
22 405 rs3788643 45686090 1 -9.500636056268296e-5 45680473 45686090 5617
22 11 rs5747037 17724093 1 -8.279228339629921e-5 17724093 17724093 0
22 290 rs1801114 37333804 1 6.91365238696362e-5 37333804 37333804 0
22 193 rs7289095 30658722 1 -6.269304467617319e-5 30658722 30658722 0
22 331 rs6001679 40169926 3 6.216436368127875e-5 40169926 40326174 156248
22 42 rs1985884 19643245 1 -5.718347219790932e-5 19643245 19643245 0
22 104 rs139724 25284829 1 4.644856343483898e-5 25284829 25284829 0
22 286 rs4820250 37197530 1 -4.297465168642461e-5 37197530 37201891 4361
22 61 rs398577 21362849 1 3.792179685231185e-5 21352181 21362849 10668
22 340 rs7293091 42341308 1 3.6087131834517494e-5 42338152 42344266 6114
22 247 rs2213325 34474560 1 3.518704746379573e-5 34466882 34474560 7678
22 157 rs9608581 27533998 1 -3.419051199048433e-5 27533998 27548374 14376
22 404 rs6006973 45665663 1 2.9412935811339616e-5 45665663 45665663 0
22 251 rs12170276 34847027 1 1.368349751586408e-5 34842677 34859793 17116
