CHR Group SNP.lead BP.lead Size W BP.min BP.max BP.width
18 6188 rs1790588 67535184 1 0.02890036561822634 67535184 67535184 0
18 688 rs1441002 7887531 1 -0.0214307098810251 7887531 7887531 0
18 6189 rs1788103 67538824 2 0.0209830294734949 67538824 67538824 0
18 2483 rs1540043 33691313 1 0.01944779132802706 33691313 33691313 0
18 5092 rs17773430 57963117 2 0.01755676135149152 57963117 57963117 0
18 266 rs11665524 2978535 1 0.0170985748090473 2978535 2978535 0
18 3140 rs1835499 40335882 1 0.0169314080365748 40335882 40335882 0
18 5682 rs12455246 63498880 1 0.01284545448215776 63498880 63498880 0
18 4810 rs4309483 56085917 1 0.01279948575205371 56085917 56085917 0
18 1142 rs3859299 13462726 1 0.01220389402290041 13462726 13462726 0
18 4848 rs7238217 56227820 1 0.01215033933152163 56227820 56227820 0
18 4931 rs17835556 56818766 1 0.01190330401624542 56818766 56818766 0
18 4868 rs1059442 56416693 1 0.01161898359186956 56416693 56416693 0
18 5391 rs1005793 60890160 1 -0.01111388206884404 60890160 60890160 0
18 369 rs8085726 4370882 2 0.01055378462172499 4370882 4370882 0
18 3192 rs2622781 41081332 2 -0.01048771609665598 41081332 41081332 0
18 1072 rs2847286 12817815 1 -0.01020747421634077 12817815 12817815 0
18 1865 rs8088478 26413621 1 0.00999368350947326 26413621 26413621 0
18 1304 rs2278452 20774097 1 0.00987533752193323 20774097 20774097 0
18 1050 rs2096847 12415136 1 0.00982288821936617 12415136 12415136 0
18 6798 rs7228334 73500233 1 0.0096996690872448 73500233 73500233 0
18 6342 rs649809 69160304 1 0.00968723455504431 69160304 69160304 0
18 2567 rs61735998 34289285 2 0.00965535893892737 34289285 34289285 0
18 3379 rs2885242 42807219 1 -0.00917732077964696 42807219 42807219 0
18 3813 rs2000813 47093864 2 -0.00881586122806511 47093864 47093864 0
18 1386 rs35693789 21747400 1 0.00879698026310613 21747400 21747400 0
18 293 rs1785272 3314310 1 0.00868715604909232 3314310 3314310 0
18 2628 rs8092743 35279922 1 -0.00866427286920138 35279922 35279922 0
18 4772 rs7243662 55859854 1 -0.00864402861816123 55859854 55859854 0
18 1634 rs7226601 23877833 1 -0.00862157841007539 23877833 23877833 0
18 998 rs7239176 11452145 1 0.0077936481062197 11452145 11452145 0
18 779 rs4798712 8890011 1 0.00759834699608248 8890011 8890011 0
18 4836 rs17065127 56202231 1 0.007469208593679 56202231 56202231 0
18 6013 rs17078903 65982452 2 0.00743736485022016 65982452 65982452 0
18 4879 rs4245278 56510060 1 -0.00716296662274291 56510060 56510060 0
18 4691 rs12958967 55315959 2 0.00698465333653269 55315959 55315959 0
18 5072 rs17066582 57768527 1 -0.00685393068731572 57768527 57768527 0
18 2538 rs12963484 34116301 1 -0.0067349277561528104 34116301 34116301 0
18 1374 rs1994419 21665224 1 -0.00664890982173973 21665224 21665224 0
18 764 rs55676538 8819246 1 0.00637892239710216 8819246 8819246 0
18 6072 rs17080654 66898945 2 -0.00636788964010399 66898945 66898945 0
18 5117 rs12606949 58165167 1 -0.00634703299868288 58165167 58165167 0
18 6665 rs1573486 71955979 2 -0.00622250130476783 71955979 71955979 0
18 475 rs7242770 5647875 1 0.00613781503775486 5647875 5647875 0
18 2505 rs1057251 33848581 1 0.00603195871320971 33848581 33848581 0
18 1381 rs2278664 21719327 1 0.00603182733428549 21719327 21719327 0
18 949 rs12608436 10797856 1 -0.00580255492134671 10797856 10797856 0
18 113 rs8090522 1542523 1 0.00570460573682793 1542523 1542523 0
18 6651 rs3737512 71816278 1 -0.00567322466587027 71816278 71816278 0
18 3939 rs11082811 47763296 1 0.00546967971749596 47763296 47763296 0
18 108 rs177953 1495271 1 -0.00545518992134641 1495271 1495271 0
18 3740 rs1038670 45898195 2 -0.0054300361735660696 45898195 45898195 0
18 4568 rs1630842 53849251 1 -0.0051130529480849 53849251 53849251 0
18 4539 rs9945732 53593297 2 -0.00507897813912756 53593297 53593297 0
18 5271 rs567629 59641926 1 0.00503947336251995 59641926 59641926 0
18 6010 rs17078836 65950029 1 0.00488157093769118 65950029 65950029 0
18 82 rs789029 1053252 1 -0.00474984066367986 1053252 1053252 0
18 17 rs618671 362199 1 0.00467642757390831 362199 362199 0
18 5896 rs2448731 65376601 1 0.00464997653809236 65376601 65376601 0
18 6423 rs4572503 69935826 1 0.00463311934820281 69935826 69935826 0
18 5135 rs614729 58229212 2 -0.00458784834581705 58229212 58229212 0
18 852 rs7238421 9785042 1 -0.00448225716378061 9785042 9785042 0
18 5533 rs4292016 61868222 1 -0.00443905235939709 61868222 61868222 0
18 3446 rs10502868 43153949 1 0.00439285863206996 43153949 43153949 0
18 406 rs1501044 4951802 1 -0.00438654289556843 4951802 4951802 0
18 811 rs16955101 9429811 1 0.00436970396725359 9429811 9429811 0
18 4878 rs7228600 56508351 1 0.00433164154736913 56508351 56508351 0
18 4606 rs7233847 54451284 2 -0.00432556145281344 54451284 54451284 0
18 3018 rs16975117 39229518 1 -0.00427250231592906 39229518 39229518 0
18 3744 rs937019 45981769 1 0.00426607879591563 45981769 45981769 0
18 3093 rs7229024 39948375 1 0.00424668329641487 39948375 39948375 0
18 4398 rs588705 51763722 2 -0.00424123784449507 51763722 51763722 0
18 5376 rs6567313 60702324 1 0.00421906040599268 60702324 60702324 0
18 2110 rs8085523 29027757 1 -0.00410510064854343 29027757 29027757 0
18 2115 rs8094212 29034304 1 0.00409126319645706 29034304 29034304 0
18 5428 rs7230508 61226159 2 0.00401790924659076 61226159 61226159 0
18 6848 rs17058811 73785500 1 -0.00398261564889678 73785500 73785500 0
18 2130 rs1791235 29126670 1 -0.0039643631863143 29126670 29126670 0
18 6294 rs17083850 68848130 1 0.00388348079044493 68848130 68848130 0
18 625 rs8088532 7082526 2 0.00377458440811073 7082526 7082526 0
18 511 rs8088340 5836382 1 0.00371062627222637 5836382 5836382 0
18 4989 rs11152149 57127051 1 -0.00363999596911671 57127051 57127051 0
18 5734 rs8097294 63964551 1 0.0036136137676939 63964551 63964551 0
18 1252 rs1465501 19814796 1 0.00357442725425881 19814796 19814796 0
18 1473 rs6508330 22379964 1 0.00357067137498133 22379964 22379964 0
18 4851 rs79863383 56246818 1 0.00354028597531634 56246818 56246818 0
18 4976 rs17769526 57047921 2 -0.00351501291939707 57047921 57047921 0
18 588 rs7244382 6939846 2 -0.00347471457178848 6939846 6939846 0
18 2699 rs2959219 35998626 1 -0.00347095398728591 35998626 35998626 0
18 4729 rs4591234 55582254 1 0.00339220906319065 55582254 55582254 0
18 1145 rs1940916 13510974 1 0.00334705105324708 13510974 13510974 0
18 1341 rs11663645 21067076 1 0.0032838283872203 21067076 21067076 0
18 518 rs6506355 5971493 1 0.00327845312048761 5971493 5971493 0
18 1961 rs4420605 27907683 2 0.00323720736362311 27907683 27907683 0
18 5443 rs6567383 61375683 1 0.00322792022732147 61375683 61375683 0
18 2675 rs8094570 35775236 1 -0.00320428576363764 35775236 35775236 0
18 1364 rs1154232 21511034 2 -0.00317143692782757 21511034 21511034 0
18 832 rs676629 9648130 1 -0.00315831008372893 9648130 9648130 0
18 2012 rs1970694 28283411 1 0.00313031598565996 28283411 28283411 0
18 7001 rs1317578 75055781 1 -0.00305780383383032 75055781 75055781 0
18 5230 rs9964155 59287860 2 -0.0030398664033356 59287860 59287860 0
18 5708 rs2715335 63671513 1 0.00303774377900675 63671513 63671513 0
18 4194 rs9951523 49867224 1 0.00302848336238567 49867224 49867224 0
18 2642 rs16969543 35602386 1 -0.00294481101389609 35602386 35602386 0
18 1296 rs8098316 20672555 1 -0.00292852475072699 20672555 20672555 0
18 355 rs1543229 4130516 1 0.00288678365607611 4130516 4130516 0
18 1130 rs16940343 13309150 1 0.00284131057070614 13309150 13309150 0
18 1316 rs7238618 20913598 2 0.00283130892006646 20913598 20913598 0
18 2539 rs4799866 34116743 1 -0.00277438983265478 34116743 34116743 0
18 1186 rs10513904 14023754 1 0.00274293505641659 14023754 14023754 0
18 2653 rs17536346 35667915 1 -0.00273177284692952 35667915 35667915 0
18 1371 rs2337237 21631244 1 -0.00271779543852232 21631244 21631244 0
18 947 rs7236574 10795051 1 0.00270867067967884 10795051 10795051 0
18 2542 rs1390431 34119428 1 0.00265724157330097 34119428 34119428 0
18 2297 rs2000944 31365316 1 -0.0026332610858795 31365316 31365316 0
18 3748 rs12454113 46044052 1 0.00261440407550433 46044052 46044052 0
18 1021 rs787554 11862697 1 0.00261365819061999 11862697 11862697 0
18 895 rs206605 10335737 1 0.00260209321228315 10335737 10335737 0
18 3747 rs726015 45994812 1 -0.00256553943042849 45994812 45994812 0
18 3039 rs987380 39448009 1 0.00255285071229711 39448009 39448009 0
18 4739 rs4528665 55715670 1 -0.00252900075730415 55715670 55715670 0
18 4040 rs17805042 48324575 1 0.00244088941983735 48324575 48324575 0
18 1837 rs8088603 26188052 1 0.00242834653280895 26188052 26188052 0
18 4715 rs2850243 55453784 1 0.00242639811092352 55453784 55453784 0
18 1332 rs12456583 20999696 1 0.00240376177741786 20999696 20999696 0
18 1947 rs9960874 27826653 1 -0.00240212965117008 27826653 27826653 0
18 6418 rs11877750 69921381 1 0.002396552328195 69921381 69921381 0
18 2697 rs1196939 35965413 1 -0.00239602189891299 35965413 35965413 0
18 227 rs2139661 2460332 2 -0.00239348447941246 2460332 2460332 0
18 6937 rs966782 74772891 1 0.0023909277069817 74772891 74772891 0
18 1249 rs4800369 19786854 1 -0.00235203008456321 19786854 19786854 0
18 6562 rs6566715 70986258 1 0.00228516501108097 70986258 70986258 0
18 1198 rs785989 14902902 2 -0.00227338197809026 14902902 14902902 0
18 2307 rs11399467 31477790 1 -0.00226601657378875 31477790 31477790 0
18 1954 rs16947786 27858581 1 -0.00224646997184184 27858581 27858581 0
18 6348 rs595562 69188891 1 0.0021877100911935 69188891 69188891 0
18 318 rs8083633 3522006 1 0.00218584529967289 3522006 3522006 0
18 4594 rs645976 54243554 1 -0.00217323909761447 54243554 54243554 0
18 6896 rs4365382 74356391 1 -0.00216096108017573 74356391 74356391 0
18 1365 rs1131521 21513768 1 -0.00215831710740066 21513768 21513768 0
18 40 rs2621167 458662 1 -0.00215027412750156 458662 458662 0
18 4538 rs1506633 53586671 2 -0.00213336589785546 53586671 53586671 0
18 1333 rs2037640 21003061 1 0.00211701217674568 21003061 21003061 0
18 354 rs7505745 4099242 2 -0.0020947798248404 4099242 4099242 0
18 4050 rs6508036 48359730 1 0.00207570402148451 48359730 48359730 0
18 925 rs7234687 10694410 1 -0.00206601405766019 10694410 10694410 0
18 3998 rs10502909 48130532 1 0.00202230124110245 48130532 48130532 0
18 3803 rs506426 46849333 1 -0.00201248579475686 46849333 46849333 0
18 6116 rs2364201 67088062 2 0.00200880970682995 67088062 67088062 0
18 1964 rs8098127 27913203 1 0.00200304618988469 27913203 27913203 0
18 7196 rs8082857 77021380 1 -0.00200251054019584 77021380 77021380 0
18 708 rs6506569 8275857 1 -0.00197441028306085 8275857 8275857 0
18 3754 rs3786180 46150975 1 0.00196998805019575 46150975 46150975 0
18 2008 rs2678806 28263619 1 0.00196452450163732 28263619 28263619 0
18 2568 rs4346268 34316204 1 0.00191569311557838 34316204 34316204 0
18 5430 rs4261645 61239806 2 -0.00188735195128472 61239806 61239806 0
18 4880 rs7507051 56518513 1 -0.00187396689467991 56518513 56518513 0
18 6797 rs6565823 73486030 1 -0.00185436445301032 73486030 73486030 0
18 855 rs8082842 9814778 1 0.00184574649719543 9814778 9814778 0
18 6742 rs1828098 72857946 1 -0.00184400499278979 72857946 72857946 0
18 4047 rs3813089 48346024 1 -0.00184046019166834 48346024 48346024 0
18 328 rs12457197 3680476 2 -0.00183424955779175 3680476 3680476 0
18 2541 rs1390430 34119047 1 -0.00182198566004428 34119047 34119047 0
18 7145 rs2931024 76502001 2 -0.00180593348346758 76502001 76502001 0
18 7184 rs497785 76747412 1 -0.0018033360299468 76747412 76747412 0
18 3715 rs9945161 45625272 1 0.00180242629194572 45625272 45625272 0
18 1863 rs1487018 26362917 2 0.00177238018313059 26362917 26362917 0
18 3943 rs12959102 47786639 2 -0.00175534344015042 47786639 47786639 0
18 6387 rs9957008 69633468 1 0.00175502013809819 69633468 69633468 0
18 2930 rs1436997 38288514 1 -0.00173854338668659 38288514 38288514 0
18 388 rs8089250 4772807 1 0.00173606094554049 4772807 4772807 0
18 5196 rs9950956 58879662 1 -0.00171788713501116 58879662 58879662 0
18 2304 rs1493917 31392833 1 -0.00171064774227298 31392833 31392833 0
18 6161 rs4891369 67321165 1 -0.00170257172855576 67321165 67321165 0
18 725 rs12607517 8436239 1 -0.00169837708976655 8436239 8436239 0
18 1149 rs1284414 13553264 1 -0.00167558905759024 13553264 13553264 0
18 307 rs16944782 3374132 1 0.00166263162921595 3374132 3374132 0
18 6039 rs9963985 66407942 1 0.00164993747970968 66407942 66407942 0
18 6974 rs4890812 74940312 1 -0.00164634680637992 74940312 74940312 0
18 4400 rs2956140 51795329 1 -0.00163891049080402 51795329 51795329 0
18 5398 rs2850761 60966397 1 0.0016374246343282 60966397 60966397 0
18 1343 rs1805084 21112206 1 -0.00161563179418615 21112206 21112206 0
18 6901 rs17564521 74374345 1 -0.00160200431646813 74374345 74374345 0
18 1079 rs657555 12847136 1 -0.00158357886753248 12847136 12847136 0
18 1915 rs6508611 27218016 1 -0.00158129986508292 27218016 27218016 0
18 3746 rs11082677 45993073 1 0.00157918394378788 45993073 45993073 0
18 5905 rs8091729 65403952 1 0.00157675614334877 65403952 65403952 0
18 1366 rs1154237 21515189 1 -0.00156131849558959 21515189 21515189 0
18 2569 rs4799887 34319157 2 0.00154999644919496 34319157 34319157 0
18 6547 rs9319864 70885017 1 -0.00153734168916413 70885017 70885017 0
18 3569 rs34589386 44157764 1 0.001535590656753 44157764 44157764 0
18 1377 rs1565082 21692286 1 -0.00153387436061777 21692286 21692286 0
18 6794 rs8087114 73444982 1 -0.00152220823859318 73444982 73444982 0
18 3575 rs1606889 44214176 1 -0.00151607970312432 44214176 44214176 0
18 6758 rs9676249 73086616 1 -0.0015160069075032 73086616 73086616 0
18 1003 rs8088825 11512551 1 0.00151210577020637 11512551 11512551 0
18 1493 rs1941611 22576025 1 -0.00150564773945508 22576025 22576025 0
18 1009 rs16976596 11696613 2 0.00150219961093392 11696613 11696613 0
18 3723 rs1124349 45718309 2 0.00149426751032292 45718309 45718309 0
18 796 rs9941409 9006277 1 0.00149155290292611 9006277 9006277 0
18 4617 rs1787484 54664408 1 -0.00147579102863733 54664408 54664408 0
18 3667 rs11662966 45032552 1 0.00144998147825941 45032552 45032552 0
18 6718 rs516410 72407862 1 0.00144158220689151 72407862 72407862 0
18 5916 rs17077959 65455611 1 -0.00144064704780983 65455611 65455611 0
18 1795 rs1662735 25674859 1 -0.00143206235907142 25674859 25674859 0
18 6870 rs2116283 73869891 1 0.00143085541856877 73869891 73869891 0
18 5086 rs489693 57882787 1 0.0014298653952726 57882787 57882787 0
18 7183 rs2981423 76741423 1 -0.00141905616033304 76741423 76741423 0
18 6764 rs12458682 73097909 1 0.00140681549206328 73097909 73097909 0
18 2441 rs998626 33257120 1 -0.00140151595845639 33257120 33257120 0
18 2638 rs12970162 35562926 2 -0.00139422956911176 35562926 35562926 0
18 2165 rs12606084 29558592 1 0.00139235575130058 29558592 29558592 0
18 5552 rs2193860 62053185 1 0.00136373046857109 62053185 62053185 0
18 954 rs1918672 10808723 1 -0.00136306766192708 10808723 10808723 0
18 5637 rs17074677 63011494 1 -0.0013580473463 63011494 63011494 0
18 4313 rs1431183 50822084 1 0.00135769987140678 50822084 50822084 0
18 2080 rs9959147 28887090 1 0.00133062726966661 28887090 28887090 0
18 2197 rs7237501 29919836 1 0.001328123574481 29919836 29919836 0
18 3056 rs623931 39724275 1 -0.00132483725166676 39724275 39724275 0
18 2159 rs11660777 29426669 1 0.00132244774924614 29426669 29426669 0
18 4877 rs11659611 56471617 1 0.00131552175524164 56471617 56471617 0
18 5111 rs9946357 58130414 1 -0.00130534902502732 58130414 58130414 0
18 774 rs668620 8864811 1 0.00129951313167384 8864811 8864811 0
18 3562 rs1868711 44117578 1 -0.00129197035902269 44117578 44117578 0
18 1325 rs2878879 20940588 1 -0.00127754491633198 20940588 20940588 0
18 916 rs16974966 10562575 1 -0.00125914576576 10562575 10562575 0
18 5347 rs11152344 60111781 1 0.00125135751639066 60111781 60111781 0
18 5948 rs12606592 65590731 1 -0.00119827299267093 65590731 65590731 0
18 1607 rs12959876 23513338 1 -0.00118529532958551 23513338 23513338 0
18 5024 rs1791342 57359877 1 -0.00116972246964236 57359877 57359877 0
18 6229 rs17082769 68204223 1 0.00115285184152009 68204223 68204223 0
18 888 rs12957808 10284623 1 -0.00113060779588647 10284623 10284623 0
18 5383 rs17756073 60809783 1 -0.00112557776860147 60809783 60809783 0
18 1188 rs3744821 14090271 1 0.00112499160088474 14090271 14090271 0
18 1535 rs7240975 22989234 1 0.00110873646032202 22989234 22989234 0
18 374 rs16946716 4425743 1 0.00110730616477243 4425743 4425743 0
18 6459 rs9966507 70308101 1 0.00110523917362008 70308101 70308101 0
18 595 rs658121 6977044 1 -0.00109860552988425 6977044 6977044 0
18 1175 rs1941087 13908961 1 -0.00109730127010904 13908961 13908961 0
18 1598 rs17799466 23471816 1 0.0010924791448571 23471816 23471816 0
18 19 rs11663304 381704 1 0.00108745801787102 381704 381704 0
18 2358 rs9956218 32366760 1 -0.00107759762997008 32366760 32366760 0
18 986 rs8091999 11288105 1 0.00104171414294866 11288105 11288105 0
18 4235 rs7236766 50222796 1 0.00103608850728763 50222796 50222796 0
18 7144 rs2015066 76496620 2 -0.00103252105088169 76496620 76496620 0
18 845 rs7228240 9729894 1 0.00102710842998552 9729894 9729894 0
18 3668 rs4939797 45033486 2 0.00101994054794269 45033486 45033486 0
18 5434 rs1020694 61264298 1 0.00101774373087585 61264298 61264298 0
18 3815 rs77960347 47109955 1 -0.0010175957034955 47109955 47109955 0
18 6361 rs8088887 69334079 1 0.00101747975334515 69334079 69334079 0
18 5378 rs6567316 60717894 1 0.00100123174692234 60717894 60717894 0
18 1914 rs1118493 27217322 1 -0.00100045149194123 27217322 27217322 0
18 6313 rs2597831 68997002 1 9.963391370325374e-4 68997002 68997002 0
18 1716 rs16943374 24761768 1 -9.859275398986342e-4 24761768 24761768 0
18 6644 rs4552099 71610943 1 9.659837156452528e-4 71610943 71610943 0
18 2238 rs8098060 30697062 1 -9.63393890803938e-4 30697062 30697062 0
18 3272 rs3819128 41795393 1 9.624438242674032e-4 41795393 41795393 0
18 459 rs1965652 5448728 1 9.569229786961324e-4 5448728 5448728 0
18 5352 rs623248 60152275 1 9.563744009100576e-4 60152275 60152275 0
18 5033 rs1788897 57419473 2 -9.528703454818244e-4 57419473 57419473 0
18 1842 rs7230370 26196851 1 -9.51672910136408e-4 26196851 26196851 0
18 6677 rs1256723 72069279 1 9.494020926129942e-4 72069279 72069279 0
18 1372 rs4043679 21653838 1 9.478691397147524e-4 21653838 21653838 0
18 1071 rs1893217 12809340 1 -9.443517936891452e-4 12809340 12809340 0
18 428 rs599322 5148001 1 9.342525415700296e-4 5148001 5148001 0
18 5906 rs7241812 65404933 1 9.221834180989238e-4 65404933 65404933 0
18 5136 rs522786 58229503 1 -9.162142471905776e-4 58229503 58229503 0
18 703 rs12965261 8218296 2 -9.108452353548708e-4 8218296 8218296 0
18 395 rs8086761 4812752 1 9.0891381825799e-4 4812752 4812752 0
18 848 rs6506685 9732627 1 9.084494953431954e-4 9732627 9732627 0
18 4947 rs10469215 56915473 2 9.049055607490346e-4 56915473 56915473 0
18 6445 rs17352438 70123101 1 -9.042252866584652e-4 70123101 70123101 0
18 6873 rs9962854 73925653 1 -9.015747004027886e-4 73925653 73925653 0
18 544 rs882838 6429648 1 9.007266800120934e-4 6429648 6429648 0
18 6716 rs522009 72394849 1 -9.002961715454429e-4 72394849 72394849 0
18 6389 rs1487336 69651740 1 -8.960986613700446e-4 69651740 69651740 0
18 1655 rs1370901 24240801 1 -8.854130719893941e-4 24240801 24240801 0
18 1971 rs1344050 27923561 1 -8.815904757578468e-4 27923561 27923561 0
18 843 rs7232534 9727992 1 -8.745008143762001e-4 9727992 9727992 0
18 5258 rs12604169 59583446 1 8.71557643754832e-4 59583446 59583446 0
18 2520 rs2000662 33966135 2 8.561385903232601e-4 33966135 33966135 0
18 2409 rs11872966 32765310 2 8.519058518199706e-4 32765310 32765310 0
18 5322 rs3826620 60021504 1 -8.453338894701363e-4 60021504 60021504 0
18 1138 rs16940509 13431471 1 -8.36515480280068e-4 13431471 13431471 0
18 2939 rs9959057 38324308 1 -8.312506109693568e-4 38324308 38324308 0
18 4092 rs321899 48910603 2 8.269390752051087e-4 48910603 48910603 0
18 1331 rs4800476 20996401 1 -8.222748896773403e-4 20996401 20996401 0
18 5432 rs11665483 61246975 1 -8.218658406644586e-4 61246975 61246975 0
18 3555 rs11664831 44103392 1 8.165532742244441e-4 44103392 44103392 0
18 299 rs894733 3327868 1 -8.155139358543191e-4 3327868 3327868 0
18 5023 rs12454887 57359432 1 8.133999611161464e-4 57359432 57359432 0
18 2069 rs1437606 28765530 1 -8.091960210744993e-4 28765530 28765530 0
18 4615 rs1657424 54662887 1 8.069571503947999e-4 54662887 54662887 0
18 4876 rs8092519 56468061 1 8.068634573792213e-4 56468061 56468061 0
18 5074 rs1893512 57787559 1 7.88322413260254e-4 57787559 57787559 0
18 6546 rs8090073 70880006 1 7.87365353211125e-4 70880006 70880006 0
18 4969 rs7243056 57021549 1 7.821630678752618e-4 57021549 57021549 0
18 1014 rs8099153 11775522 1 -7.753828816670373e-4 11775522 11775522 0
18 4556 rs1364417 53693949 1 7.734583907277744e-4 53693949 53693949 0
18 2851 rs307078 37642885 1 7.727512591126608e-4 37642885 37642885 0
18 6069 rs884006 66871719 1 7.718344136005573e-4 66871719 66871719 0
18 3719 rs8091725 45660778 1 -7.679065553564506e-4 45660778 45660778 0
18 587 rs7244230 6939755 1 7.444439785595381e-4 6939755 6939755 0
18 1158 rs3760533 13760290 1 7.440456850209753e-4 13760290 13760290 0
18 4161 rs10048311 49500742 1 7.437624486596904e-4 49500742 49500742 0
18 1620 rs2959356 23590203 1 -7.396625364017856e-4 23590203 23590203 0
18 5180 rs1532486 58684235 2 7.091824363999774e-4 58684235 58684235 0
18 5327 rs4524034 60028008 1 7.078223634373511e-4 60028008 60028008 0
18 6216 rs10513986 68081085 1 7.07387737249482e-4 68081085 68081085 0
18 1973 rs8092226 27933549 1 7.028951731077082e-4 27933549 27933549 0
18 3529 rs590694 43562102 1 -6.984808357486337e-4 43562102 43562102 0
18 5115 rs500817 58154350 1 -6.957585518596368e-4 58154350 58154350 0
18 1658 rs17607947 24249965 1 -6.922857641571885e-4 24249965 24249965 0
18 3166 rs11664719 40640843 1 6.916956975786721e-4 40640843 40640843 0
18 2050 rs9304077 28644841 1 6.915041090419721e-4 28644841 28644841 0
18 1678 rs10502479 24489222 1 -6.898544961893618e-4 24489222 24489222 0
18 6415 rs4268850 69892689 1 6.855527002174068e-4 69892689 69892689 0
18 882 rs12954327 10199279 1 6.807781323969033e-4 10199279 10199279 0
18 5878 rs12954737 65220234 1 -6.803422854576423e-4 65220234 65220234 0
18 759 rs603368 8792476 1 -6.781217975944501e-4 8792476 8792476 0
18 7030 rs11151064 75262263 1 -6.719823124149093e-4 75262263 75262263 0
18 2063 rs3786167 28738622 1 -6.709025159223013e-4 28738622 28738622 0
18 4965 rs9948716 56982982 1 6.704094116034546e-4 56982982 56982982 0
18 4895 rs1510558 56684185 1 -6.654095910442414e-4 56684185 56684185 0
18 6299 rs4243328 68886253 1 -6.609780279862097e-4 68886253 68886253 0
18 1348 rs11663558 21133937 1 6.572635067205246e-4 21133937 21133937 0
18 3062 rs824 39754490 1 -6.459657617828363e-4 39754490 39754490 0
18 7213 rs7236339 77579773 1 -6.413846905349378e-4 77579773 77579773 0
18 2370 rs8098687 32519272 1 -6.413748308878951e-4 32519272 32519272 0
18 7087 rs953845 75967549 1 6.371903717572636e-4 75967549 75967549 0
18 1199 rs786045 14949001 1 6.347579966052053e-4 14949001 14949001 0
18 4136 rs3894774 49278632 1 6.29906346547066e-4 49278632 49278632 0
18 2728 rs2027730 36112086 1 6.28249704815582e-4 36112086 36112086 0
18 4667 rs570046 55144432 1 -6.252842030601722e-4 55144432 55144432 0
18 1741 rs608923 25144165 1 6.198891123610925e-4 25144165 25144165 0
18 7086 rs1876021 75954881 1 6.115365844425796e-4 75954881 75954881 0
18 6649 rs1540032 71700987 1 6.113855447282561e-4 71700987 71700987 0
18 5321 rs9960450 60016875 1 6.063959782232887e-4 60016875 60016875 0
18 2303 rs9958421 31388438 1 6.002076666302085e-4 31388438 31388438 0
18 2867 rs9954991 37812658 1 -5.954350711794653e-4 37812658 37812658 0
18 1098 rs61740922 13057655 1 5.931859608905557e-4 13057655 13057655 0
18 1844 rs1995494 26199361 1 -5.899439522244271e-4 26199361 26199361 0
18 968 rs7232149 10947468 1 -5.88553230186946e-4 10947468 10947468 0
18 5554 rs2959456 62085800 1 -5.831038274110206e-4 62085800 62085800 0
18 897 rs12454438 10384633 2 -5.8251197029444e-4 10384633 10384633 0
18 6852 rs7237886 73811509 1 5.823964288401468e-4 73811509 73811509 0
18 675 rs94312 7806492 1 -5.784758056622721e-4 7806492 7806492 0
18 6160 rs4891764 67320971 1 -5.729795323640546e-4 67320971 67320971 0
18 624 rs7228959 7076464 1 -5.724848349792112e-4 7076464 7076464 0
18 4477 rs2051293 52818009 2 5.681813734185902e-4 52818009 52818009 0
18 3085 rs451873 39930036 1 5.640935229766856e-4 39930036 39930036 0
18 6678 rs11661821 72073056 2 5.635896810556844e-4 72073056 72073056 0
18 2250 rs76952832 30969567 1 5.568592359243878e-4 30969567 30969567 0
18 2344 rs2579799 32155796 1 -5.501408602286874e-4 32155796 32155796 0
18 5599 rs7227796 62502996 1 5.486812692695001e-4 62502996 62502996 0
18 73 rs11081461 923230 1 -5.477922601995246e-4 923230 923230 0
18 1337 rs9957219 21045557 1 -5.459778120347797e-4 21045557 21045557 0
18 2811 rs7350983 36968817 1 -5.343643955628983e-4 36968817 36968817 0
18 3032 rs1115001 39406192 1 5.32050108443364e-4 39406192 39406192 0
18 2803 rs12957214 36935540 1 -5.265645515905389e-4 36935540 36935540 0
18 2117 rs7240789 29038536 1 -5.242036330772674e-4 29038536 29038536 0
18 851 rs9951109 9762933 1 5.20204038451939e-4 9762933 9762933 0
18 610 rs12961939 6997818 1 5.176699319801926e-4 6997818 6997818 0
18 5635 rs585878 63000384 1 5.14440354730474e-4 63000384 63000384 0
18 1782 rs6508522 25557873 1 5.12144970115538e-4 25557873 25557873 0
18 5110 rs11659670 58130376 1 -5.089653441450306e-4 58130376 58130376 0
18 4007 rs2118369 48161483 1 -5.088867889232131e-4 48161483 48161483 0
18 3066 rs1461712 39825978 1 -5.082527931205246e-4 39825978 39825978 0
18 1739 rs590651 25128787 2 -5.06366264035034e-4 25128787 25128787 0
18 2506 rs12604338 33852617 1 -5.057771506499264e-4 33852617 33852617 0
18 16 rs3810040 357247 1 5.055897421718715e-4 357247 357247 0
18 101 rs8087377 1427930 1 -5.007137117928015e-4 1427930 1427930 0
18 5390 rs12457700 60860246 1 4.981116936237287e-4 60860246 60860246 0
18 429 rs366730 5152737 1 4.954154451523835e-4 5152737 5152737 0
18 4855 rs7504154 56270997 2 4.95318862793491e-4 56270997 56270997 0
18 6201 rs3862700 67862224 1 4.916553364574369e-4 67862224 67862224 0
18 5575 rs8092484 62191825 1 4.91261470744327e-4 62191825 62191825 0
18 2368 rs6507109 32472182 1 -4.903326868479108e-4 32472182 32472182 0
18 7187 rs476916 76810030 1 -4.898270417548433e-4 76810030 76810030 0
18 4894 rs4940787 56683202 1 -4.897378612569775e-4 56683202 56683202 0
18 4254 rs10083941 50282122 1 4.880330268339095e-4 50282122 50282122 0
18 5536 rs4283320 61918743 2 -4.866947898152875e-4 61918743 61918743 0
18 5812 rs9967525 64782143 1 4.8548908262839265e-4 64782143 64782143 0
18 5090 rs9963410 57962862 1 4.819449696075465e-4 57962862 57962862 0
18 5999 rs656971 65876076 1 -4.785064848806016e-4 65876076 65876076 0
18 5255 rs8085961 59508211 1 4.77018275662589e-4 59508211 59508211 0
18 446 rs4275937 5252084 1 -4.724040831967945e-4 5252084 5252084 0
18 4271 rs2156283 50430275 1 4.662802532612242e-4 50430275 50430275 0
18 3929 rs6507965 47662494 1 4.661676839146779e-4 47662494 47662494 0
18 148 rs9945073 1683704 1 -4.652882704399146e-4 1683704 1683704 0
18 4709 rs7234711 55408875 1 4.627637604763454e-4 55408875 55408875 0
18 873 rs4797398 10080398 1 -4.570992682919586e-4 10080398 10080398 0
18 556 rs7233982 6574508 1 4.557168051869267e-4 6574508 6574508 0
18 1528 rs9958887 22887059 1 -4.50700742418545e-4 22887059 22887059 0
18 2337 rs1573408 32000277 2 4.482145812167798e-4 32000277 32000277 0
18 3336 rs647155 42449305 1 -4.443480564619843e-4 42449305 42449305 0
18 1803 rs1990416 25779523 1 4.4400427005723326e-4 25779523 25779523 0
18 1523 rs4131294 22772210 1 4.415646333174104e-4 22772210 22772210 0
18 6679 rs11662446 72073178 1 4.411945371711806e-4 72073178 72073178 0
18 1488 rs8086988 22510457 1 -4.3940779117167825e-4 22510457 22510457 0
18 1067 rs888265 12750499 1 -4.3890086199711566e-4 12750499 12750499 0
18 4686 rs4940928 55267013 1 -4.3770191523521344e-4 55267013 55267013 0
18 353 rs12963271 4056394 1 4.368402152350534e-4 4056394 4056394 0
18 4485 rs1261117 52949657 1 -4.364541901086e-4 52949657 52949657 0
18 2620 rs11082017 35244641 1 -4.3602819231186856e-4 35244641 35244641 0
18 6491 rs1942467 70517206 1 -4.335652257111275e-4 70517206 70517206 0
18 4957 rs9973070 56954004 1 4.321877941221355e-4 56954004 56954004 0
18 799 rs9973049 9055545 1 4.321637175619332e-4 9055545 9055545 0
18 4291 rs10502963 50621455 1 -4.3031267693046114e-4 50621455 50621455 0
18 2545 rs1874382 34122682 1 4.293440600570792e-4 34122682 34122682 0
18 6743 rs652015 72898905 1 4.262539352997789e-4 72898905 72898905 0
18 3985 rs16952149 48084560 1 -4.249753235362877e-4 48084560 48084560 0
18 5231 rs9945515 59291851 1 4.2222715089292257e-4 59291851 59291851 0
18 4987 rs11152148 57107212 1 -4.2063734727359954e-4 57107212 57107212 0
18 52 rs1059393 672836 1 -4.1584597596801265e-4 672836 672836 0
18 458 rs6506302 5444240 1 4.149850369749867e-4 5444240 5444240 0
18 1531 rs4594329 22921715 1 4.055423779589879e-4 22921715 22921715 0
18 3777 rs4939826 46453406 1 4.0408097954013034e-4 46453406 46453406 0
18 722 rs9966297 8402646 1 4.016369596445248e-4 8402646 8402646 0
18 1627 rs9955678 23759474 1 4.0148084226243575e-4 23759474 23759474 0
18 3185 rs8095594 41022827 2 -4.00589813101792e-4 41022827 41022827 0
18 5272 rs514874 59643567 1 -3.953336436848658e-4 59643567 59643567 0
18 618 rs483480 7031103 1 3.949970744239452e-4 7031103 7031103 0
18 4314 rs1988344 50822738 1 3.946609032321178e-4 50822738 50822738 0
18 2340 rs2510192 32107383 1 -3.94658924062443e-4 32107383 32107383 0
18 2065 rs4325646 28744391 1 3.93401231793969e-4 28744391 28744391 0
18 2711 rs4611541 36031122 1 -3.927335278451006e-4 36031122 36031122 0
18 4160 rs2928940 49443797 1 -3.897966183519968e-4 49443797 49443797 0
18 2950 rs17678758 38422310 1 3.872624511569939e-4 38422310 38422310 0
18 340 rs3915772 3848826 1 3.855516588536307e-4 3848826 3848826 0
18 3248 rs1380835 41493047 1 3.851071653081517e-4 41493047 41493047 0
18 4703 rs7231193 55357455 1 3.8063007402770055e-4 55357455 55357455 0
18 6140 rs1372776 67160595 1 -3.7987395967965993e-4 67160595 67160595 0
18 709 rs9949149 8298633 1 3.7954230238918457e-4 8298633 8298633 0
18 989 rs459329 11315010 1 -3.794575683856662e-4 11315010 11315010 0
18 4858 rs8082808 56318033 2 -3.771544424810475e-4 56318033 56318033 0
18 4949 rs6567072 56921310 1 3.7521352387169814e-4 56921310 56921310 0
18 5642 rs681307 63126211 2 3.74216351657643e-4 63126211 63126211 0
18 3651 rs2004310 44986284 1 3.7353678502276375e-4 44986284 44986284 0
18 1222 rs4632227 19513517 1 3.726124962162578e-4 19513517 19513517 0
18 3809 rs1943676 47017820 1 -3.659352891798093e-4 47017820 47017820 0
18 376 rs12958338 4483453 1 3.650138113954969e-4 4483453 4483453 0
18 1802 rs10775520 25765494 1 3.6447307679855344e-4 25765494 25765494 0
18 3867 rs1893441 47358751 1 -3.632560648253662e-4 47358751 47358751 0
18 821 rs9952325 9532097 1 -3.623373472289542e-4 9532097 9532097 0
18 3327 rs12454763 42434615 2 3.585137774985425e-4 42434615 42434615 0
18 1253 rs4800375 19821570 1 3.529086438282573e-4 19821570 19821570 0
18 6588 rs1942788 71095826 2 -3.516857488982271e-4 71095826 71095826 0
18 4311 rs1594459 50813510 1 3.475475972437809e-4 50813510 50813510 0
18 2300 rs10502621 31383571 1 3.443519450156903e-4 31383571 31383571 0
18 6184 rs1469858 67529217 1 3.4199747464044964e-4 67529217 67529217 0
18 863 rs9304048 9869865 1 -3.383308150470528e-4 9869865 9869865 0
18 6846 rs359770 73782636 1 -3.3669907522212837e-4 73782636 73782636 0
18 7126 rs2002842 76409597 2 3.3053509320410076e-4 76409597 76409597 0
18 3838 rs1943973 47179516 2 -3.275832302435714e-4 47179516 47179516 0
18 7216 rs891488 77637424 1 3.261220847016541e-4 77637424 77637424 0
18 2356 rs7240718 32356810 1 3.20959631682901e-4 32356810 32356810 0
18 5735 rs7242394 63969591 1 3.169166676561514e-4 63969591 63969591 0
18 1501 rs1893311 22627578 1 -3.160760758126244e-4 22627578 22627578 0
18 2295 rs2000677 31338906 2 3.160704939505142e-4 31338906 31338906 0
18 6721 rs17243024 72495759 1 3.1508412803721287e-4 72495759 72495759 0
18 5902 rs8092689 65398414 1 3.1345805225433635e-4 65398414 65398414 0
18 2590 rs488797 34970627 1 -3.12237378526192e-4 34970627 34970627 0
18 506 rs9960331 5821072 1 3.0174069975355924e-4 5821072 5821072 0
18 3718 rs8085875 45659367 1 -2.9778819450291e-4 45659367 45659367 0
18 5091 rs9953008 57962981 2 -2.9694843601542293e-4 57962981 57962981 0
18 1293 rs909048 20315693 1 -2.9688582201956905e-4 20315693 20315693 0
18 424 rs292367 5096936 1 2.9687150031553947e-4 5096936 5096936 0
18 5893 rs8083752 65359829 1 2.9680728790053474e-4 65359829 65359829 0
18 3894 rs1787323 47463377 1 -2.951593646416842e-4 47463377 47463377 0
18 6120 rs2197164 67128571 1 2.948728761632601e-4 67128571 67128571 0
18 558 rs16950389 6635800 1 2.91579367228212e-4 6635800 6635800 0
18 373 rs17436205 4402249 1 2.9104642757846075e-4 4402249 4402249 0
18 4948 rs10221422 56918480 1 -2.8966127582196903e-4 56918480 56918480 0
18 2122 rs9962121 29076717 1 -2.889729021421268e-4 29076717 29076717 0
18 478 rs10502331 5658744 1 2.8563446850033e-4 5658744 5658744 0
18 71 rs11663168 920151 1 -2.8351139238144056e-4 920151 920151 0
18 5477 rs12969361 61507368 1 -2.818281951247224e-4 61507368 61507368 0
18 2767 rs5025765 36510940 1 -2.7906587799455916e-4 36510940 36510940 0
18 3756 rs4939786 46167949 1 2.778569302038317e-4 46167949 46167949 0
18 4974 rs9319948 57042396 1 2.741023632631908e-4 57042396 57042396 0
18 6921 rs608433 74611127 1 2.740791900223807e-4 74611127 74611127 0
18 3650 rs892576 44985973 1 2.732617069322517e-4 44985973 44985973 0
18 1910 rs1492801 27205055 2 2.711020357582815e-4 27205055 27205055 0
18 6209 rs2711407 68027361 1 -2.707944900951167e-4 68027361 68027361 0
18 3034 rs4280335 39408516 1 -2.705346324281245e-4 39408516 39408516 0
18 4234 rs1460196 50215412 1 -2.6781801186687794e-4 50215412 50215412 0
18 6186 rs763361 67531642 1 -2.6718695961923844e-4 67531642 67531642 0
18 6179 rs2575177 67468452 1 -2.6530788176907464e-4 67468452 67468452 0
18 6578 rs961925 71063181 1 -2.637533745214901e-4 71063181 71063181 0
18 1833 rs7231726 26170472 2 -2.585460335433631e-4 26170472 26170472 0
18 3737 rs8097442 45885036 1 -2.5778053690122475e-4 45885036 45885036 0
18 3030 rs1025443 39379699 1 -2.5759045784314114e-4 39379699 39379699 0
18 6067 rs17080549 66862142 2 2.5436082693664874e-4 66862142 66862142 0
18 4508 rs17512836 53194961 1 2.54027477951755e-4 53194961 53194961 0
18 4909 rs9949059 56758171 1 -2.499025176395174e-4 56758171 56758171 0
18 283 rs1962519 3188976 1 2.479930534222198e-4 3188976 3188976 0
18 6949 rs1667923 74885751 1 2.472791985389969e-4 74885751 74885751 0
18 3922 rs6507964 47643563 1 2.4703067782668814e-4 47643563 47643563 0
18 3595 rs17708203 44421609 1 -2.4580933588695794e-4 44421609 44421609 0
18 5716 rs2715286 63777608 1 -2.4162459933960663e-4 63777608 63777608 0
18 5359 rs11152351 60247706 1 -2.2823968206033568e-4 60247706 60247706 0
18 191 rs1009238 2000079 1 2.2731658893055052e-4 2000079 2000079 0
18 792 rs7236054 8972284 1 2.2706147686940583e-4 8972284 8972284 0
18 616 rs7227276 7028454 1 2.234422961265577e-4 7028454 7028454 0
18 5356 rs8096750 60237388 1 -2.210555084362505e-4 60237388 60237388 0
18 1727 rs2339331 24922502 1 2.20925881034257e-4 24922502 24922502 0
18 6167 rs17200441 67359360 1 2.204253164602552e-4 67359360 67359360 0
18 2185 rs10502584 29797478 1 -2.1567369305433172e-4 29797478 29797478 0
18 4272 rs12373390 50434495 1 2.1535551162601852e-4 50434495 50434495 0
18 61 rs7239738 680520 1 -2.1246759337856824e-4 680520 680520 0
18 1385 rs17259667 21740192 1 -2.112044891081601e-4 21740192 21740192 0
18 4669 rs10503014 55160632 1 2.074140597241796e-4 55160632 55160632 0
18 1382 rs12963950 21719442 2 2.0694010693920805e-4 21719442 21719442 0
18 7002 rs868312 75066959 1 -2.04938853398402e-4 75066959 75066959 0
18 1711 rs12956990 24713270 1 -2.0472179512296743e-4 24713270 24713270 0
18 6021 rs17078976 66040483 1 -2.0450718221009045e-4 66040483 66040483 0
18 2225 rs1980034 30259109 1 -2.037597016479317e-4 30259109 30259109 0
18 7204 rs4799067 77336836 1 -2.018239934969797e-4 77336836 77336836 0
18 2194 rs16962974 29867091 1 2.0050742420818857e-4 29867091 29867091 0
18 1903 rs4369752 27118814 1 1.9710871540983636e-4 27118814 27118814 0
18 6801 rs1380711 73515143 1 1.9685635641711577e-4 73515143 73515143 0
18 1848 rs720907 26209118 1 -1.9575066437432857e-4 26209118 26209118 0
18 6979 rs1893829 74954315 1 1.9564545192353968e-4 74954315 74954315 0
18 4660 rs121317 55055482 1 -1.9555859147580063e-4 55055482 55055482 0
18 4908 rs9948204 56756133 1 1.950057486628923e-4 56756133 56756133 0
18 1851 rs16945069 26216302 1 1.945375670672016e-4 26216302 26216302 0
18 689 rs1982285 7914057 1 -1.8675050491507932e-4 7914057 7914057 0
18 6353 rs12605155 69258561 1 -1.8579036820613832e-4 69258561 69258561 0
18 6596 rs17751492 71108653 1 1.8395940503132736e-4 71108653 71108653 0
18 7198 rs9958999 77036035 1 -1.8380192402093817e-4 77036035 77036035 0
18 6559 rs1943825 70977587 1 1.8378852611906855e-4 70977587 70977587 0
18 6545 rs17087091 70868766 1 -1.833878117017492e-4 70868766 70868766 0
18 4049 rs9948324 48349191 1 -1.8253897119290875e-4 48349191 48349191 0
18 4008 rs2118370 48161544 1 -1.8237284882835183e-4 48161544 48161544 0
18 3835 rs7227237 47174679 1 -1.8072451764331084e-4 47174679 47174679 0
18 2649 rs9807741 35636827 1 -1.7818227777416807e-4 35636827 35636827 0
18 4288 rs9945776 50617497 1 -1.7689154054055888e-4 50617497 50617497 0
18 4882 rs8084470 56580135 1 -1.699219427986693e-4 56580135 56580135 0
18 5653 rs1444072 63292590 1 -1.6823076714941285e-4 63292590 63292590 0
18 5435 rs7229071 61278072 2 -1.662281189208837e-4 61278072 61278072 0
18 72 rs12373400 923096 1 -1.661639617814642e-4 923096 923096 0
18 4955 rs9948612 56952800 1 1.6532217946850085e-4 56952800 56952800 0
18 4932 rs8094095 56823999 1 -1.6387450090378752e-4 56823999 56823999 0
18 2933 rs325379 38307941 1 1.6224835496790423e-4 38307941 38307941 0
18 7112 rs4799159 76280463 1 -1.6029769185176297e-4 76280463 76280463 0
18 5767 rs9949882 64255420 1 1.596200869740726e-4 64255420 64255420 0
18 1063 rs9303775 12694379 1 -1.5715113376596688e-4 12694379 12694379 0
18 238 rs770221 2534877 1 -1.5707574441226583e-4 2534877 2534877 0
18 2996 rs16974873 39109891 1 1.566302910976004e-4 39109891 39109891 0
18 3127 rs11082289 40226942 1 1.5130390244637114e-4 40226942 40226942 0
18 4730 rs7230277 55584135 1 1.5058895877453552e-4 55584135 55584135 0
18 834 rs8083190 9665351 2 -1.5002501701545228e-4 9665351 9665351 0
18 5038 rs4940906 57477991 1 1.4995589446327765e-4 57477991 57477991 0
18 5586 rs8087195 62339224 1 -1.4968558605460365e-4 62339224 62339224 0
18 842 rs11081496 9726631 1 -1.4927330629062107e-4 9726631 9726631 0
18 5459 rs12959692 61429252 1 1.4873223242995893e-4 61429252 61429252 0
18 1133 rs7226901 13326749 1 -1.4830711031136776e-4 13326749 13326749 0
18 4616 rs3760599 54663570 1 -1.470242074874287e-4 54663570 54663570 0
18 4962 rs11662475 56969154 1 1.4529555026733158e-4 56969154 56969154 0
18 6453 rs658995 70207340 1 -1.4277299949737933e-4 70207340 70207340 0
18 6444 rs9964306 70121997 1 -1.4273713744496943e-4 70121997 70121997 0
18 2717 rs10502693 36045712 1 1.4246228088372925e-4 36045712 36045712 0
18 3783 rs7240215 46490181 1 -1.4219859289518042e-4 46490181 46490181 0
18 6391 rs1487330 69656941 1 -1.4039415659274312e-4 69656941 69656941 0
18 1753 rs2851757 25313101 1 1.3729121479736338e-4 25313101 25313101 0
18 4315 rs6508218 50824005 1 1.3687216981275984e-4 50824005 50824005 0
18 8 rs7226677 278796 2 1.3506993323870022e-4 278796 278796 0
18 4872 rs11663212 56445257 1 1.3153336854338337e-4 56445257 56445257 0
18 1626 rs4800723 23755158 1 1.3150941758179144e-4 23755158 23755158 0
18 1724 rs16943430 24857568 1 -1.3142653024795e-4 24857568 24857568 0
18 3709 rs7238127 45577937 1 -1.3079015145402072e-4 45577937 45577937 0
18 1078 rs12969241 12842480 1 -1.3035199771970076e-4 12842480 12842480 0
18 2153 rs17803914 29395191 1 1.27965936611857e-4 29395191 29395191 0
18 3340 rs16978216 42458434 1 1.2505331256636374e-4 42458434 42458434 0
18 4403 rs602422 51805130 1 -1.238688015336168e-4 51805130 51805130 0
18 2458 rs4310945 33403036 1 -1.2123340589104234e-4 33403036 33403036 0
18 167 rs7227078 1804120 2 -1.174280925084254e-4 1804120 1804120 0
18 7174 rs4030882 76659706 1 1.1511633079839155e-4 76659706 76659706 0
18 3817 rs12604221 47123122 1 -1.1244065874402936e-4 47123122 47123122 0
18 7103 rs12327418 76085704 1 -1.1028400919005162e-4 76085704 76085704 0
18 1420 rs11875019 22111406 1 -1.1017509161948815e-4 22111406 22111406 0
18 3587 rs948570 44292598 1 1.0837999981399407e-4 44292598 44292598 0
18 524 rs565841 5990968 1 1.073686699408168e-4 5990968 5990968 0
18 1135 rs12456874 13366862 1 -1.0573514424550084e-4 13366862 13366862 0
18 7202 rs11661539 77287796 1 1.0035682953167962e-4 77287796 77287796 0
18 4801 rs4940674 56047004 1 -9.68958866761022e-5 56047004 56047004 0
18 3168 rs9965411 40651449 1 9.40877582326847e-5 40651449 40651449 0
18 2508 rs7239113 33879397 1 9.176720843727772e-5 33879397 33879397 0
18 4652 rs8087849 54977324 1 -9.079861030953642e-5 54977324 54977324 0
18 1540 rs1009685 23041828 1 -8.836443413382994e-5 23041828 23041828 0
18 3236 rs1870631 41362595 1 -8.690537557139219e-5 41362595 41362595 0
18 1603 rs9953857 23490176 1 8.65426432694659e-5 23490176 23490176 0
18 4547 rs10048306 53654020 1 8.40973149331828e-5 53654020 53654020 0
18 7214 rs4799096 77630073 1 -8.259120220650497e-5 77630073 77630073 0
18 5499 rs17072146 61587053 1 -7.991363191745192e-5 61587053 61587053 0
18 2166 rs168058 29621938 2 -7.953175435114132e-5 29621938 29621938 0
18 7199 rs7239390 77052242 1 7.935296023622235e-5 77052242 77052242 0
18 4517 rs635538 53273614 1 -7.91497569432107e-5 53273614 53273614 0
18 1068 rs2847297 12797694 1 7.8132300689560575e-05 12797694 12797694 0
18 2585 rs2009759 34954021 1 7.755777726353396e-5 34954021 34954021 0
18 5918 rs17832178 65456609 1 -7.653957534141047e-5 65456609 65456609 0
18 6714 rs8090565 72379611 1 -7.638727892159972e-5 72379611 72379611 0
18 6872 rs8098287 73890904 1 -7.5036181686426e-5 73890904 73890904 0
18 2175 rs71361372 29782953 1 -7.305972041622425e-5 29782953 29782953 0
18 352 rs11660659 4056012 1 7.30292852871697e-5 4056012 4056012 0
18 1728 rs7230264 24927434 1 7.177686539031639e-5 24927434 24927434 0
18 2517 rs3744897 33955044 1 7.105685783599936e-5 33955044 33955044 0
18 1642 rs8084658 24130007 1 7.103194776941326e-5 24130007 24130007 0
18 4479 rs4800985 52829535 1 6.947701341925692e-5 52829535 52829535 0
18 604 rs12607841 6986227 1 6.929273587858024e-5 6986227 6986227 0
18 5328 rs4524035 60028244 1 6.857605050481373e-5 60028244 60028244 0
18 3011 rs16975050 39187170 2 6.789370659179889e-5 39187170 39187170 0
18 173 rs16942148 1853561 1 -6.512513320764448e-5 1853561 1853561 0
18 996 rs4796922 11417597 1 6.210212998446843e-5 11417597 11417597 0
18 2027 rs1313586 28586964 1 6.173119213480716e-5 28586964 28586964 0
18 1097 rs16940057 13038431 1 -6.066989566012733e-5 13038431 13038431 0
18 7092 rs11081602 76012596 1 5.908450082246218e-5 76012596 76012596 0
18 4590 rs421544 54123365 1 5.8748825451527586e-5 54123365 54123365 0
18 165 rs8091249 1802443 1 5.5533584409245665e-5 1802443 1802443 0
18 5868 rs8087844 65157729 1 -5.38098471245552e-5 65157729 65157729 0
18 441 rs3184460 5244261 1 -5.234064621787519e-5 5244261 5244261 0
18 6685 rs17809342 72104514 1 -5.005557978346269e-5 72104514 72104514 0
18 296 rs1662304 3324419 1 -4.8989934731586066e-5 3324419 3324419 0
18 559 rs11081250 6640510 1 4.814447304177557e-5 6640510 6640510 0
18 5343 rs2957145 60076799 1 4.668520925585523e-5 60076799 60076799 0
18 3751 rs11875657 46141721 2 4.501048715703454e-5 46141721 46141721 0
18 4653 rs990729 54979396 1 4.448696272684038e-5 54979396 54979396 0
18 6930 rs12967352 74720556 1 4.1421741938255654e-5 74720556 74720556 0
18 6121 rs4255867 67130866 1 -3.945372726720524e-5 67130866 67130866 0
18 5936 rs633865 65526817 1 -3.885009757484982e-5 65526817 65526817 0
18 1683 rs11659941 24494344 1 -3.846449091039852e-5 24494344 24494344 0
18 1918 rs1389024 27243510 1 -3.811145495630837e-5 27243510 27243510 0
18 6934 rs556751 74765400 1 3.788519760847917e-5 74765400 74765400 0
18 5306 rs61755362 59828420 1 -3.76517721060034e-5 59828420 59828420 0
18 4850 rs7229140 56235791 2 -3.7108005752550344e-5 56235791 56235791 0
18 193 rs1940651 2006123 1 -3.620360270218413e-5 2006123 2006123 0
18 1229 rs4267422 19608303 1 3.5956700103734574e-5 19608303 19608303 0
18 3774 rs2337094 46403018 1 3.453992554357008e-5 46403018 46403018 0
18 5537 rs9952357 61920024 1 3.4530333596442174e-5 61920024 61920024 0
18 4980 rs1444484 57096896 1 -3.417363459545688e-5 57096896 57096896 0
18 1250 rs8084363 19789487 1 -3.3693997061241205e-5 19789487 19789487 0
18 5436 rs611263 61290257 1 -3.305145292184637e-5 61290257 61290257 0
18 368 rs4624288 4341519 1 -3.1761201673719604e-5 4341519 4341519 0
18 1604 rs1875871 23493361 1 -3.1528568491252554e-5 23493361 23493361 0
18 583 rs7236448 6913534 1 -2.871142327649296e-5 6913534 6913534 0
18 702 rs7238296 8218123 2 2.858046682476496e-5 8218123 8218123 0
18 3556 rs12606417 44104437 2 -2.734961902820634e-5 44104437 44104437 0
18 5966 rs4583369 65692295 1 2.6986588100238503e-5 65692295 65692295 0
18 2741 rs7228974 36183823 1 2.603407394534746e-5 36183823 36183823 0
18 5997 rs596557 65873103 1 -2.5927250266980043e-5 65873103 65873103 0
18 5025 rs1652076 57368446 2 -1.8620323712542457e-5 57368446 57368446 0
18 3600 rs1970668 44523220 1 1.7230422113982107e-5 44523220 44523220 0
18 2647 rs8092368 35623399 1 1.659189132743833e-5 35623399 35623399 0
18 5532 rs6567416 61840388 1 1.655707079004831e-5 61840388 61840388 0
18 4178 rs9963534 49642058 1 1.5469944325550865e-5 49642058 49642058 0
18 7081 rs8084678 75858655 2 -1.5084153833925802e-5 75858655 75858655 0
18 6302 rs4614837 68901689 1 1.3663636983364277e-5 68901689 68901689 0
18 2852 rs172596 37647643 1 1.3225908605395711e-5 37647643 37647643 0
18 6166 rs10513972 67352445 1 1.1871391014578448e-5 67352445 67352445 0
18 6037 rs12606250 66327314 1 -1.171748712213893e-5 66327314 66327314 0
18 1849 rs1504133 26212187 1 1.1537779297725409e-5 26212187 26212187 0
18 1835 rs8095062 26176918 1 -1.0581607551271402e-5 26176918 26176918 0
18 7128 rs12955300 76415963 1 9.564007524779514e-6 76415963 76415963 0
18 3057 rs525776 39731208 1 -8.618724636617112e-6 39731208 39731208 0
18 2637 rs7241839 35557827 1 8.216711230667189e-6 35557827 35557827 0
18 6587 rs9956188 71095012 1 -6.334270426745954e-6 71095012 71095012 0
18 3080 rs431856 39921147 1 5.493153393229983e-6 39921147 39921147 0
18 6935 rs470291 74766155 1 4.38077658926925e-6 74766155 74766155 0
18 5385 rs17070739 60819383 1 2.2378647871716276e-6 60819383 60819383 0
18 6040 rs9955865 66408427 1 6.583996258681612e-7 66408427 66408427 0
18 6871 rs8086933 73870880 1 9.303613789864738e-16 73870880 73870880 0
