CHR Group SNP.lead BP.lead Size W BP.min BP.max BP.width
14 2305 rs8017161 103563195 1 0.1328630728779827 103563195 103563195 0
14 1274 rs3784099 68749927 1 0.06902717507088371 68749927 68753593 3666
14 1927 rs737522 93014672 2 0.04320305169571081 93014672 93026057 11385
14 498 rs696 35871093 2 0.04146404604652981 35871093 35871217 124
14 2294 rs62000389 102912150 2 0.03287820936011304 102898363 102933347 34984
14 1931 rs17184313 93102251 5 0.02987344546648273 93089242 93105338 16096
14 2306 rs7145735 103584674 2 0.02965987312407419 103584674 103584674 0
14 1448 rs2193596 75234101 4 0.0294465135038685 75234101 75347585 113484
14 1732 rs10149105 85615940 1 -0.02716303673426134 85615940 85623795 7855
14 96 rs3748366 22204911 1 0.02581460491879715 22200989 22204911 3922
14 1275 rs9323505 68786787 2 0.02427220660306697 68785077 68808398 23321
14 1651 rs11623789 82450632 1 0.02419251485754661 82450632 82458472 7840
14 1896 rs2202955 92118160 4 0.02410842566118376 92104196 92126827 22631
14 1280 rs10132294 68887667 2 0.0239847022621338 68883688 68908860 25172
14 211 rs12880667 25315877 3 -0.02359933065773411 25313964 25322954 8990
14 1478 rs17783366 76543004 3 0.02338598491347461 76519805 76550644 30839
14 54 rs17308541 21210166 3 -0.02177702629803727 21209871 21215997 6126
14 1178 rs8005319 63822521 2 0.02089167264041545 63822521 63833977 11456
14 489 rs712314 35408548 3 0.02002389903301352 35390146 35501800 111654
14 2341 rs3924892 105494262 3 0.01994196313843676 105457161 105508666 51505
14 2304 rs11849097 103547484 2 -0.01989773147224311 103547430 103549650 2220
14 1517 rs17811635 77573757 2 0.01920438707585455 77573757 77581481 7724
14 2122 rs10145396 97255679 3 -0.01915666813137274 97252356 97259042 6686
14 581 rs6571897 39587438 2 0.01906264611794413 39587438 39669491 82053
14 404 rs2300835 33207522 2 0.01880576111223121 33206755 33208081 1326
14 1318 rs2185492 69765077 3 0.01827231659029592 69760369 69780678 20309
14 1127 rs217671 62360464 4 0.01779646999528995 62360464 62375195 14731
14 610 rs8005565 41097075 2 0.01755219514915395 41097075 41103660 6585
14 1540 rs11622293 78203636 3 -0.01739561437974997 78130579 78231533 100954
14 1816 rs1287662 89290630 6 0.01738747609028269 89276431 89362069 85638
14 1981 rs11621961 94769476 2 0.01737178517315049 94769476 94769476 0
14 549 rs177899 38139214 3 0.01732359499410893 38111870 38179163 67293
14 335 rs718545 30489623 4 0.01671788493126524 30469994 30502215 32221
14 1402 rs2526896 73055107 2 0.01646125285575497 73052019 73064413 12394
14 1961 rs11626249 94267755 3 -0.01635166743626361 94264690 94279265 14575
14 493 rs10137019 35748036 4 0.01616672137143001 35732369 35802483 70114
14 1207 rs2269308 65244950 2 -0.01608486780600193 65244950 65250828 5878
14 556 rs2415438 38577533 2 -0.0160655403845223 38577533 38590205 12672
14 2158 rs966047 98273349 2 0.01579367480176721 98273349 98282225 8876
14 974 rs7153071 56408735 2 0.01575385237671672 56402278 56413766 11488
14 1387 rs847342 72736038 3 -0.01552049819187898 72736038 72740895 4857
14 1329 rs1079903 70365001 3 -0.01542383972694737 70365001 70366437 1436
14 391 rs1951187 32908192 3 0.01529686275536915 32903616 32919779 16163
14 1986 rs28929474 94844947 1 0.01522362261247311 94844470 94847415 2945
14 1882 rs1286083 91442779 4 0.01520302000113864 91442779 91515577 72798
14 507 rs7147797 36449424 3 0.01501540069468436 36437005 36449424 12419
14 1027 rs1209145 58028601 5 -0.01481989646844205 58021653 58028828 7175
14 2246 rs3742384 100800103 2 0.01479280947846825 100800103 100847707 47604
14 779 rs7146952 49773025 1 0.01478224263272747 49770953 49778543 7590
14 2267 rs8013718 101689506 1 -0.01459816392057323 101689506 101689506 0
14 1783 rs8017892 87851097 1 0.01459775851944406 87832641 87857560 24919
14 1237 rs6573638 66328997 1 0.01436271928215288 66318629 66336423 17794
14 562 rs10145633 38722278 2 -0.01433317282810072 38721995 38723027 1032
14 2251 rs12897601 101182284 2 0.01396650817284869 101170488 101184139 13651
14 111 rs2178787 22604418 3 0.01364718205588435 22595277 22608423 13146
14 1692 rs229776 83902685 1 0.01348048905426524 83902685 83905804 3119
14 913 rs10147611 54234753 3 0.01326801910559884 54234753 54263851 29098
14 1668 rs7148115 83176013 1 0.01321041540527569 83153368 83180050 26682
14 529 rs8010088 37190065 2 -0.01299046974064073 37190065 37199161 9096
14 1884 rs12589587 91611001 1 0.01270836443360558 91611001 91611001 0
14 1932 rs3829947 93118038 1 0.01269953442983334 93117443 93118038 595
14 1553 rs177143 78590808 1 0.01255615596932365 78589874 78600741 10867
14 1809 rs8018774 88798458 1 0.01251992417951918 88798458 88802545 4087
14 351 rs179562 31224458 3 0.01232959252959273 31224458 31237170 12712
14 909 rs10141869 54132654 2 -0.01220179141538535 54132654 54148442 15788
14 377 rs11156725 32496696 1 0.01218958104770138 32496696 32496696 0
14 1959 rs4905086 94236801 2 -0.01199210289193346 94236801 94236801 0
14 1325 rs1275824 70194563 1 0.0119593924824953 70194563 70198189 3626
14 129 rs970348 23069853 1 0.0119579931701814 23068419 23069853 1434
14 1403 rs994759 73096614 3 0.0117157493754733 73081068 73096614 15546
14 1465 rs2300603 76005557 2 -0.01170111530538686 76005557 76005557 0
14 1250 rs1434903 66703569 2 0.01153843545997511 66690914 66755127 64213
14 342 rs12436395 30706026 2 -0.01148613447545024 30697199 30706026 8827
14 1585 rs7141420 79899454 4 0.01141359963186743 79890677 79945162 54485
14 839 rs10147918 51898181 6 -0.01121218826113418 51898181 51906286 8105
14 285 rs17112865 28038607 5 0.01121207936585931 28012163 28070164 58001
14 2208 rs4905794 99479669 1 -0.011196745271834471 99479669 99479669 0
14 856 rs1002132 52285373 1 0.01112866869510497 52285125 52285373 248
14 1193 rs3866741 64622232 1 -0.01109017100537701 64617958 64642018 24060
14 743 rs9672030 48387621 1 -0.01104491663458753 48381553 48387621 6068
14 1226 rs2411915 65794692 1 0.01101020500256781 65777560 65794692 17132
14 146 rs61745081 23564437 4 -0.01088472456621839 23545799 23564437 18638
14 813 rs2027343 51324884 1 -0.01073273227066208 51324884 51325748 864
14 817 rs946616 51387782 3 -0.01060642063216247 51376774 51395384 18610
14 318 rs7155255 29695661 2 0.01057588583516223 29680331 29695661 15330
14 1815 rs11159863 89108778 2 0.01051007252694246 89105805 89171711 65906
14 2250 rs12892451 101139536 2 -0.01028993894932435 101130576 101139536 8960
14 3 rs12882648 20492492 4 0.01016472939150172 20486424 20495913 9489
14 1090 rs216526 60650086 1 0.01013615708824472 60650086 60662619 12533
14 1175 rs8008058 63777253 1 0.01008151900559253 63777253 63778748 1495
14 1028 rs268820 58032838 3 -0.00985332371647114 58032340 58042753 10413
14 1209 rs170680 65271311 2 0.0098382381508849 65263300 65281944 18644
14 1357 rs917065 71397846 3 -0.00976819009263943 71373580 71441858 68278
14 1078 rs755011 59815040 2 0.00969974142684675 59813702 59826703 13001
14 417 rs17460823 33586563 1 0.00949756851093133 33586563 33588166 1603
14 787 rs12435094 49992347 3 0.00943256877551913 49988190 50009589 21399
14 2156 rs1350922 98246190 1 0.00935285199418272 98237766 98249964 12198
14 1304 rs12050161 69360631 1 0.00930173793416073 69360631 69360631 0
14 2184 rs8021007 98943569 3 0.00905274509536737 98935912 98964100 28188
14 952 rs8009181 55583424 1 0.00903843307870407 55583424 55617844 34420
14 2090 rs11845882 96565323 1 -0.0087855271289489 96563824 96565323 1499
14 860 rs10133203 52355387 1 0.00869066300149194 52354228 52358917 4689
14 1427 rs2336561 74288871 2 -0.00867164514454538 74283202 74295380 12178
14 1187 rs11621026 64389502 1 0.00864946538964928 64389502 64399556 10054
14 105 rs723879 22391433 1 0.00848811009313243 22381668 22391433 9765
14 611 rs17111162 41279247 1 0.00845231275563013 41279247 41279247 0
14 575 rs979002 39369538 3 -0.0083950187459422 39355462 39370726 15264
14 1073 rs3759700 59563136 4 0.00836824025741014 59557503 59580956 23453
14 2214 rs1257499 99566723 2 0.00835301398001469 99563710 99567351 3641
14 793 rs4900974 50462432 1 0.00826627415357225 50462432 50462432 0
14 497 rs1951276 35853388 1 -0.00825571769352777 35838369 35853388 15019
14 804 rs10139934 50987481 2 0.00821085319523011 50901768 51000770 99002
14 1954 rs718465 94000799 3 -0.00814860838437963 93866288 94010894 144606
14 1796 rs12883250 88446876 5 0.00811738634953907 88419358 88487689 68331
14 1266 rs718212 68196636 4 -0.00811715822442048 68191368 68206478 15110
14 442 rs17101417 33982311 3 -0.00810519371211782 33978572 33990825 12253
14 2313 rs6575979 103841018 1 0.00807990624732689 103841018 103841018 0
14 765 rs17120305 49063187 3 0.00795537658113295 49063187 49102101 38914
14 2277 rs10144492 101991506 1 0.00784288318051169 101991506 101991506 0
14 2168 rs7144501 98495938 3 0.0078344696585712 98486545 98498951 12406
14 870 rs2101919 52520368 5 -0.00775429055619385 52505375 52521893 16518
14 566 rs6650500 38940508 3 -0.00774946253268023 38908744 38944821 36077
14 2242 rs12588659 100587813 1 0.00763168750134896 100572954 100587813 14859
14 2309 rs2771396 103660158 1 0.0076184102608228 103660158 103679153 18995
14 2337 rs1132975 105222037 1 0.00758043068455289 105215351 105222037 6686
14 1872 rs10147469 91043669 2 -0.0075063778311957 91043669 91043669 0
14 1570 rs10483908 79074748 2 -0.00746864965624207 79074748 79100115 25367
14 1299 rs11621104 69239751 1 -0.00746571730337856 69239751 69244214 4463
14 1603 rs1158314 80427732 2 -0.00741593659731169 80417233 80428180 10947
14 2142 rs10131135 97717525 2 0.00728187469652496 97717525 97732625 15100
14 2289 rs7152164 102536073 1 0.00727214791537752 102536073 102536073 0
14 1846 rs243202 90048612 1 0.00717713731629685 90048612 90051591 2979
14 1499 rs3813545 76967305 1 0.00707266828917046 76967305 76967305 0
14 648 rs1712719 43173574 1 0.00706436641318328 43173574 43173574 0
14 686 rs1959379 44974966 7 0.00704821041280569 44947663 45000636 52973
14 801 rs10143848 50844119 1 -0.00699690136778298 50844119 50847861 3742
14 1779 rs2533005 87627303 1 0.00698063385912133 87627303 87627303 0
14 1894 rs4904785 91956870 1 -0.00685389374965076 91944911 91982361 37450
14 993 rs10149559 56882189 1 0.00681605113859998 56882189 56882605 416
14 567 rs2415482 38958967 2 0.00678611160188085 38958967 38970364 11397
14 1871 rs1286496 91027608 2 0.00674787863478465 91015725 91027608 11883
14 403 rs10146185 33200055 1 0.00674032219856002 33183958 33205674 21716
14 2013 rs10134903 95229777 2 -0.00667771070948775 95223868 95229777 5909
14 1320 rs11622064 69810354 1 0.00664427713325394 69810354 69812279 1925
14 1930 rs2146498 93072269 1 -0.00664405713923344 93072269 93072269 0
14 247 rs7153823 26582852 1 -0.00651955921085997 26575000 26594381 19381
14 1341 rs17107965 70679898 1 -0.00648341640799917 70671567 70728094 56527
14 2281 rs7141459 102258662 1 0.00644145945034682 102242072 102258662 16590
14 1915 rs4243693 92822066 1 -0.00643934005474525 92822066 92824871 2805
14 1645 rs10150481 82248853 1 -0.00641989516699116 82219550 82267945 48395
14 59 rs1045922 21250124 2 -0.00634428768669243 21250124 21250940 816
14 2339 rs1048257 105404384 2 0.00633179398478317 105404384 105410183 5799
14 1081 rs1253105 59951982 2 -0.00630143015386729 59950803 60029860 79057
14 1923 rs10134832 92928693 2 -0.00621273154244011 92928693 92931998 3305
14 1256 rs3818468 67862371 5 0.00618052394203283 67658895 67862371 203476
14 1339 rs41286548 70633411 2 0.00612291509430418 70633411 70633411 0
14 926 rs2358477 54607636 1 0.00609133123818243 54607636 54629941 22305
14 749 rs698331 48536772 4 -0.00608096692301207 48536772 48558436 21664
14 1029 rs12896635 58055281 3 -0.00598812883033162 58054979 58081341 26362
14 2113 rs17244398 97150802 3 -0.00596161481995277 97147270 97153198 5928
14 1948 rs12895695 93595051 1 0.00585704619424058 93595051 93596085 1034
14 883 rs11625685 52931884 3 -0.00585136053661736 52908825 53000646 91821
14 2206 rs1257613 99448000 2 0.00582568343589458 99434288 99448000 13712
14 2067 rs7161223 96127082 1 0.00580643664771157 96107176 96127082 19906
14 1839 rs243224 89954050 1 0.00579960991261324 89954050 89954050 0
14 136 rs6572731 23237835 4 -0.00578640572530423 23214356 23237835 23479
14 2300 rs2403102 103306215 3 0.00575537370628848 103304425 103342049 37624
14 1877 rs11629223 91254042 1 -0.00570024022619926 91233834 91262184 28350
14 2284 rs1678019 102328945 1 -0.00568483301442057 102328945 102328945 0
14 662 rs1389565 43836526 1 0.00566978047823249 43827706 43878866 51160
14 2236 rs7152866 100253163 1 0.00559851094987075 100248780 100255923 7143
14 2335 rs4247027 105139894 2 0.00559368606209553 105139894 105139894 0
14 759 rs1371793 48903488 1 -0.00556341468353627 48903488 48903488 0
14 1602 rs8010105 80410592 1 -0.00556102085352405 80408653 80413870 5217
14 1684 rs10131371 83587297 2 -0.00550062729826674 83587297 83591673 4376
14 1171 rs1467422 63684625 1 -0.00547513770771654 63684625 63692593 7968
14 216 rs17109307 25384645 2 0.00544408447325708 25383572 25398571 14999
14 1634 rs45541932 81744076 4 0.00542583182149502 81743565 81746710 3145
14 1702 rs2026207 84342909 1 0.00542064277021718 84342909 84342909 0
14 1208 rs2269303 65254465 1 -0.005414750833466 65254465 65256188 1723
14 1689 rs162654 83778352 2 0.00539536731302095 83777903 83801609 23706
14 797 rs142236510 50558441 1 -0.00537302778459225 50550242 50612401 62159
14 171 rs7142207 24164243 2 -0.00534416332000179 24164243 24164243 0
14 935 rs115333865 55004449 2 0.00533933172723649 54996630 55004449 7819
14 120 rs1540268 22775479 1 -0.00524727999789126 22775479 22775479 0
14 873 rs10151177 52575512 2 0.00519254503614288 52575512 52586244 10732
14 1909 rs12886909 92588192 4 0.00518414504990368 92586567 92627138 40571
14 908 rs210381 54107791 1 -0.00516995846585528 54107791 54123751 15960
14 884 rs17125646 53147143 4 -0.00515233298663382 53132847 53154350 21503
14 186 rs7158744 24717791 3 0.00514018940529491 24707479 24718515 11036
14 116 rs6572351 22736298 5 0.00508965258091504 22730510 22736520 6010
14 1848 rs4904594 90122106 2 0.00503397221195034 90106316 90123507 17191
14 1141 rs1514928 62678303 1 0.00500135925521105 62678303 62678303 0
14 1186 rs7153101 64380896 1 -0.00494883633641982 64365757 64381040 15283
14 1300 rs1465788 69263599 1 0.00494844583608596 69262441 69273905 11464
14 349 rs10143215 31111860 1 0.00494144064465923 31097345 31125745 28400
14 626 rs1957863 42302552 1 0.00485768331180707 42268827 42302552 33725
14 2149 rs2781407 97959474 1 -0.0048460538271758 97929204 97959474 30270
14 1044 rs11629444 58497439 2 -0.00474894886344078 58486211 58497641 11430
14 309 rs1002750 29145878 1 0.00473169552672331 29115506 29145878 30372
14 1564 rs10483901 78898025 5 -0.00472147347098601 78889839 78911307 21468
14 2321 rs1557012 104581072 2 -0.00470063324152801 104581072 104581072 0
14 741 rs10130720 48332395 1 -0.00466216558031846 48312877 48342605 29728
14 376 rs4981146 32454372 2 -0.00465464784832318 32453861 32460060 6199
14 1094 rs8004280 60780429 1 0.00463436712584274 60771653 60782370 10717
14 134 rs11624867 23128339 1 -0.00463197117126723 23123431 23128339 4908
14 1862 rs4508365 90600701 1 -0.00458732886296903 90600701 90621770 21069
14 1568 rs918270 79018345 1 0.00458549497056024 78993170 79018345 25175
14 343 rs6571342 30802421 1 0.0045735661445907 30802421 30802421 0
14 1259 rs12897380 67964355 6 -0.00452989464042165 67964355 67975822 11467
14 185 rs2295322 24679877 1 -0.00451912647675958 24675569 24682837 7268
14 2174 rs10484125 98660236 1 0.00451749585525581 98652207 98675398 23191
14 1627 rs917986 81470655 2 0.00447636552155112 81468954 81480822 11868
14 2346 rs3825762 105752404 1 0.00441583620622226 105752404 105752404 0
14 1116 rs2181985 61940910 2 0.00441256401520084 61940910 61940910 0
14 965 rs12887389 56237212 4 0.0043983234544543 56227332 56240420 13088
14 1943 rs12435423 93459859 1 0.00437322138037161 93435452 93459859 24407
14 459 rs10137683 34308644 2 -0.00436330831305379 34308644 34311717 3073
14 1060 rs311864 59214542 1 -0.00434094845260529 59214542 59214542 0
14 135 rs943889 23169536 1 0.00430977593000271 23169536 23169536 0
14 1260 rs7161368 67983868 2 -0.00428400613869173 67983868 67984540 672
14 500 rs8008601 35887431 1 0.0042664627431813 35884639 35887431 2792
14 118 rs17255668 22747483 2 -0.00424458424489897 22741734 22747483 5749
14 1776 rs1420813 87476592 1 0.00419814217054705 87476592 87476592 0
14 1046 rs7140492 58520500 2 0.00412643265742311 58520500 58520500 0
14 1509 rs34270005 77275630 1 -0.00408667980466156 77245644 77275630 29986
14 1648 rs1959142 82354342 4 0.00403661507275473 82347524 82382950 35426
14 596 rs8013386 40343703 1 0.00403649378096304 40343703 40353935 10232
14 896 rs1424832 53702370 4 0.00401830307903383 53700341 53760514 60173
14 1558 rs6574427 78697830 1 -0.00396708981756557 78689376 78697830 8454
14 878 rs1390375 52761693 3 -0.00396656699116421 52740420 52761693 21273
14 1892 rs755102 91855011 1 -0.00395338801995383 91846680 91859967 13287
14 1571 rs11629205 79156785 1 0.00392290033297633 79152411 79165089 12678
14 207 rs206222 25189197 1 0.00392096745722235 25182686 25204958 22272
14 1296 rs1275049 69184322 2 0.00390678458341754 69183480 69203145 19665
14 98 rs12437386 22255090 3 -0.00387993392128887 22246805 22260045 13240
14 1124 rs10129270 62181954 1 0.00386921838182381 62181954 62213848 31894
14 1997 rs12895360 95038922 2 0.00384955882636888 95027576 95050308 22732
14 994 rs1307538 56920207 1 0.00379779615264354 56895162 56920900 25738
14 1891 rs941916 91820372 1 -0.00376603217086485 91820372 91820372 0
14 1398 rs7159382 72959826 2 -0.00376413176907103 72958138 72959826 1688
14 2167 rs876188 98478604 2 -0.00376314888400573 98463157 98483831 20674
14 496 rs8016947 35832666 2 0.00374587189195024 35829709 35832666 2957
14 2326 rs8010498 104709870 1 -0.00373201130529126 104709870 104710505 635
14 835 rs10149162 51821239 3 -0.00365566531450285 51803928 51821239 17311
14 67 rs1243442 21484183 2 -0.00363188162965259 21484086 21484183 97
14 2079 rs4328368 96275153 1 -0.00360347838802215 96271965 96275153 3188
14 1201 rs745686 64930632 4 0.00355321760191684 64930632 64995694 65062
14 1006 rs862152 57244671 3 0.00347252153611411 57239056 57246017 6961
14 694 rs61753893 45636328 1 0.00345636039550115 45636328 45662577 26249
14 668 rs7143314 44178201 2 -0.0034156187567378 44178070 44207575 29505
14 516 rs1952707 36675857 2 -0.00338598785157843 36673875 36681923 8048
14 1324 rs4899308 70081956 2 0.00338562294197816 70081956 70133145 51189
14 2212 rs7147065 99529685 1 0.00338179837211633 99529685 99529685 0
14 1878 rs743201 91277252 1 0.00337886988055446 91277103 91293447 16344
14 1549 rs12590451 78541015 1 0.00335057890389495 78541015 78543376 2361
14 1560 rs11159346 78750987 2 -0.00333707959145729 78739801 78750987 11186
14 1153 rs2046811 63047648 2 0.00330574094329254 63036495 63047648 11153
14 241 rs1956612 26436743 2 0.00329002609315318 26436743 26436743 0
14 766 rs12101212 49146401 3 -0.00327960903253416 49124236 49149443 25207
14 380 rs10483395 32638913 3 -0.00325144285373512 32635572 32641377 5805
14 1331 rs7142362 70416718 4 0.0032456353663547 70416718 70442350 25632
14 1699 rs7157077 84223384 4 0.00322286894726643 84217514 84229254 11740
14 1887 rs2540879 91708195 2 -0.00321802206325706 91705188 91711471 6283
14 457 rs1958058 34260635 1 0.00320215345605366 34260635 34260635 0
14 721 rs1544197 47443320 2 -0.00319110241456819 47419867 47447920 28053
14 953 rs17672364 55705904 2 0.00317579071608332 55635323 55705904 70581
14 332 rs1958988 30334967 1 -0.00316791679052461 30334967 30334967 0
14 930 rs1950208 54761459 2 -0.00313597452473565 54761459 54774934 13475
14 1559 rs7158445 78719220 3 -0.00310520596612317 78716226 78729556 13330
14 383 rs17098611 32695421 1 -0.00309535112335983 32695421 32713292 17871
14 262 rs6575139 27174402 1 0.0030682573300747 27136647 27176732 40085
14 794 rs12892774 50478328 1 0.00305828022946687 50472405 50478328 5923
14 1785 rs10142090 87926629 2 0.00301715022723365 87913934 87931487 17553
14 1212 rs11623705 65405722 3 -0.00301046124573831 65357916 65406402 48486
14 999 rs4901702 57090588 1 0.00300853573913008 57052282 57092439 40157
14 2133 rs17094928 97547110 2 -0.00299860050491047 97547110 97550836 3726
14 2175 rs1780864 98694584 3 0.00299503430353034 98682107 98694584 12477
14 1979 rs1956451 94620193 3 0.00299341021136027 94606179 94620563 14384
14 106 rs17182972 22433866 1 -0.00298991381311734 22425847 22433866 8019
14 1759 rs1394706 86723836 2 0.0029480739001976 86722953 86737775 14822
14 1597 rs7156557 80297163 2 0.00294579634994344 80286244 80300198 13954
14 226 rs17278020 25715736 2 0.00293165581474345 25715736 25721716 5980
14 2303 rs7149097 103539669 2 0.00290273333726408 103539669 103539669 0
14 664 rs2009767 43980703 1 0.0028955151815753 43975208 43980703 5495
14 969 rs945272 56336645 1 -0.00288041204317971 56319951 56336645 16694
14 1798 rs10130801 88528910 2 0.00285868849870559 88514862 88528910 14048
14 1831 rs7140560 89776720 1 -0.00284364945357654 89771105 89776720 5615
14 589 rs4243636 40110065 3 0.00284322831777429 40080967 40114919 33952
14 107 rs3827932 22481705 1 0.00283823501646681 22481705 22483101 1396
14 788 rs2985697 50092902 4 0.00282553385681028 50074502 50103816 29314
14 1424 rs17782124 74203789 2 0.00280105478924883 74184192 74203789 19597
14 1188 rs9944035 64447776 1 0.00279992056671953 64416898 64469828 52930
14 1443 rs2028377 75010561 1 -0.00277266686439346 74992383 75010561 18178
14 778 rs7140895 49724328 1 0.00275558169986171 49678964 49749252 70288
14 938 rs3949945 55068822 2 -0.00271348688697511 55067637 55068822 1185
14 630 rs1486585 42477917 1 -0.00267961810877578 42431239 42478232 46993
14 2275 rs7156106 101947144 1 0.00263275951303638 101947144 101947144 0
14 1033 rs1950996 58236413 2 0.00261578545293303 58236413 58236413 0
14 1031 rs1951751 58130596 3 0.00260382323157716 58119752 58152836 33084
14 84 rs78874473 22038644 1 -0.00259668218892676 22038644 22038659 15
14 486 rs2275147 35271874 2 -0.00257978503259462 35237677 35322320 84643
14 291 rs10220568 28429366 2 0.00256630144028736 28421091 28446721 25630
14 92 rs10146733 22132807 2 0.0025616020042126 22123377 22146832 23455
14 2333 rs7147000 105007815 1 0.00251908360212804 105007815 105007815 0
14 1697 rs1241906 84142036 2 0.00249364742118769 84119756 84151681 31925
14 1680 rs12437252 83491618 2 0.00247369040528752 83443695 83499467 55772
14 2347 rs1024350 107141122 2 -0.00246182376443645 107139583 107143294 3711
14 531 rs848097 37261482 3 -0.00245809765577953 37228220 37268610 40390
14 1626 rs2284720 81443167 1 0.00244745986125207 81443167 81459186 16019
14 347 rs720046 30978745 1 0.00243996963116908 30978745 30978745 0
14 1590 rs975728 80064529 1 -0.00242230556373037 80057755 80072573 14818
14 1219 rs945015 65612620 2 -0.00241448493040059 65612620 65618655 6035
14 565 rs961777 38848399 1 -0.00241232222435147 38842788 38848419 5631
14 1313 rs45557240 69704434 1 0.00235616054088522 69697289 69704434 7145
14 1496 rs4608264 76927395 1 -0.00234470795550982 76927395 76928471 1076
14 484 rs9743965 35176730 2 -0.00232008273401948 35173418 35185148 11730
14 152 rs910795 23632506 1 -0.00229460999409676 23632506 23632506 0
14 203 rs10873219 25101706 1 0.00227839608384876 25100110 25103662 3552
14 103 rs2874146 22374399 2 0.00224721333874586 22362142 22374399 12257
14 1710 rs7147015 84635493 1 0.00224226381917761 84635493 84638109 2616
14 1107 rs872147 61778915 1 0.00224080232185347 61745417 61792419 47002
14 479 rs4982180 34921900 1 0.00221179395968818 34879025 34921900 42875
14 606 rs1000203 40896108 1 0.00219545956885311 40896108 40913662 17554
14 290 rs8007099 28367958 4 0.00219264511554809 28333418 28367958 34540
14 671 rs2182977 44279080 3 -0.00219063751800116 44279080 44293020 13940
14 534 rs6571765 37324368 1 -0.00218648066039896 37320214 37324368 4154
14 1343 rs4899343 70752646 1 -0.00217146107466596 70752646 70754507 1861
14 363 rs2378932 31983754 1 0.00217059544126293 31976478 31997913 21435
14 696 rs4900672 45897330 2 0.00216855977002464 45850323 45969242 118919
14 1151 rs17100015 62953711 1 0.00216037534236663 62945265 62953711 8446
14 81 rs1061026 21967109 1 0.00215819090064575 21942751 21968876 26125
14 1721 rs2765912 85175316 2 0.00215686538261228 85175316 85180203 4887
14 434 rs10148795 33845322 1 0.00213906531944665 33845322 33845322 0
14 1177 rs10134021 63811438 1 0.00213696597365211 63811438 63811438 0
14 1290 rs12890235 69089903 1 0.00211801636886554 69088185 69089903 1718
14 155 rs11629105 23721880 5 0.00210053867230956 23721880 23740238 18358
14 1883 rs4900070 91590988 3 0.00208533274201 91590988 91594186 3198
14 927 rs1953743 54652479 2 0.00207724863590413 54646750 54659207 12457
14 1480 rs11159175 76571855 3 -0.00207360801521234 76565191 76576494 11303
14 551 rs8016889 38246440 1 0.00207283188309582 38246440 38269869 23429
14 225 rs11159148 25682271 1 0.00206052244027942 25631999 25682271 50272
14 17 rs17106351 20692305 2 -0.00205789916951866 20691329 20694968 3639
14 672 rs7153178 44373149 1 0.00204082743912887 44344532 44383536 39004
14 2059 rs17092794 96038299 3 0.00202608798148052 96033565 96038299 4734
14 1000 rs1041316 57099859 3 -0.00202422641289779 57099859 57103986 4127
14 656 rs12888788 43517553 1 0.00200572248499077 43512251 43518727 6476
14 1693 rs10498564 83962878 2 -0.00200275161225636 83962878 83979888 17010
14 1368 rs10137011 72270801 1 -0.00193954132945595 72270801 72289633 18832
14 1544 rs7141888 78394566 3 -0.00192955592912067 78390060 78400320 10260
14 90 rs4982475 22101945 2 0.00189824261052456 22098295 22102800 4505
14 2181 rs1952876 98841680 1 -0.00189415113602072 98840443 98841680 1237
14 1412 rs17781655 73325384 1 0.00187644385518244 73325384 73329055 3671
14 1870 rs7152250 90983296 2 -0.00186817443270026 90983296 90999201 15905
14 814 rs11157776 51341887 1 0.00186656374522864 51341887 51341887 0
14 4 rs17122640 20503541 1 0.00186378890864887 20502044 20511673 9629
14 600 rs10129770 40660783 1 -0.0018594904330231 40654993 40664273 9280
14 677 rs10220539 44586864 2 0.00185219850640008 44566484 44597628 31144
14 109 rs8022578 22570185 3 -0.00184435189909124 22570185 22573443 3258
14 653 rs17113715 43433419 4 0.0018278576238602 43409682 43433535 23853
14 169 rs11850996 24120127 1 -0.0018031752129359 24117528 24125886 8358
14 1050 rs17094383 58624198 1 -0.00176933921798024 58624198 58624198 0
14 2092 rs12888576 96611391 2 0.00175845648215277 96603723 96611391 7668
14 1365 rs11158907 71987065 2 0.00173817385130041 71972346 72148047 175701
14 2050 rs4905315 95917231 1 0.00173468235571401 95912388 95917231 4843
14 1511 rs7160583 77332408 1 -0.00172014398945041 77332408 77332408 0
14 858 rs7152036 52331224 2 -0.00171380020009494 52331224 52331224 0
14 1535 rs17105930 78007165 3 -0.0017121490753901 78006685 78022797 16112
14 1577 rs8012310 79443296 1 -0.00171028645663446 79429904 79451465 21561
14 2247 rs6575778 100895258 1 -0.00170721183152975 100895258 100895258 0
14 2241 rs1190961 100533402 4 -0.00169560999889384 100522527 100551401 28874
14 415 rs8010723 33555319 1 0.0016914665456982 33555133 33574670 19537
14 64 rs2771358 21422666 1 0.00168355585040161 21422666 21422666 0
14 1093 rs7146234 60744634 2 0.00168239683461902 60687175 60750365 63190
14 503 rs4981296 36012441 1 -0.00167993649466083 36012441 36260358 247917
14 1310 rs7144924 69472159 1 -0.00166460394810423 69465118 69472159 7041
14 1814 rs1469602 89042180 3 -0.00166302272019447 89017069 89042180 25111
14 2152 rs190182 98124407 1 -0.00166116554890834 98124407 98124407 0
14 175 rs11626329 24263944 2 -0.00163729938680709 24261219 24284692 23473
14 2062 rs12878813 96061964 3 -0.00163654619257351 96061668 96063730 2062
14 127 rs12587781 22999617 2 0.00160383747847755 22999617 23009999 10382
14 8 rs2150328 20595252 1 0.00160329910169183 20580112 20595252 15140
14 542 rs911008 37462847 3 0.00159708679424728 37449287 37469378 20091
14 2140 rs943587 97636701 1 0.0015948942372598 97636701 97636701 0
14 1316 rs2105269 69747234 1 0.00159198703479338 69747234 69749097 1863
14 1425 rs13379043 74250126 1 0.00158777504072397 74250126 74250126 0
14 1548 rs10150673 78520076 1 -0.0015493297008439 78516360 78531784 15424
14 652 rs7144495 43398252 4 0.00153791809329962 43380552 43398252 17700
14 1963 rs4905092 94300230 1 -0.00153703575906943 94300230 94306167 5937
14 1220 rs11622328 65640434 1 0.0015323346415633 65634797 65645250 10453
14 912 rs11621375 54206637 1 -0.00150361820776233 54206171 54215536 9365
14 273 rs2146630 27558363 1 -0.00150319885148676 27558363 27558363 0
14 1782 rs8010039 87765589 1 0.00148380011427028 87765589 87805904 40315
14 911 rs169748 54186083 1 -0.00148286941014769 54180599 54187064 6465
14 1752 rs11159732 86257811 2 0.00146509729025013 86243914 86262326 18412
14 1134 rs7142146 62555111 1 0.00145139389454162 62549819 62555111 5292
14 588 rs1980523 40016353 1 0.00144515170448891 40015976 40049695 33719
14 1194 rs1255989 64658226 1 -0.00144155999056436 64647646 64658226 10580
14 627 rs12884688 42321934 1 0.0014265193261887 42315005 42326572 11567
14 1673 rs7145839 83267946 2 0.00141912001426498 83267946 83284434 16488
14 468 rs980464 34568993 1 0.00140017737216937 34568993 34575688 6695
14 199 rs5247 24976574 1 -0.00139448069710082 24971136 24976574 5438
14 1851 rs12887387 90196183 3 -0.0013799744100535 90194121 90208263 14142
14 864 rs10498440 52413573 2 0.00137916959080577 52405262 52417780 12518
14 661 rs8005238 43799094 1 0.00137564739300678 43760949 43807584 46635
14 2220 rs2693693 99676186 1 -0.00134974362476035 99676186 99688743 12557
14 499 rs3138045 35877721 2 0.00134965535719288 35877721 35877721 0
14 1370 rs36453 72334903 1 0.00134796577738406 72333601 72349845 16244
14 1428 rs12588108 74332478 2 -0.00134170141944322 74317000 74410405 93405
14 2010 rs8016615 95187870 1 0.00134167863632732 95187870 95187870 0
14 1633 rs8012466 81641464 1 -0.00134094242141379 81641464 81672106 30642
14 628 rs10872958 42339461 1 0.00133830551562572 42327831 42339461 11630
14 907 rs7149928 54098459 1 0.00131037863167301 54098459 54098459 0
14 97 rs12434054 22221211 1 0.00131037228677701 22220569 22243421 22852
14 772 rs2352918 49460174 1 0.00130501071066559 49423399 49464787 41388
14 526 rs4477602 37151655 2 0.00128334162872296 37150160 37153163 3003
14 2002 rs8023057 95097556 1 -0.00128234664824852 95096255 95097556 1301
14 2334 rs8023004 105116232 1 -0.00128118968864263 105100021 105116232 16211
14 949 rs3783637 55348118 1 0.00127827452224054 55348118 55354869 6751
14 69 rs10146416 21519599 1 0.00127333857186119 21519599 21519599 0
14 1946 rs2749509 93528114 1 0.00127158102482209 93528114 93528114 0
14 244 rs12432901 26494469 2 -0.0012633417959174 26494469 26500262 5793
14 122 rs4982619 22844970 1 -0.00125972324784601 22795270 22844970 49700
14 1643 rs10129518 82136840 3 0.00124675425610948 82109836 82158283 48447
14 838 rs1890697 51892138 1 0.00123403100254237 51867607 51894552 26945
14 2287 rs3993395 102399234 1 -0.00122823404827653 102399234 102410245 11011
14 1491 rs8003974 76822174 1 -0.00122037566789298 76816746 76822174 5428
14 1018 rs8019012 57620026 1 -0.00121649830584119 57612996 57620026 7030
14 408 rs17099578 33285857 1 0.00120986852000596 33283757 33291583 7826
14 1741 rs10498593 85884306 2 -0.00120230007663702 85881928 85918380 36452
14 1935 rs17128633 93306484 1 0.00119910451346059 93239329 93306484 67155
14 31 rs1953225 20897676 1 0.00118254325214948 20897676 20897676 0
14 25 rs2104978 20837033 2 -0.00117026930644152 20837033 20837033 0
14 1531 rs149849326 77944624 1 0.00116533012228364 77938577 77944624 6047
14 41 rs8011671 21020554 2 0.00116359739792659 21020554 21020554 0
14 1143 rs1913627 62725776 1 0.00116212968418794 62724837 62732065 7228
14 1071 rs17255150 59504389 1 -0.00116097833905825 59500972 59505553 4581
14 1599 rs8003197 80307025 1 0.00114559342604251 80307025 80313310 6285
14 2207 rs1257630 99471115 1 -0.00113410643974417 99463057 99474165 11108
14 2299 rs2075771 103242725 2 -0.00113389325961595 103232809 103242725 9916
14 240 rs17212261 26364940 1 -0.00113296500606446 26353497 26364940 11443
14 1105 rs4902035 61697252 1 -0.00112975095636122 61692955 61698015 5060
14 1228 rs8017202 65854958 1 -0.00111990867186648 65853273 65854958 1685
14 68 rs114504351 21502110 1 -0.0011184960926696 21502110 21502431 321
14 18 rs8010116 20723695 2 0.0011170446899504 20712322 20723695 11373
14 823 rs61755582 51489582 1 0.00110169530458445 51482666 51489582 6916
14 931 rs10151748 54795163 2 0.00108664281071239 54793975 54798595 4620
14 576 rs17108549 39376359 2 0.00108122251020648 39376359 39399131 22772
14 2061 rs11621926 96054262 1 -0.00108094034732485 96054262 96060936 6674
14 1302 rs12590404 69331653 1 0.00107998885569446 69331653 69340569 8916
14 1190 rs10140978 64528071 4 -0.00107641502923393 64518321 64560092 41771
14 1242 rs17103156 66441939 1 0.00107181066783905 66441846 66450692 8846
14 279 rs12883861 27720455 2 0.00107002225787007 27720455 27723696 3241
14 1430 rs765719 74541484 1 0.00105990109940026 74489735 74636873 147138
14 113 rs17198047 22690191 3 -0.00105552285985012 22652562 22690209 37647
14 2 rs12147889 20484740 2 0.00105361673610266 20480547 20484740 4193
14 1805 rs447928 88754674 2 -0.00105267733963128 88753328 88757330 4002
14 387 rs10150574 32812532 1 -0.00104028208420721 32812532 32818753 6221
14 2344 rs2816661 105596010 2 0.00102399766743512 105596010 105596054 44
14 61 rs12587462 21265637 1 -0.0010191466283994 21265637 21265637 0
14 1052 rs1051858 58831142 1 0.001016818184797 58821929 58850459 28530
14 2278 rs1190708 102094630 1 0.0010067093634788 102094630 102118619 23989
14 1411 rs11622224 73304565 3 -9.9211673094562e-4 73292958 73316539 23581
14 2198 rs17542671 99307384 1 -9.902266102202288e-4 99305363 99317890 12527
14 1775 rs17259299 87377092 3 9.80678478745083e-4 87366103 87377092 10989
14 544 rs8019489 37544293 1 -9.777251667205916e-4 37543519 37558794 15275
14 147 rs3742486 23568376 2 9.708345720435548e-4 23568376 23568376 0
14 2024 rs1243561 95369886 1 9.441765390661349e-4 95368281 95370947 2666
14 820 rs17123302 51441945 2 9.396590757180164e-4 51441852 51446216 4364
14 1589 rs1544726 80041983 1 9.370898329987847e-4 80013634 80041983 28349
14 730 rs4900734 47744407 1 9.302753107121416e-4 47730954 47780727 49773
14 1774 rs17187078 87342981 1 -9.27305884842434e-4 87340357 87342981 2624
14 1049 rs17094363 58602550 3 9.260272910719316e-4 58575102 58605790 30688
14 2097 rs4905467 96684959 1 -9.208128189312842e-4 96684959 96684959 0
14 777 rs12894351 49609056 1 -9.102871127216592e-4 49609056 49657524 48468
14 1700 rs10137825 84265662 1 8.955020891674475e-4 84252205 84265662 13457
14 2099 rs2069586 96706076 1 -8.943841127798367e-4 96706076 96706076 0
14 1400 rs4903031 73019236 1 8.915083236918975e-4 73019236 73019236 0
14 1766 rs1954195 86978489 1 8.891948239819162e-4 86966085 86995594 29509
14 1522 rs1861420 77663007 2 -8.868083445344999e-4 77649524 77663007 13483
14 2282 rs2296153 102302907 1 -8.863391239029914e-4 102302907 102302907 0
14 321 rs12433083 29895001 1 8.827361680845391e-4 29889699 29896499 6800
14 1833 rs10130093 89799122 1 -8.743749407096836e-4 89798388 89803269 4881
14 1736 rs12879844 85699685 1 -8.72139269128365e-4 85699685 85711479 11794
14 738 rs8014005 48182690 1 -8.694216667727963e-4 48182641 48200491 17850
14 1281 rs12587397 68920095 1 8.687355071522509e-4 68911269 68935112 23843
14 328 rs17115183 30137407 1 8.65717487812671e-4 30137407 30137407 0
14 2078 rs4905389 96260801 1 -8.643922764255527e-4 96260801 96260801 0
14 393 rs1111692 32942539 1 -8.63410275104866e-4 32942539 32942539 0
14 2302 rs10140685 103455008 1 8.520046929784763e-4 103443232 103490892 47660
14 494 rs17103212 35809244 1 -8.431917521444418e-4 35809244 35810602 1358
14 807 rs2984277 51197147 2 8.43053694618283e-4 51188341 51197147 8806
14 1455 rs3742768 75759060 1 -8.399237074965746e-4 75759060 75762198 3138
14 1213 rs35179634 65417070 1 -8.345599657099417e-4 65411499 65426216 14717
14 480 rs12892302 34966936 2 8.326629589429609e-4 34958175 34967465 9290
14 781 rs2183617 49838397 1 8.321679002976712e-4 49809462 49838397 28935
14 1144 rs11625068 62734152 1 8.197054413012827e-4 62732664 62737734 5070
14 1694 rs17118868 84062199 1 -8.191410640510114e-4 84041841 84062199 20358
14 1172 rs10483767 63726715 1 -8.187021094305238e-4 63721611 63726715 5104
14 1043 rs1337115 58465658 1 -8.140307903156633e-4 58465658 58468959 3301
14 91 rs6571976 22112594 1 -8.136726195986596e-4 22112594 22116895 4301
14 197 rs11625819 24910973 3 -8.062276485441973e-4 24908047 24929871 21824
14 843 rs11852062 51952408 1 8.052097000630762e-4 51952408 51952408 0
14 1623 rs12050151 81368817 1 -8.00083917901519e-4 81300687 81404074 103387
14 2118 rs13379447 97193284 2 7.990312154406493e-4 97193284 97193512 228
14 1738 rs4904245 85789611 1 7.96954522587398e-4 85780554 85789611 9057
14 859 rs12878420 52336682 2 -7.950589641628202e-4 52336682 52348226 11544
14 624 rs17181601 42187932 2 7.938839842821921e-4 42184671 42196975 12304
14 1640 rs11499034 81972441 1 7.843391150268133e-4 81945991 82026458 80467
14 1285 rs999737 69034682 2 7.755282750512223e-4 69034682 69039588 4906
14 666 rs7142687 44144630 1 7.665064311131212e-4 44127771 44144630 16859
14 177 rs1033845 24352312 1 -7.557711191992094e-4 24336007 24352312 16305
14 340 rs11156628 30619554 1 -7.529479002084433e-4 30619554 30663050 43496
14 23 rs1760921 20818131 1 7.528922926848321e-4 20796128 20823052 26924
14 2192 rs11620998 99157430 1 -7.476440081360272e-4 99154133 99170143 16010
14 1117 rs10483736 61949217 1 -7.473561532248289e-4 61949217 61949217 0
14 1202 rs2123458 65059157 2 -7.447301172235441e-4 65049394 65111382 61988
14 48 rs750142 21130632 1 7.097508319419532e-4 21130632 21130632 0
14 2291 rs34931752 102729886 1 -7.025027698982919e-4 102686183 102744489 58306
14 386 rs2891193 32780576 1 6.99111014683233e-4 32780576 32781804 1228
14 390 rs2031106 32861709 2 -6.935989058867427e-4 32861709 32876958 15249
14 1751 rs8017097 86226430 2 6.931357365015326e-4 86210504 86227797 17293
14 1764 rs955119 86924652 2 -6.80298569653573e-4 86874638 86924652 50014
14 928 rs1307282 54695480 1 -6.765667796534026e-4 54672574 54699666 27092
14 1010 rs7161116 57309063 1 6.752158275978574e-4 57305815 57319132 13317
14 204 rs10148494 25105891 2 6.703063842396624e-4 25105891 25131460 25569
14 45 rs17308457 21078596 1 6.668404160968129e-4 21077476 21078596 1120
14 1156 rs2101551 63181642 1 6.667148094773928e-4 63175105 63181642 6537
14 1261 rs2064928 68025448 2 6.666768094353336e-4 68019608 68025448 5840
14 1291 rs12890882 69100618 1 -6.643932280529028e-4 69100618 69118241 17623
14 667 rs4906500 44162164 2 -6.583166722586576e-4 44150766 44162164 11398
14 2034 rs3742332 95645872 1 6.564143212789591e-4 95645872 95645872 0
14 261 rs1950399 27120136 1 -6.533352505431249e-4 27089482 27123414 33932
14 1072 rs1950670 59523808 1 -6.439354720268395e-4 59511799 59554149 42350
14 1890 rs1970911 91773494 1 -6.401976557813422e-4 91773494 91773494 0
14 1761 rs10133064 86774395 2 6.358640947193024e-4 86774395 86799697 25302
14 1215 rs7148144 65499450 1 6.099287379017491e-4 65475411 65500735 25324
14 191 rs34106261 24806902 3 6.077154097041331e-4 24805463 24810898 5435
14 1091 rs216504 60674699 1 6.04824316590944e-4 60674699 60675089 390
14 1698 rs17635227 84210672 2 -6.024812661931501e-4 84199093 84210672 11579
14 613 rs1176974 41437036 1 -6.008355273000888e-4 41413100 41455080 41980
14 2233 rs17562391 100133250 1 -5.999360349560315e-4 100124648 100135718 11070
14 1733 rs1442572 85668179 1 5.961950971521991e-4 85662837 85670276 7439
14 1495 rs12435564 76911211 1 -5.928266641112384e-4 76909934 76917275 7341
14 1616 rs8018254 81010253 1 5.923600514991965e-4 81008723 81010253 1530
14 831 rs12588488 51660217 1 -5.896508247843777e-4 51605639 51660217 54578
14 1825 rs751124 89612967 1 -5.890744048759486e-4 89612967 89612967 0
14 1206 rs747860 65239894 1 -5.871364307675274e-4 65239894 65243068 3174
14 1415 rs17569474 73433450 2 5.844953714072765e-4 73403321 73442192 38871
14 695 rs17115982 45783546 1 -5.816816399229726e-4 45769358 45783546 14188
14 2311 rs17609426 103775948 1 -5.766876705137693e-4 103764818 103778366 13548
14 2068 rs1748963 96133913 1 -5.731848440698034e-4 96133913 96133913 0
14 753 rs2792572 48674062 2 5.71091699172875e-4 48673794 48675018 1224
14 1051 rs941752 58799361 1 5.703466826545327e-4 58684804 58799361 114557
14 899 rs1959840 53850018 1 -5.651911886800281e-4 53849832 53850018 186
14 1263 rs4902493 68046275 1 -5.612259595804532e-4 68041061 68049117 8056
14 2031 rs12147295 95478036 1 5.562806924629669e-4 95472704 95480924 8220
14 1902 rs726063 92373198 1 -5.477891380775575e-4 92373003 92376372 3369
14 548 rs7144658 38061742 1 -5.475019138421438e-4 38047789 38061742 13953
14 723 rs17117914 47492549 1 -5.455521723938887e-4 47490379 47504832 14453
14 1258 rs3742855 67912792 1 -5.439437108749383e-4 67912792 67920573 7781
14 2098 rs4905470 96693211 1 5.420745405999934e-4 96693211 96693211 0
14 2171 rs10484134 98529107 1 5.386789173110391e-4 98529107 98529469 362
14 1061 rs10149208 59243338 1 5.372952743651989e-4 59231914 59243484 11570
14 2044 rs1212182 95846518 1 5.347910606389312e-4 95844779 95848170 3391
14 1114 rs1957895 61908332 1 5.342058522423265e-4 61908332 61908332 0
14 360 rs927704 31752664 1 5.332095301845517e-4 31752664 31764174 11510
14 190 rs10483285 24799358 1 -5.165626239938762e-4 24799358 24799843 485
14 1691 rs17118564 83875349 1 5.102747411391294e-4 83875349 83875349 0
14 776 rs12879285 49575029 1 5.102563958573544e-4 49523084 49575029 51945
14 159 rs3811178 23845244 1 -5.070912393217348e-4 23845244 23845244 0
14 1488 rs11622068 76784609 1 -5.013507905685961e-4 76780467 76784888 4421
14 141 rs1042704 23312594 1 5.01030019519893e-4 23312594 23312594 0
14 1706 rs2210184 84443019 2 -5.00289916895644e-4 84438074 84470583 32509
14 520 rs3842844 36816368 1 -4.949271850528152e-4 36816368 36843139 26771
14 1095 rs4901977 60789176 2 -4.941850231924645e-4 60789176 60789176 0
14 1795 rs378816 88412641 1 4.936258597073125e-4 88407888 88414603 6715
14 857 rs11157862 52297407 4 -4.895106610626669e-4 52296402 52308314 11912
14 737 rs8003717 48161473 1 -4.864732465687913e-4 48107640 48170885 63245
14 1173 rs718362 63742585 1 4.841792322211715e-4 63732733 63742585 9852
14 300 rs7140165 28799518 1 -4.829156072652432e-4 28769405 28809084 39679
14 1845 rs243195 90041604 1 4.8220340776365894e-4 90035760 90043381 7621
14 1966 rs11848280 94358100 1 4.806012470007167e-4 94358100 94358100 0
14 846 rs11844403 52005924 2 4.783629242437335e-4 51998499 52006390 7891
14 1605 rs10483942 80478417 2 -4.767220953577099e-4 80457806 80525079 67273
14 62 rs17254450 21325687 1 4.7466651249728007e-4 21325687 21325687 0
14 827 rs8012734 51526789 1 -4.741719594500377e-4 51522485 51526789 4304
14 885 rs4898765 53281883 3 -4.728613818553766e-4 53196348 53283565 87217
14 1998 rs6119 95054012 1 4.717890458004283e-4 95053572 95054012 440
14 482 rs7151774 35075022 2 -4.7013081006301675e-4 35061728 35075022 13294
14 535 rs712374 37336618 1 -4.698320111571147e-4 37328791 37341703 12912
14 2270 rs2400997 101727107 1 -4.6788033320302995e-4 101727107 101727107 0
14 2126 rs863086 97459760 1 -4.659625843552507e-4 97405984 97459760 53776
14 1743 rs7144487 85969521 1 4.652612127182722e-4 85964610 85969521 4911
14 2159 rs898918 98301261 1 -4.646865959987614e-4 98301261 98308170 6909
14 1470 rs45479302 76090978 1 -4.609572804117775e-4 76090978 76090978 0
14 487 rs1208461 35331828 1 -4.4910000316315064e-4 35330460 35345352 14892
14 260 rs1473722 26990356 1 -4.489846239150723e-4 26935221 27056252 121031
14 1644 rs11848661 82198081 2 4.479270741095349e-4 82168185 82209549 41364
14 1592 rs184347 80131977 1 4.474526803794506e-4 80115560 80131977 16417
14 1787 rs1288748 88120070 2 4.44503970314232e-4 88063092 88132761 69669
14 758 rs12896750 48891210 2 -4.408990593935511e-4 48891210 48891210 0
14 601 rs7158539 40698064 1 -4.389792484779111e-4 40698064 40698064 0
14 2253 rs17099646 101218241 1 4.376162475213611e-4 101214993 101224922 9929
14 525 rs2073241 37128936 1 4.244718914777557e-4 37095489 37128936 33447
14 1763 rs8010573 86862533 2 4.2366224415763833e-4 86840851 86863286 22435
14 1150 rs17749359 62938313 1 -4.23100814212662e-4 62925448 62939312 13864
14 1298 rs17757282 69219654 1 -4.1958773588297627e-4 69219654 69226553 6899
14 685 rs1953572 44931593 1 4.192400283488961e-4 44918400 44936552 18152
14 1084 rs7154819 60087380 2 4.165683631011366e-4 60087380 60087380 0
14 1924 rs12434016 92938553 2 -4.1611864438727926e-4 92934315 92938553 4238
14 2211 rs1257676 99497912 1 4.14357497155361e-4 99497912 99497912 0
14 1572 rs1158081 79173250 1 4.141882852532744e-4 79173250 79173250 0
14 458 rs12586518 34289996 1 -4.1369122992346e-4 34285469 34289996 4527
14 1128 rs7156151 62457053 3 -4.1277468625081646e-4 62435628 62458832 23204
14 315 rs10483345 29574470 1 4.098826347847619e-4 29574470 29579407 4937
14 325 rs1191545 30003238 1 4.063533042093771e-4 30003238 30009227 5989
14 1180 rs10152067 63916963 1 -4.0055419337559e-4 63916963 63916963 0
14 1938 rs4905002 93350376 1 3.999189639914422e-4 93350376 93354844 4468
14 2173 rs10144091 98640452 1 -3.97180328324599e-4 98621014 98640452 19438
14 2063 rs911666 96071125 1 -3.927156572784748e-4 96071125 96082543 11418
14 2301 rs2896462 103434739 1 3.843983075492776e-4 103404159 103434739 30580
14 492 rs8015175 35714499 2 3.818515735885961e-4 35675238 35715411 40173
14 1591 rs9806079 80080001 1 3.764147916347717e-4 80080001 80088480 8479
14 591 rs1958964 40164269 1 3.76293086981533e-4 40137400 40164269 26869
14 1790 rs11848779 88275924 2 -3.73384608080334e-4 88256925 88275954 19029
14 979 rs1756626 56492996 1 3.718079524143574e-4 56492554 56507568 15014
14 745 rs17119479 48430295 1 3.7014361209667616e-4 48413039 48431057 18018
14 1715 rs12587870 84916561 2 3.699535919422329e-4 84916561 84920960 4399
14 519 rs3762904 36790795 1 3.671455908544908e-4 36789729 36790795 1066
14 579 rs6571891 39534909 1 3.657340044118139e-4 39492645 39545521 52876
14 2125 rs1885162 97371939 1 3.65085358839216e-4 97362657 97377993 15336
14 718 rs1813500 47254929 1 -3.619976792216968e-4 47241493 47254929 13436
14 1542 rs7145309 78342399 2 -3.618018301135768e-4 78307826 78350462 42636
14 1340 rs1999052 70647191 1 3.610386485347916e-4 70647191 70648166 975
14 1069 rs10047930 59461017 1 -3.589682319315918e-4 59452572 59461017 8445
14 1092 rs216518 60683430 1 3.5743510673252865e-4 60683430 60683430 0
14 615 rs12886510 41596555 1 -3.574343215814567e-4 41596555 41596555 0
14 42 rs12590446 21024786 1 3.540876542810234e-4 21024619 21024786 167
14 951 rs1187874 55498103 1 -3.516999318339246e-4 55493350 55546326 52976
14 920 rs10498466 54391813 2 -3.4999953733858306e-4 54389587 54394012 4425
14 1056 rs863091 59112475 1 -3.44853575426129e-4 59112475 59112677 202
14 1677 rs1959732 83412065 1 3.437253205421517e-4 83409961 83412615 2654
14 212 rs854342 25339449 2 3.429426847334503e-4 25327542 25340520 12978
14 1062 rs856221 59249294 2 -3.390900758475368e-4 59249294 59253715 4421
14 612 rs6572042 41372086 1 3.3724185663392537e-4 41372086 41387006 14920
14 1606 rs10483943 80551109 1 -3.347849842391846e-4 80551109 80551109 0
14 2348 rs11846893 107187307 2 -3.343759771555674e-4 107184997 107198718 13721
14 2022 rs732964 95346359 1 3.326230871727973e-4 95345487 95346359 872
14 1040 rs17094010 58429071 2 3.3066978625968476e-4 58429071 58429071 0
14 636 rs7160686 42706983 1 -3.2680245299402473e-4 42699090 42710883 11793
14 1352 rs4902855 71254954 1 -3.216082840583933e-4 71215380 71255906 40526
14 1034 rs2347367 58295247 2 -3.208771171623078e-4 58262007 58295247 33240
14 540 rs10137084 37429530 1 -3.123138784016095e-4 37423566 37430306 6740
14 988 rs1152472 56771207 1 -3.114863747916135e-4 56771153 56794315 23162
14 2076 rs1951990 96206984 1 3.074093894744364e-4 96206984 96222770 15786
14 1135 rs17735026 62564742 1 3.0558801448517584e-4 62557934 62565691 7757
14 2219 rs2693684 99670005 1 -3.007673457598679e-4 99670005 99673324 3319
14 1350 rs7152071 71152433 1 -2.994459590713679e-4 71152433 71152433 0
14 231 rs11852043 25887935 1 -2.8657822891333773e-4 25886346 25917248 30902
14 1617 rs17110817 81050435 1 2.810644841205098e-4 81026314 81068345 42031
14 1875 rs4904719 91150162 3 -2.8047044627527683e-4 91148877 91183327 34450
14 622 rs12878670 41952148 1 -2.8007554496893106e-4 41952148 41982929 30781
14 20 rs2318860 20743269 1 2.7459194523037913e-4 20743269 20743269 0
14 1510 rs117254981 77294729 2 2.681236294293772e-4 77294729 77305508 10779
14 583 rs10872918 39702975 1 -2.673475486758325e-4 39702975 39721010 18035
14 202 rs11629129 25094856 1 -2.6423874621872903e-4 25070503 25094856 24353
14 2048 rs1187751 95894578 1 2.61431909956991e-4 95891142 95894578 3436
14 736 rs8015075 48082203 1 -2.581009216409143e-4 48076327 48082203 5876
14 821 rs9888603 51459937 1 -2.568068550981316e-4 51455056 51459937 4881
14 1530 rs11845345 77923783 2 -2.557785655121717e-4 77843384 77923783 80399
14 209 rs854368 25264662 1 2.5574880471384437e-4 25264662 25264662 0
14 740 rs2416120 48301760 1 2.552094814523096e-4 48258069 48301760 43691
14 1994 rs7161648 94965464 1 -2.5432074147073165e-4 94965464 94978997 13533
14 2238 rs1191090 100365357 1 2.4939450920834493e-4 100345279 100365357 20078
14 1587 rs7153889 79989432 1 2.4842337783066167e-4 79987789 79989432 1643
14 270 rs7153143 27488148 1 -2.482676720347716e-4 27485187 27488148 2961
14 1983 rs1950654 94805411 1 2.4567567683354764e-4 94782798 94805411 22613
14 2223 rs710087 99791385 1 2.4548623514147774e-4 99791385 99793564 2179
14 1718 rs10498576 85047455 1 2.4394084810490344e-4 85046837 85071223 24386
14 1731 rs7493702 85569284 1 -2.4272677948617823e-4 85569284 85569284 0
14 523 rs1956965 36999637 2 -2.4214364776526092e-4 36999637 37023683 24046
14 29 rs2945461 20863070 1 2.4211681550660957e-4 20862542 20863070 528
14 978 rs12893970 56474502 1 2.4135476587668113e-4 56472487 56488530 16043
14 1625 rs2234919 81422178 2 2.411426023633872e-4 81415154 81438498 23344
14 1454 rs741847 75722496 2 -2.4031911443916465e-4 75722496 75734471 11975
14 1449 rs12147862 75384471 1 -2.37520840152484e-4 75365729 75389074 23345
14 1301 rs412638 69328594 1 2.3617089087695788e-4 69328022 69329901 1879
14 1222 rs1679879 65659664 1 2.2912497095303448e-4 65659664 65659664 0
14 2096 rs4900310 96659673 1 -2.2756177808559087e-4 96659673 96661993 2320
14 1812 rs2295135 88894210 2 2.2737705904567123e-4 88822871 88894210 71339
14 27 rs1760904 20852029 2 2.2603128864869768e-4 20850093 20852817 2724
14 563 rs7149898 38752752 1 2.2491759155087316e-4 38747106 38752752 5646
14 1575 rs8020920 79226876 1 2.203499974205968e-4 79219967 79226876 6909
14 1995 rs4905214 94997495 1 2.1762192986269892e-4 94997495 94997495 0
14 198 rs12323581 24944564 1 2.169113609510332e-4 24932207 24946041 13834
14 1874 rs1952025 91134791 1 -2.161966290404885e-4 91124934 91138191 13257
14 1965 rs12587750 94339156 2 2.1561415124481652e-4 94331816 94339156 7340
14 1416 rs12880210 73467759 1 -2.0935543758670636e-4 73459917 73513863 53946
14 163 rs8015781 23938813 1 2.063148382813854e-4 23938813 23938813 0
14 2268 rs1615947 101697422 1 -2.0088023745317031e-4 101697422 101701975 4553
14 1152 rs4899081 62968343 1 2.0068262462830127e-4 62957651 62984966 27315
14 1192 rs10151658 64612858 1 1.9861788946096267e-4 64580075 64613473 33398
14 461 rs1026885 34428218 1 1.9541918393068975e-4 34423678 34431277 7599
14 100 rs1978024 22297868 1 1.9250990818574007e-4 22284261 22327490 43229
14 237 rs1951039 26164609 1 -1.8711659375886724e-4 26164609 26203387 38778
14 2266 rs17099976 101653358 1 1.82596465888132e-4 101653358 101679255 25897
14 1646 rs1571379 82289937 1 -1.817487900215268e-4 82289937 82289937 0
14 756 rs1769488 48817794 1 -1.812431808001912e-4 48785359 48817950 32591
14 869 rs2029980 52501235 1 -1.8067382360097516e-4 52494072 52501235 7163
14 657 rs1954385 43544443 1 -1.7839488278914952e-4 43530289 43564205 33916
14 1750 rs9323778 86207490 1 -1.7655044215730232e-4 86207490 86207490 0
14 189 rs10134537 24760764 1 1.7639136359877137e-4 24760009 24775846 15837
14 280 rs12887396 27749054 2 -1.7442136918692326e-4 27749054 27749054 0
14 2178 rs8015534 98775497 1 -1.744177022842696e-4 98763881 98793610 29729
14 221 rs2031937 25580391 1 1.7371713831140507e-4 25552668 25580659 27991
14 559 rs2812080 38654018 1 1.735433157060998e-4 38642541 38655211 12670
14 1337 rs7150941 70544895 1 -1.7247979217425313e-4 70534823 70553891 19068
14 1990 rs1885137 94912896 1 -1.7071358773252502e-4 94910363 94913559 3196
14 1102 rs730848 61615435 1 -1.6930433255878908e-4 61615435 61615846 411
14 2218 rs1257427 99654322 1 1.6809916972683234e-4 99654322 99654322 0
14 1155 rs8016446 63143743 1 1.6447459502101622e-4 63143743 63159182 15439
14 1654 rs1652583 82542096 1 -1.639118419079803e-4 82542096 82542096 0
14 971 rs7148125 56358841 1 1.5961401077393308e-4 56358841 56371174 12333
14 1431 rs4899503 74683937 1 1.5501995617077797e-4 74671256 74683937 12681
14 2000 rs1884082 95078677 1 -1.5128146289170873e-4 95078677 95080803 2126
14 538 rs712399 37389296 1 1.4880285081934414e-4 37383879 37390047 6168
14 1410 rs7152005 73280418 2 -1.458135471539969e-4 73280418 73283586 3168
14 2104 rs1890913 96883969 1 -1.428119297028869e-4 96883969 96919159 35190
14 215 rs12885474 25381377 1 1.4016766644065994e-4 25378471 25381377 2906
14 2056 rs11160258 96016792 1 1.3936937206463805e-4 96016792 96016792 0
14 1865 rs11159958 90716051 1 -1.3527411218528597e-4 90685594 90716051 30457
14 452 rs944086 34177627 1 -1.2844158404619e-4 34170982 34177627 6645
14 577 rs4899126 39420693 1 1.2756104954895784e-4 39410706 39420693 9987
14 1629 rs11159491 81572939 3 1.2403719986422263e-4 81569678 81576139 6461
14 299 rs8021489 28752884 1 1.2284252109232425e-4 28744737 28754891 10154
14 1984 rs760335 94814944 1 1.198028727430782e-4 94808664 94816121 7457
14 1950 rs7157141 93629959 1 -1.1108307470106615e-4 93629959 93629959 0
14 1055 rs311817 59079985 2 1.1094189282964998e-4 59077925 59079985 2060
14 1843 rs243213 90017870 1 -1.1084809765436338e-4 90017870 90017870 0
14 1423 rs78901745 73989145 1 1.106531782122358e-4 73989145 73989816 671
14 1374 rs1009018 72465951 1 -1.0793420074965304e-4 72460518 72465951 5433
14 1503 rs17104718 77127092 1 -1.075268565076884e-4 77120744 77127092 6348
14 2043 rs942328 95823078 2 1.0720688584364632e-4 95823078 95823870 792
14 2217 rs1257424 99652561 1 1.0692556441693372e-4 99652561 99652561 0
14 1970 rs10149388 94466834 1 -1.068966044965942e-4 94460833 94466834 6001
14 1159 rs243147 63304636 1 9.916671948025476e-5 63304384 63328981 24597
14 1521 rs158105 77629681 2 9.91570236382042e-5 77625148 77629681 4533
14 1297 rs12148044 69214219 1 -9.862519669221484e-5 69210199 69214958 4759
14 1618 rs7158869 81102507 1 -9.549770629396054e-5 81082400 81102507 20107
14 389 rs1951681 32851025 1 9.477677214120926e-5 32849257 32851025 1768
14 1516 rs204981 77552881 1 -9.419056065403752e-5 77542494 77552881 10387
14 934 rs3783635 54894792 1 8.825499570761612e-5 54890379 54940685 50306
14 1080 rs1046701 59939804 2 -8.800752612537745e-5 59893647 59939804 46157
14 675 rs1950543 44468798 1 8.765966078005594e-5 44459382 44471675 12293
14 1413 rs2192594 73335169 1 -8.659656261870006e-5 73335169 73335169 0
14 1434 rs3742800 74761584 5 8.546533378242993e-5 74738589 74761584 22995
14 1371 rs12881230 72367434 1 8.157542382501483e-5 72355675 72375278 19603
14 2283 rs1746596 102315459 1 7.960650089331556e-5 102315459 102315459 0
14 1936 rs10147312 93314692 1 -7.713984723575747e-5 93314692 93316522 1830
14 1696 rs12887744 84104059 1 -7.689379914576968e-5 84104059 84112725 8666
14 1139 rs12892819 62620878 1 7.487696122927602e-5 62611803 62627780 15977
14 361 rs28396248 31790886 1 7.431936226353612e-5 31790886 31858209 67323
14 1278 rs12889770 68871549 3 -7.297421059937578e-5 68863020 68873297 10277
14 989 rs17091300 56803764 1 7.25434755328059e-5 56803764 56808355 4591
14 1901 rs2244158 92362427 1 -7.169383871672427e-5 92358954 92371353 12399
14 2176 rs2211585 98704602 1 7.06289428765963e-5 98700689 98714883 14194
14 1615 rs7144755 80966305 1 -7.029692594384585e-5 80951312 80971261 19949
14 306 rs1074664 29068832 1 -6.957524147725276e-5 29068832 29068832 0
14 1011 rs7142995 57375058 1 -6.93237831351342e-5 57375058 57379608 4550
14 1358 rs221903 71600208 1 -6.925816777204785e-5 71552352 71600208 47856
14 1567 rs368692 78968484 1 -6.842359607154082e-5 78968484 78978482 9998
14 397 rs8015914 33033695 1 6.763682859302651e-5 33033695 33033695 0
14 1451 rs174994 75434102 1 6.67737327982865e-5 75434102 75434102 0
14 165 rs222671 23985973 1 6.529085337435067e-5 23984843 23985973 1130
14 816 rs28564871 51368610 1 6.116230522414597e-5 51368610 51375826 7216
14 1541 rs11159290 78289694 1 -5.658415729964707e-5 78288709 78298732 10023
14 1232 rs4073416 66259394 1 5.5877793445237376e-5 66259394 66262963 3569
14 1928 rs7157463 93047936 1 -5.4443666588027086e-5 93036571 93047936 11365
14 1929 rs12433867 93065083 1 5.425676726861048e-5 93064069 93065083 1014
14 143 rs4982695 23322613 1 5.346075983988045e-5 23322613 23326242 3629
14 646 rs12882557 43135974 1 5.3429937935182795e-5 43135974 43135974 0
14 632 rs9323055 42525361 1 5.336103740230326e-5 42498031 42525361 27330
14 1827 rs8009301 89660987 1 5.317337591026105e-5 89660987 89662891 1904
14 429 rs1111533 33790609 1 5.13662205799495e-5 33790609 33792989 2380
14 963 rs7145545 56185501 1 4.974657499357059e-5 56177363 56197878 20515
14 1231 rs11627578 66234448 1 4.955438893868941e-5 66232086 66242314 10228
14 882 rs17125492 52882635 1 -4.6750380789316065e-5 52882635 52892612 9977
14 2216 rs1273226 99607842 2 4.5257144167513e-5 99607842 99623030 15188
14 1649 rs1959139 82396190 1 -4.322374667717567e-5 82396190 82396190 0
14 1109 rs1033908 61816227 1 4.242173280923109e-5 61816227 61817533 1306
14 1294 rs2028103 69173252 1 -4.0584401327756987e-5 69173252 69173252 0
14 707 rs12147602 46558653 1 3.333718715513107e-5 46528754 46560423 31669
14 1515 rs17105232 77518302 1 2.8075764699787756e-5 77518302 77518302 0
14 585 rs4902559 39847240 1 2.7891390860807212e-5 39818591 39850261 31670
14 1148 rs12897343 62892840 1 -2.708028689958886e-5 62892016 62894945 2929
14 1373 rs10483837 72449491 1 -2.6688870108286077e-5 72432149 72449491 17342
14 1674 rs10150720 83311943 1 2.6589528712459324e-5 83304238 83311943 7705
14 889 rs1958909 53444727 2 2.622193531341444e-5 53444727 53444727 0
14 2124 rs10141420 97315910 1 2.4803583617800293e-5 97315360 97345806 30446
14 1675 rs10149794 83348276 1 -2.329865915296063e-5 83348149 83378003 29854
14 1179 rs8004556 63852177 1 2.166057999626848e-5 63841891 63857808 15917
14 599 rs11157110 40625255 2 2.1641518791294353e-5 40572241 40625255 53014
14 1268 rs181575 68273579 1 2.116465600987868e-5 68241261 68315720 74459
14 717 rs1381645 47212110 1 2.0753165033160673e-5 47211333 47212110 777
14 1543 rs8009433 78358692 1 -1.9534206916916076e-5 78358288 78370261 11973
14 243 rs862960 26483147 1 -1.9500105244610735e-5 26483147 26483147 0
14 1532 rs77534020 77951143 1 1.823355759866426e-5 77951124 77951143 19
14 1417 rs214260 73662629 3 -1.7965166113080995e-5 73631092 73694590 63498
14 303 rs2224437 28990427 1 1.5590781840529694e-5 28990427 28993910 3483
14 1926 rs10498634 93005721 1 1.463612216697351e-5 93005721 93005721 0
14 12 rs1188553 20654962 1 -1.3557501092752093e-5 20654962 20656645 1683
14 640 rs1483916 42870461 1 -1.339934732568159e-5 42865617 42883339 17722
14 1557 rs2178863 78679789 1 1.1997321109499195e-5 78679789 78679789 0
14 609 rs12589275 41085236 1 -1.1728530576225518e-5 41085236 41085236 0
14 2032 rs12891219 95497723 2 1.072802103388674e-5 95491088 95507885 16797
14 1547 rs1955571 78455537 2 1.002097327466422e-5 78454005 78496587 42582
14 2269 rs12434963 101709344 1 -8.610209334068909e-6 101708609 101710360 1751
14 214 rs1241632 25359120 1 -3.705532102096496e-6 25352748 25370155 17407
14 2240 rs1190986 100496092 1 -3.1707791500196615e-6 100465652 100504506 38854
14 1456 rs11159135 75782101 1 2.020724397682937e-6 75780766 75782101 1335
14 1336 rs13379247 70521763 1 1.1888787674204696e-6 70517183 70525604 8421
14 358 rs10149122 31553136 2 3.044875050270315e-7 31552620 31583512 30892
