CHR Group SNP.lead BP.lead Size W BP.min BP.max BP.width
18 569 rs1790588 67535184 3 0.05560930998872634 67529014 67556646 27632
18 488 rs17773430 57963117 2 0.0223303636031736 57922526 58067037 144511
18 254 rs11659941 24494344 2 -0.01983757188814206 24489062 24620300 131238
18 312 rs1540043 33691313 1 0.01923265025979511 33671697 33781725 110028
18 39 rs11665524 2978535 1 0.01758056443124031 2951876 3002230 50354
18 317 rs61735998 34289285 3 0.01701447613393406 34220737 34810178 589441
18 350 rs1835499 40335882 1 0.01668023678580939 40218068 40468883 250815
18 2 rs618671 362199 3 -0.01583215980865645 354439 362199 7760
18 646 rs17058811 73785500 3 -0.01398358111369872 73782636 73831078 48442
18 375 rs732109 44135050 1 -0.01372723722307798 44135050 44146836 11786
18 225 rs35693789 21747400 4 0.01371915538323281 21689394 21762678 73284
18 200 rs3859299 13462726 1 0.01363034341906171 13458063 13487485 29422
18 246 rs7226601 23877833 2 -0.01355443436229875 23825857 24016157 190300
18 465 rs4309483 56085917 1 0.01336523019500472 56085917 56154571 68654
18 554 rs17078903 65982452 5 0.01333614311008371 65942408 66055389 112981
18 467 rs7238217 56227820 4 0.01277155174675695 56227820 56270997 43177
18 654 rs4365382 74356391 2 -0.01262076996614298 74351381 74389375 37994
18 474 rs17835556 56818766 2 0.01218216575227098 56756133 56828687 72554
18 469 rs1059442 56416693 1 0.01174855038811323 56331663 56446902 115239
18 535 rs12455246 63498880 2 0.01151414804013957 63470003 63614124 144121
18 220 rs2278452 20774097 1 0.01136700063313371 20774097 20819090 44993
18 561 rs17080654 66898945 3 0.01125041478833492 66898157 67012528 114371
18 221 rs7238618 20913598 8 0.0110611009485346 20879217 21068118 188901
18 166 rs11877870 10742289 1 -0.01074680832751718 10729880 10765352 35472
18 66 rs8085726 4370882 1 0.01073625601163021 4370882 4376022 5140
18 641 rs7228334 73500233 3 0.01072248895125792 73486030 73515143 29113
18 194 rs3737361 12831324 6 -0.01031171172968881 12797694 12910932 113238
18 583 rs649809 69160304 2 0.00984471745609709 69153026 69188891 35865
18 411 rs12959102 47786639 2 -0.00962302760279828 47739631 47918639 179008
18 404 rs2000813 47093864 1 0.00960671893507713 47069033 47146125 77092
18 393 rs937019 45981769 3 0.00954906109496728 45969470 46094791 125321
18 303 rs11399467 31477790 2 -0.00945584826040311 31434486 31763797 329311
18 414 rs3752087 48190440 2 -0.00900532896525249 48177860 48226068 48208
18 179 rs7239176 11452145 2 0.00865829167192413 11452145 11512551 60406
18 45 rs1785272 3314310 1 0.00855029630331887 3305738 3330062 24324
18 493 rs1820438 58867832 3 -0.00850882532774286 58824736 59001002 176266
18 134 rs4798712 8890011 2 0.00841507114465073 8833087 8912044 78957
18 517 rs7230508 61226159 4 0.00831676691684772 61183511 61294936 111425
18 327 rs2959219 35998626 3 -0.00822968377145491 35942974 36060187 117213
18 191 rs2096847 12415136 1 0.0074769301981223 12300936 12415136 114200
18 470 rs7228600 56508351 5 -0.00745948467713934 56457396 56518513 61117
18 548 rs2448731 65376601 6 0.00720941722857923 65321902 65479871 157969
18 413 rs10502909 48130532 5 -0.00718022644129873 48075258 48166556 91298
18 18 rs8090522 1542523 1 0.00705899324529984 1481898 1567186 85288
18 133 rs55676538 8819246 2 0.0069002399043168 8792044 8819246 27202
18 167 rs7236574 10795051 2 0.00677533520573271 10769803 10809196 39393
18 454 rs12958967 55315959 3 0.0067452070930505 55315959 55364830 48871
18 107 rs8088532 7082526 1 0.00672470691555792 7054431 7082526 28095
18 562 rs2364201 67088062 4 0.00671607090495004 67036167 67160595 124428
18 292 rs168058 29621938 3 -0.0066467372627408 29621938 29731080 109142
18 621 rs1573486 71955979 1 0.00654738168324404 71907776 71993111 85335
18 80 rs4798363 5473725 3 -0.00633245892280218 5444240 5553097 108857
18 477 rs17769526 57047921 12 0.00629181261124105 56946086 57128956 182870
18 59 rs11081080 3954314 3 -0.00599704344227812 3918823 3958843 40020
18 692 rs497785 76747412 1 -0.00596990324957855 76667529 76754549 87020
18 306 rs9956218 32366760 1 -0.00587970846435005 32312012 32448251 136239
18 575 rs1922109 68199224 3 -0.00560200268465362 68199224 68319148 119924
18 672 rs4890850 75512158 3 -0.00557271328743976 75477351 75558694 81343
18 286 rs8094212 29034304 3 0.00535390958749677 29018114 29057719 39605
18 313 rs1057251 33848581 1 0.00532674688310753 33802526 33852617 50091
18 226 rs9962319 21800299 1 -0.00522344457221792 21800299 21818666 18367
18 280 rs1970694 28283411 3 0.00499669437052039 28183475 28398821 215346
18 223 rs1154232 21511034 3 0.00495442627808505 21333518 21620065 286547
18 423 rs2928940 49443797 3 -0.00494712019508189 49278632 49443797 165165
18 269 rs8088478 26413621 3 0.00491456280159011 26323792 26498677 174885
18 353 rs2622781 41081332 3 0.00481719599438894 40992698 41083535 90837
18 557 rs12606250 66327314 3 -0.00480141770370056 66327314 66408427 81113
18 476 rs7231030 56906961 7 -0.00475962314261775 56877489 56934358 56869
18 420 rs321899 48910603 2 -0.00475581476792742 48895003 48974344 79341
18 419 rs4544324 48812253 1 -0.0046471810356183 48788446 48866388 77942
18 343 rs16975117 39229518 2 -0.00463650887710225 39109891 39240054 130163
18 509 rs6567313 60702324 3 0.00453818107142724 60693026 60754772 61746
18 581 rs17083850 68848130 3 0.00442661207500148 68837291 69033385 196094
18 248 rs4404156 24143454 3 -0.00415819847132856 24111764 24153466 41702
18 324 rs12970162 35562926 6 0.00415365665439262 35557827 35701204 143377
18 501 rs567629 59641926 2 0.00415278473833722 59594659 59693041 98382
18 466 rs17065127 56202231 3 0.00380493873313597 56156233 56205551 49318
18 140 rs16955101 9429811 2 0.0037829874410244 9429811 9429811 0
18 19 rs8086819 1663417 1 -0.00374594500309624 1579479 1718332 138853
18 262 rs2851757 25313101 1 -0.00369228808346361 25313101 25316814 3713
18 539 rs8097294 63964551 2 0.00362167109100055 63959330 64205891 246561
18 233 rs6508330 22379964 1 0.00361665435898933 22328172 22430986 102814
18 640 rs2105738 73465168 1 -0.00354925887826148 73409626 73465168 55542
18 652 rs7232061 74269894 2 -0.00346256935960086 74269894 74277674 7780
18 268 rs8088603 26188052 5 0.00345411380721588 25941461 26256806 315345
18 453 rs317806 55250264 1 -0.00343740847491795 55247454 55283236 35782
18 355 rs1870630 41365083 4 -0.00342443715296805 41355267 41449775 94508
18 8 rs10502288 631435 1 -0.00340455881606439 631435 631435 0
18 444 rs11151630 53857981 1 -0.00333693466810699 53845164 53887306 42142
18 436 rs588705 51763722 4 0.00330230904417312 51678367 51958845 280478
18 348 rs7229024 39948375 3 0.00327981582835181 39895631 40105657 210026
18 104 rs679388 6990280 2 -0.00322181933950228 6980523 6992271 11748
18 439 rs4510110 52780909 5 -0.0032073591081823 52717725 52821124 103399
18 490 rs612238 58209745 2 -0.00320630083203542 58183931 58229503 45572
18 243 rs4800665 23409904 3 -0.00314116232008308 23396250 23431790 35540
18 213 rs1465501 19814796 3 0.00306029451969635 19786854 19890598 103744
18 459 rs4591234 55582254 2 0.00305218408139299 55582254 55682592 100338
18 440 rs1261094 52868092 1 -0.00305046705943296 52829535 53125364 295829
18 487 rs1893512 57787559 3 0.00303132228332506 57732689 57884750 152061
18 316 rs12971018 34126650 8 -0.00302732688639927 34098851 34178483 79632
18 518 rs6567383 61375683 1 0.00300153036503775 61364844 61429252 64408
18 660 rs9951586 74857318 1 -0.00295462187658569 74848698 74857974 9276
18 322 rs11082017 35244641 2 -0.00289210844492271 35131444 35279922 148478
18 55 rs12457197 3680476 2 0.00284520291398397 3645894 3693772 47878
18 192 rs11664013 12582788 3 -0.0028333809641265 12447303 12718593 271290
18 366 rs10502868 43153949 1 0.00282523728187625 43144642 43153949 9307
18 365 rs1054986 43018264 1 -0.00279382700324991 42973922 43127971 154049
18 330 rs5025765 36510940 1 -0.00276651842484707 36384352 36544530 160178
18 314 rs2000662 33966135 3 0.0027443378305562 33873415 33989375 115960
18 201 rs1940916 13510974 1 0.00273161502877592 13510974 13541605 30631
18 341 rs8087566 38792674 1 -0.00272465612121384 38770460 38842906 72446
18 492 rs1532486 58684235 1 0.00272333905056991 58542737 58809023 266286
18 207 rs10513904 14023754 3 0.00269261326998464 14019830 14090271 70441
18 392 rs1038670 45898195 2 0.00267664431749856 45874561 45913212 38651
18 462 rs17833599 55823239 1 -0.00261884166254679 55811058 55839162 28104
18 85 rs8088340 5836382 1 0.00261763268705846 5836382 5843069 6687
18 142 rs676629 9648130 1 -0.00258267545374974 9648130 9648419 289
18 329 rs12953960 36348735 3 -0.00254699485824787 36112086 36348735 236649
18 62 rs1543229 4130516 1 0.00252879180459137 4130516 4201153 70637
18 320 rs17750143 35038483 2 -0.00251998117836369 35016217 35062163 45946
18 523 rs4292016 61868222 5 -0.00249492097397659 61868222 61995848 127626
18 482 rs1788897 57419473 1 0.00248725257342131 57383568 57453103 69535
18 184 rs11872939 11782521 4 -0.00247728285794692 11749198 11802991 53793
18 442 rs1506633 53586671 5 0.00244824312678497 53577346 53729156 151810
18 183 rs16976596 11696613 2 -0.00243590344832861 11696613 11696613 0
18 622 rs1256723 72069279 4 0.00243320943786154 72047318 72073178 25860
18 102 rs7244382 6939846 2 0.00240708071518199 6939755 6942997 3242
18 422 rs9945022 49249102 1 -0.00238105584683759 49137340 49266934 129594
18 202 rs1284414 13553264 1 -0.00234717989320837 13553264 13562008 8744
18 497 rs9964155 59287860 2 0.00229411801979005 59246069 59372096 126027
18 427 rs9951523 49867224 1 0.00228945280136162 49804768 49934162 129394
18 87 rs6506355 5971493 1 0.00226411215882532 5971039 5990968 19929
18 210 rs785989 14902902 3 0.00225885868543082 14791236 14978677 187441
18 71 rs8089250 4772807 2 0.00225880447905082 4772807 4824346 51539
18 197 rs16940343 13309150 2 0.00219319407661639 13294262 13366862 72600
18 157 rs206605 10335737 2 0.00211014085780888 10323659 10335737 12078
18 606 rs1943809 71065781 3 -0.00204297681369476 71044198 71082402 38204
18 511 rs8098848 60857793 2 -0.00203851031483231 60840608 60860246 19638
18 489 rs12606949 58165167 1 0.00200333921665805 58104556 58177942 73386
18 144 rs7228240 9729894 3 0.00199959062103775 9710554 9746909 36355
18 380 rs11662966 45032552 5 0.00198435519144482 44983381 45064406 81025
18 456 rs2850243 55453784 1 0.0019715358842377 55448382 55453784 5402
18 618 rs1788645 71838859 2 -0.00193276451721679 71671333 71838859 167526
18 415 rs17805042 48324575 1 0.00189533470745317 48250288 48324575 74287
18 291 rs12606084 29558592 3 0.00185844231067693 29378538 29558592 180054
18 578 rs716883 68664382 2 -0.00178865701943744 68628078 68695033 66955
18 417 rs6508036 48359730 1 0.0017706808125605 48359730 48572640 212910
18 101 rs11660743 6851557 1 -0.0017677757842633 6851557 6922019 70462
18 588 rs9957008 69633468 2 0.0017592736007997 69633468 69663285 29817
18 485 rs11878145 57607365 1 -0.00171529346465861 57582135 57628926 46791
18 514 rs2850761 60966397 1 0.00163229940557693 60966397 61019455 53058
18 185 rs787554 11862697 1 0.00158437018685182 11862697 11862697 0
18 604 rs6566715 70986258 2 0.00157837956504977 70950526 70986258 35732
18 688 rs2931024 76502001 2 0.00154102629441768 76496620 76502001 5381
18 537 rs2715335 63671513 1 0.00151146708210803 63658175 63689939 31764
18 32 rs2139661 2460332 1 0.00150633462259197 2460332 2485798 25466
18 358 rs16978089 42135254 5 -0.00150476671434077 42044962 42298323 253361
18 310 rs998626 33257120 2 -0.00150094396944229 33187340 33285609 98269
18 333 rs7243074 37675866 2 -0.00148043003971003 37460240 37675866 215626
18 273 rs1492801 27205055 4 0.00147765534342808 27157000 27223970 66970
18 433 rs1431183 50822084 3 0.00147579676443796 50792090 51057298 265208
18 302 rs2000677 31338906 2 0.00147283524062376 31313124 31392833 79709
18 345 rs987380 39448009 1 0.00144265585522778 39428052 39461087 33035
18 376 rs34589386 44157764 3 0.00143058002667524 44157764 44229581 71817
18 628 rs516410 72407862 2 0.00141518760955968 72252137 72414096 161959
18 580 rs11661098 68792319 1 -0.00140937546549039 68781746 68806428 24682
18 14 rs789029 1053252 1 0.00136600562701644 1050812 1063447 12635
18 524 rs2193860 62053185 1 0.00136509922806876 62017237 62062517 45280
18 503 rs4524034 60028008 6 0.00134638206461197 60014463 60082093 67630
18 403 rs1316937 47024513 1 -0.00134521525830273 46564559 47037399 472840
18 555 rs12959780 66175662 2 -0.00133550609288501 66145959 66175662 29703
18 311 rs1942237 33383733 2 -0.00130074590030338 33320260 33647670 327410
18 505 rs11152344 60111781 1 0.00129282770290414 60111781 60114270 2489
18 92 rs882838 6429648 1 0.00128693664623917 6429648 6429648 0
18 47 rs16944782 3374132 1 0.00127287163121166 3373062 3380115 7053
18 219 rs11082304 20720973 1 -0.00127237311304904 20672555 20744254 71699
18 294 rs7237501 29919836 1 0.00120742302845297 29898479 30032385 133906
18 67 rs16946716 4425743 3 0.00118437246639096 4400387 4425743 25356
18 176 rs8091999 11288105 1 0.00118273616346698 11245830 11307693 61863
18 629 rs7233295 72518882 1 -0.00116801699372659 72490940 72519457 28517
18 122 rs12965261 8218296 2 0.00115167617476996 8207445 8247249 39804
18 460 rs4528665 55715670 3 0.00110672223530214 55709155 55772235 63080
18 181 rs4797559 11583447 1 -0.00110429466668553 11583447 11583447 0
18 659 rs966782 74772891 1 0.00107142811246705 74765400 74782069 16669
18 146 rs8082842 9814778 1 0.00106638959382125 9814778 9835419 20641
18 441 rs635538 53273614 2 -0.00106016995462238 53167520 53477819 310299
18 387 rs9945161 45625272 1 0.00104679612895459 45624977 45625755 778
18 603 rs8090073 70880006 3 0.00104407947478016 70868766 70914071 45305
18 566 rs9963608 67368356 3 -0.00104142797019498 67343438 67368356 24918
18 506 rs623248 60152275 4 0.00101612804455435 60147412 60253761 106349
18 137 rs9941409 9006277 1 9.93838484433214e-4 8991193 9006277 15084
18 661 rs8098826 74912813 2 -9.87612217187904e-4 74879392 74923296 43904
18 560 rs884006 66871719 2 9.840520488349415e-4 66800137 66873244 73107
18 347 rs525776 39731208 2 9.83601172084317e-4 39724275 39890680 166405
18 212 rs4800343 19603013 3 9.52266791354652e-4 19513517 19708348 194831
18 52 rs8083633 3522006 2 9.503396748772508e-4 3518761 3522006 3245
18 647 rs2116283 73869891 2 9.458339325696056e-4 73849753 73890904 41151
18 390 rs12606236 45784926 1 -9.268916130387352e-4 45784926 45793917 8991
18 308 rs11872966 32765310 2 9.158614838162756e-4 32618893 32891656 272763
18 448 rs7233847 54451284 2 9.031321123355488e-4 54265847 54540795 274948
18 370 rs590694 43562102 3 -8.848931214780787e-4 43562102 43840064 277962
18 75 rs599322 5148001 2 8.826168552326094e-4 5096936 5152737 55801
18 284 rs9959147 28887090 2 8.808809052345539e-4 28790989 28919913 128924
18 430 rs7236766 50222796 1 8.711361362261328e-4 50158120 50267296 109176
18 245 rs9955678 23759474 3 8.666766078437172e-4 23513338 23776435 263097
18 637 rs12458682 73097909 1 8.52285678003551e-4 73086616 73107145 20529
18 418 rs9304408 48674356 1 8.52144561075241e-4 48674356 48783342 108986
18 357 rs3819128 41795393 1 8.376686263616761e-4 41626891 41875201 248310
18 307 rs8098687 32519272 2 8.214402103927376e-4 32470291 32594072 123781
18 545 rs2219216 65051528 1 -7.984285491500108e-4 65031419 65100211 68792
18 277 rs1344050 27923561 6 -7.942007484509359e-4 27826653 27987508 160855
18 235 rs12966212 22570216 2 -7.887310895436658e-4 22567258 22656876 89618
18 272 rs4369752 27118814 2 -7.754533530148837e-4 26881864 27150116 268252
18 565 rs4891764 67320971 2 7.681996615570469e-4 67258303 67323641 65338
18 240 rs7240975 22989234 1 7.626965384197721e-4 22989234 22989234 0
18 21 rs7227078 1804120 1 7.569051870078627e-4 1800231 1804120 3889
18 82 rs7242770 5647875 3 7.451807174353631e-4 5643417 5718931 75514
18 567 rs2575177 67468452 3 -7.325911928018642e-4 67411257 67469275 58018
18 126 rs12607517 8436239 1 7.305630265390863e-4 8436239 8439366 3127
18 670 rs183067 75371353 1 -7.296544849727732e-4 75314973 75377547 62574
18 222 rs11663558 21133937 1 7.229679507945031e-4 21112206 21205947 93741
18 449 rs1657424 54662887 3 7.217073500060086e-4 54658824 54754936 96112
18 632 rs1828098 72857946 2 7.214356844229678e-4 72852959 72857946 4987
18 3 rs11663304 381704 1 7.158084421218767e-4 372041 381704 9663
18 512 rs1005793 60890160 1 7.046703010303256e-4 60890160 60922851 32691
18 304 rs4389200 31984392 2 -7.015573710050501e-4 31906011 32000277 94266
18 0 rs4797697 139767 3 -6.904687804091625e-4 139767 303389 163622
18 119 rs1441002 7887531 2 -6.743013406433312e-4 7871278 7914057 42779
18 325 rs8094570 35775236 2 6.715660247204113e-4 35713803 35824345 110542
18 528 rs7227796 62502996 1 6.712084020736831e-4 62300768 62516332 215564
18 13 rs1720464 1013959 1 -6.648327164151958e-4 968021 1013959 45938
18 617 rs4552099 71610943 1 6.627688447559163e-4 71610943 71626962 16019
18 633 rs652015 72898905 1 6.520493496209991e-4 72898905 72914280 15375
18 282 rs9304077 28644841 2 6.448069714709811e-4 28584556 28669839 85283
18 587 rs10164220 69445056 1 -6.394637540143503e-4 69401163 69549683 148520
18 388 rs8091725 45660778 2 -6.321080748338552e-4 45642989 45709010 66021
18 636 rs9965347 73047983 2 -6.220709402207144e-4 72997677 73056716 59039
18 266 rs1662735 25674859 1 -6.193113509654491e-4 25674859 25731500 56641
18 391 rs868306 45821540 1 -6.174281331135145e-4 45821540 45852077 30537
18 271 rs2056096 26846197 1 -6.165512812972892e-4 26719357 26847118 127761
18 206 rs11873019 13907526 1 6.12035651072401e-4 13907526 13993454 85928
18 589 rs8083807 69730343 3 -6.119696573387215e-4 69688586 69892689 204103
18 595 rs9966507 70308101 1 6.107662519593914e-4 70308101 70308101 0
18 230 rs560383 22111515 1 -6.107544762857728e-4 22085864 22124418 38554
18 667 rs9948375 75195300 1 -6.082769581362044e-4 75143777 75195300 51523
18 158 rs12454438 10384633 1 6.057689691840026e-4 10378142 10395219 17077
18 552 rs17078680 65864825 3 -6.001571160570442e-4 65848177 65887287 39110
18 125 rs9966297 8402646 1 6.001109461073304e-4 8383862 8410522 26660
18 450 rs741391 54899985 2 -5.986607252606756e-4 54773343 54922829 149486
18 315 rs2860948 34027096 1 -5.818218266102901e-4 34003734 34084319 80585
18 526 rs8092484 62191825 1 5.796489380150923e-4 62100203 62194615 94412
18 259 rs590651 25128787 2 -5.62057643955673e-4 25065432 25144165 78733
18 305 rs2579799 32155796 1 -5.493075585583576e-4 32103169 32187922 84753
18 309 rs1241077 33133859 1 -5.399628505407504e-4 33063368 33135111 71743
18 463 rs7243662 55859854 1 5.395190313499701e-4 55859854 55912423 52569
18 150 rs4797398 10080398 1 -5.202221970442332e-4 10056733 10086755 30022
18 394 rs3786180 46150975 3 5.144757884753561e-4 46141721 46183078 41357
18 519 rs1701603 61488067 2 -5.003844936457334e-4 61444083 61631447 187364
18 231 rs12454682 22158679 1 -4.966572983542224e-4 22135024 22170630 35606
18 500 rs12604169 59583446 1 4.8644800480305455e-4 59535428 59583446 48018
18 90 rs7227961 6337218 1 -4.843523871619946e-4 6283038 6337218 54180
18 165 rs7234687 10694410 1 4.771805712807729e-4 10691192 10717819 26627
18 424 rs12966397 49588022 1 -4.7475872958492913e-4 49500742 49590264 89522
18 389 rs1124349 45718309 2 4.58253516097461e-4 45718309 45735556 17247
18 224 rs4043679 21653838 2 4.4992301734088054e-4 21631244 21665224 33980
18 386 rs9963868 45599434 1 -4.363780028900399e-4 45599434 45599434 0
18 344 rs1115001 39406192 2 4.3116675575427456e-4 39289536 39408516 118980
18 267 rs1990416 25779523 2 4.0823599690117463e-4 25763595 25904868 141273
18 472 rs1510558 56684185 1 4.002415663170871e-4 56672598 56706822 34224
18 354 rs12455397 41231361 1 -3.938645302512235e-4 41168311 41339382 171071
18 400 rs4939826 46453406 1 3.937029990226045e-4 46453406 46465665 12259
18 381 rs10163681 45102280 1 -3.856721718622392e-4 45086502 45118805 32303
18 154 rs12954327 10199279 1 3.822447614761811e-4 10199279 10199279 0
18 337 rs325379 38307941 2 3.789458704617089e-4 38019899 38346383 326484
18 678 rs1876021 75954881 1 3.7206843483243273e-4 75921478 75967549 46071
18 97 rs16950389 6635800 3 3.708163491782771e-4 6635800 6640510 4710
18 468 rs8082808 56318033 1 3.678149987187435e-4 56296138 56318033 21895
18 156 rs12957808 10284623 1 3.663371642114143e-4 10284623 10295284 10661
18 43 rs8091916 3192682 2 -3.616853249678928e-4 3188976 3228493 39517
18 542 rs9967525 64782143 1 3.559375584667928e-4 64767560 64833335 65775
18 261 rs2617939 25298983 2 -3.543012118923576e-4 25264341 25298983 34642
18 510 rs17756073 60809783 2 3.4980906018819576e-4 60809783 60819383 9600
18 677 rs8084678 75858655 1 3.245119932265883e-4 75858655 75872492 13837
18 68 rs12958338 4483453 1 3.128517011553285e-4 4462824 4488582 25758
18 328 rs2033104 36097853 1 3.114012154840931e-4 36083127 36102946 19819
18 61 rs7505745 4099242 2 3.00506400224303e-4 4056012 4099242 43230
18 160 rs12955584 10433382 1 -2.981807585628617e-4 10433382 10448334 14952
18 662 rs1893829 74954315 1 2.969079462123189e-4 74929495 74959841 30346
18 693 rs7239390 77052242 3 2.9683427527464027e-4 76806843 77147472 340629
18 657 rs608433 74611127 1 2.953631011657287e-4 74496416 74703719 207303
18 232 rs11873413 22259754 1 -2.9240496467315447e-4 22193658 22312687 119029
18 106 rs483480 7031103 2 2.805040490786707e-4 7027438 7034508 7070
18 360 rs12608276 42505799 2 -2.7498756945539975e-4 42428724 42599920 171196
18 697 rs891488 77637424 2 2.6246342344932085e-4 77579773 77721125 141352
18 283 rs4799305 28689144 1 -2.615472867300981e-4 28683238 28765530 82292
18 533 rs681307 63126211 1 2.611228132033008e-4 63126211 63196837 70626
18 607 rs1942788 71095826 1 2.5923393767488163e-4 71095012 71218924 123912
18 572 rs7230661 67948111 1 -2.5913683671391433e-4 67948111 68027361 79250
18 24 rs1009238 2000079 1 2.54942168599156e-4 1986214 2029423 43209
18 211 rs9957932 19461917 1 -2.524959364477349e-4 18570235 19461917 891682
18 244 rs17799466 23471816 1 2.488415950606266e-4 23440992 23501282 60290
18 84 rs9960331 5821072 1 2.424073269467583e-4 5821072 5832745 11673
18 644 rs8096766 73661225 1 -2.412194285664146e-4 73625498 73692820 67322
18 287 rs1791235 29126670 2 2.3988966578523897e-4 29076717 29126670 49953
18 123 rs9949149 8298633 1 2.1926025643375117e-4 8275857 8298633 22776
18 429 rs1221874 50131110 1 -2.144733107939403e-4 50043368 50135346 91978
18 540 rs9949882 64255420 1 2.1151581461335448e-4 64255420 64690182 434762
18 12 rs12373400 923096 1 2.0185604765196136e-4 920151 958056 37905
18 33 rs770221 2534877 2 -2.0039753242329648e-4 2502416 2593662 91246
18 117 rs875530 7774104 1 -1.9666706130836415e-4 7706347 7774104 67757
18 356 rs1380835 41493047 1 1.9371303827609012e-4 41480527 41509655 29128
18 145 rs9951109 9762933 1 1.9226683402180883e-4 9762933 9787464 24531
18 416 rs9948324 48349191 1 1.9134951161309951e-4 48331524 48349191 17667
18 332 rs7231724 37304966 1 -1.851630255830184e-4 37013771 37416318 402547
18 217 rs11082007 20164232 1 1.842600850903981e-4 20160314 20279233 118919
18 686 rs2002842 76409597 2 1.782008564911896e-4 76379213 76421267 42054
18 299 rs76952832 30969567 1 1.664740544407625e-4 30591626 30969567 377941
18 405 rs7241918 47160953 2 -1.6625646251785202e-4 47157004 47179516 22512
18 265 rs6508522 25557873 1 1.631462804828485e-4 25532304 25645403 113099
18 616 rs4146451 71570874 1 1.572308041186927e-4 71570861 71591298 20437
18 319 rs2155954 34988515 1 -1.5537214173274073e-4 34936882 34992205 55323
18 499 rs8085961 59508211 2 1.528777901298395e-4 59472346 59508211 35865
18 577 rs7238047 68491824 1 -1.5098498021496654e-4 68481094 68609208 128114
18 237 rs4131294 22772210 1 1.492102849124582e-4 22772069 22887059 114990
18 260 rs11083221 25225559 1 1.4800475515016844e-4 25152084 25238114 86030
18 549 rs587742 65536604 1 -1.4204980982194615e-4 65494529 65541451 46922
18 544 rs12605618 64958808 1 -1.419014463342217e-4 64898303 65017147 118844
18 586 rs8088887 69334079 1 1.3903043457214788e-4 69325983 69334079 8096
18 522 rs6567416 61840388 1 1.3790642050616833e-4 61840388 61840388 0
18 452 rs10503014 55160632 2 1.3395794741150486e-4 55118992 55201461 82469
18 293 rs71361372 29782953 1 -1.238313831519804e-4 29778387 29867091 88704
18 455 rs7234711 55408875 1 1.19289365453347e-4 55395811 55432083 36272
18 195 rs61740922 13057655 2 1.172793498582627e-4 12927114 13191184 264070
18 352 rs11664719 40640843 2 1.1636745570365304e-4 40545736 40884989 339253
18 81 rs1785382 5590926 1 -1.0968074816436548e-4 5590926 5590926 0
18 276 rs7232093 27790493 1 -1.092367493799476e-4 27549727 27815609 265882
18 346 rs9948753 39491873 1 1.0698380469091253e-4 39468269 39686943 218674
18 138 rs9973049 9055545 1 9.663539415735871e-5 9025906 9055545 29639
18 590 rs4572503 69935826 5 8.762839711780497e-5 69908670 69958278 49608
18 573 rs10513986 68081085 2 8.067566682873461e-5 68062874 68114712 51838
18 178 rs16976195 11377526 1 -7.567264367941274e-5 11367098 11422601 55503
18 451 rs8087849 54977324 1 -7.385272955042865e-5 54976972 55066546 89574
18 9 rs1059393 672836 1 7.383146658847671e-5 660383 709202 48819
18 397 rs4583322 46319685 1 -7.219803733349585e-5 46314384 46319685 5301
18 136 rs7236054 8972284 1 7.152994838765812e-5 8972284 8982732 10448
18 362 rs16978286 42741986 1 6.595561409427745e-5 42667918 42823514 155596
18 297 rs1980034 30259109 1 5.719053684569368e-5 30249433 30259109 9676
18 669 rs11151064 75262263 1 4.963703873747425e-5 75262263 75301069 38806
18 550 rs12606592 65590731 1 -4.0441685110712914e-5 65560835 65624511 63676
18 432 rs2156283 50430275 1 3.785371851486875e-5 50370920 50745236 374316
18 481 rs1791342 57359877 4 3.779458970471069e-5 57356148 57370181 14033
18 4 rs2621167 458662 1 -3.331420569815524e-5 400766 458662 57896
18 377 rs17700084 44263237 1 -2.9209600515201867e-5 44246897 44292598 45701
18 546 rs1480673 65186331 1 2.4738016016828413e-5 65109829 65263773 153944
18 238 rs7230778 22927757 1 2.130876183288388e-5 22914709 22927757 13048
18 593 rs9964306 70121997 1 1.8917971031186535e-5 70099656 70172683 73027
18 257 rs7230264 24927434 2 -1.538973164074534e-5 24880578 24938196 57618
18 367 rs7237461 43220875 1 -1.5158863801338168e-5 43182342 43231622 49280
18 258 rs1607485 24997610 1 1.2415182126867275e-5 24992045 25033053 41008
18 447 rs421544 54123365 1 1.1780789016857876e-5 54050693 54243554 192861
18 65 rs4624288 4341519 1 -9.005026522345622e-6 4341519 4341519 0
