CHR Group SNP.lead BP.lead Size W BP.min BP.max BP.width
19 567 rs3745516 50926742 2 0.1706622491745922 50926742 50926742 0
19 160 rs2304256 10475652 2 0.08922926679509458 10469975 10546771 76796
19 591 rs273634 51718837 2 0.05859304352684871 51718837 51738920 20083
19 566 rs1726801 50905074 2 0.0515237834092835 50855935 50905074 49139
19 241 rs8109466 17207011 3 0.04816540802346594 17148156 17212992 64836
19 361 rs10411210 33532300 8 0.0408324641798928 33532300 33630693 98393
19 60 rs243335 4402017 2 0.03938805219840978 4353174 4433412 80238
19 602 rs7260152 52160305 5 0.03577743688731458 52155449 52186517 31068
19 18 rs10417628 2251817 1 0.03228842529379927 2251817 2251817 0
19 449 rs61750953 41306650 5 0.03212445020224901 41274713 41324684 49971
19 383 rs8191371 34868776 1 0.03097283330951505 34833079 34985466 152387
19 303 rs12985572 28769462 5 0.03074490647979961 28718660 28817506 98846
19 215 rs116923487 15133803 6 0.02897684844908797 15131668 15143453 11785
19 224 rs144011208 16024140 7 -0.02852165759613146 15983971 16072037 88066
19 243 rs2305767 17294296 2 0.02715908745274913 17283303 17306074 22771
19 663 rs17305311 54705641 3 0.02660641290427519 54705641 54707822 2181
19 435 rs1865093 39936134 4 0.02412170937486932 39913558 40000075 86517
19 398 rs11084813 35923858 2 0.02411465742129477 35897918 35923858 25940
19 522 rs12461639 48172671 6 0.02379249224889536 48128710 48198675 69965
19 85 rs778805 5832209 4 0.02378290922010969 5822490 5839746 17256
19 230 rs12710303 16282131 10 0.02370059064823718 16282131 16352403 70272
19 526 rs12979616 48350011 2 -0.02338297635182024 48345928 48357152 11224
19 117 rs72558007 7762440 1 0.02325518325326853 7758339 7762440 4101
19 219 rs11085954 15594019 2 0.02274623303531416 15587185 15607508 20323
19 445 rs3745205 40948202 5 -0.02269269497150439 40947076 40952148 5072
19 484 rs8108277 45205877 1 0.02215680705271958 45205877 45205877 0
19 593 rs3786627 51850767 4 -0.02206757617201476 51823015 51861176 38161
19 260 rs7259041 18123738 2 0.02203238388117048 18117646 18123738 6092
19 48 rs45465594 3813906 3 0.021624015717944 3813906 3851344 37438
19 318 rs10411539 29972230 4 -0.02077943278082467 29938906 29980809 41903
19 488 rs4803766 45371168 3 0.02038002906222085 45366779 45382034 15255
19 377 rs7256463 34366393 4 0.01992344053169408 34351775 34366393 14618
19 26 rs61754927 2917509 6 0.01985454003463564 2900518 2921008 20490
19 366 rs16967952 33795241 2 0.01974355305338757 33791127 33795241 4114
19 537 rs28648758 48968312 1 -0.01929432512752612 48948296 48968312 20016
19 223 rs8110002 15963695 2 0.01890846694239902 15851229 15974393 123164
19 665 rs103294 54797848 1 -0.01886010419819283 54797848 54797848 0
19 273 rs17216041 19366643 4 0.01813791914060366 19358672 19734539 375867
19 415 rs705507 38610721 6 0.01773680289129476 38525798 38654551 128753
19 514 rs11083846 47207654 5 -0.01760509903544966 47207654 47285589 77935
19 428 rs879689 39650830 4 -0.01753021765216144 39622846 39678078 55232
19 137 rs2340550 8808942 1 -0.01727734638846157 8787140 8808942 21802
19 622 rs3745101 53085813 2 0.01710037764416054 53085813 53086946 1133
19 395 rs2853332 35746706 6 0.01696942797226106 35710685 35775441 64756
19 343 rs56688754 31906847 11 0.01680612038007136 31838378 31963015 124637
19 621 rs329966 53070617 2 -0.01657619627368831 53034598 53070617 36019
19 417 rs8102476 38735613 7 0.01637440119944499 38735613 38827960 92347
19 44 rs1985358 3729042 1 0.01632789493561323 3729042 3750615 21573
19 656 rs10420331 54469068 1 0.01631292312176329 54469068 54486773 17705
19 455 rs1800472 41847860 1 0.01614209527643047 41847860 41847860 0
19 172 rs897811 11698757 1 -0.01603021844100721 11687195 11730545 43350
19 0 rs2166359 342617 2 -0.01548252742465551 301619 342617 40998
19 737 rs260428 58736625 2 0.01528266794024863 58708730 58736625 27895
19 535 rs16981988 48821757 5 0.01525516630219321 48800751 48853653 52902
19 72 rs263063 5022604 3 -0.01525429997168142 4953351 5046070 92719
19 199 rs11670064 14447600 5 0.01522425288958717 14416793 14450812 34019
19 412 rs10421415 37483444 9 0.0151819148097439 37403224 37645458 242234
19 126 rs8112582 8242511 1 -0.01475465733344448 8242511 8242511 0
19 164 rs11673064 10955925 2 0.01465626957720996 10897613 11105608 207995
19 263 rs11666281 18234588 3 -0.01459639131552 18234588 18307108 72520
19 274 rs892035 19758190 3 0.01444050313033381 19758190 19831544 73354
19 619 rs9630874 52928039 2 0.0143011030173473 52928039 52932420 4381
19 543 rs16982241 49202859 1 0.01424655561703336 49202859 49252989 50130
19 576 rs2659122 51363026 3 0.01413736537694796 51361315 51374047 12732
19 407 rs62109744 36546015 1 0.01387851785298123 36498415 36590329 91914
19 444 rs4490099 40731491 4 0.01371572799102784 40731491 40855255 123764
19 299 rs811020 28393499 1 0.01329385959054919 28312200 28444957 132757
19 51 rs7251928 4077096 1 0.01289781203541389 4074697 4077096 2399
19 408 rs753420 36643695 2 0.01288839381392419 36643695 36652185 8490
19 296 rs621906 23597452 4 -0.01282914407284759 23556852 23677401 120549
19 171 rs624899 11612498 2 0.01275017313163487 11612498 11651810 39312
19 95 rs422981 6556778 2 0.0126928996499818 6547141 6556778 9637
19 475 rs16976937 44470147 2 0.01248730225762349 44438366 44495315 56949
19 618 rs324125 52887282 2 0.01248730195673713 52882520 52887603 5083
19 637 rs16984664 53769861 5 -0.01247160461769964 53705554 53776668 71114
19 121 rs6603134 8106521 3 -0.0123126639373418 8033348 8106521 73173
19 672 rs10419191 55159164 3 -0.01217199382925994 55128339 55159164 30825
19 23 rs4334421 2580057 2 0.01214405082216498 2580057 2601811 21754
19 272 rs2228603 19329924 1 0.01212525540606448 19329924 19344579 14655
19 680 rs890871 55672055 3 -0.01201024601848177 55672055 55698955 26900
19 517 rs1862499 47549791 1 0.0119958908428974 47549791 47549791 0
19 422 rs2287731 39101879 3 -0.01185435155724762 39073151 39237950 164799
19 696 rs306481 56487603 3 0.01182778279421183 56467375 56493232 25857
19 443 rs459091 40561175 6 -0.01167606754062816 40477465 40657509 180044
19 36 rs4807425 3229224 1 -0.01158912062879042 3229224 3256521 27297
19 229 rs2241400 16240727 2 -0.01134487556599143 16223287 16245267 21980
19 722 rs10403926 57588298 2 0.01121924917496369 57582025 57599661 17636
19 410 rs8108848 37019742 9 0.01096881152271964 36950171 37331614 381443
19 669 rs35336528 54968038 1 0.01082768692321363 54937469 54968038 30569
19 222 rs12462733 15789470 3 -0.01082508968935765 15784116 15813467 29351
19 606 rs4802866 52299675 4 0.01079639248530541 52287452 52301571 14119
19 3 rs8108922 691025 3 0.01054595223726455 682010 691025 9015
19 709 rs4801177 57089050 5 0.01039715311965855 57036012 57092369 56357
19 553 rs3786567 49991789 2 -0.01038525146853429 49991789 50045878 54089
19 554 rs1865077 50140092 2 -0.01032545987517598 50140068 50140092 24
19 727 rs6510064 57855930 7 0.01011256513530652 57835252 57909872 74620
19 32 rs3786947 3114229 2 0.01010596904287343 3099982 3114229 14247
19 338 rs10405541 31343577 4 0.0099997284663447 31283654 31343577 59923
19 159 rs2304237 10446568 4 0.00994031982522138 10435493 10449751 14258
19 489 rs769449 45410002 3 0.00984904195733275 45395266 45414451 19185
19 599 rs17239287 52022033 4 -0.00979914360084666 52000187 52034506 34319
19 142 rs1823058 9199226 1 -0.00978487217005917 9168586 9218125 49539
19 360 rs8109698 33426362 4 -0.00957118444309068 33392087 33468067 75980
19 333 rs77238711 31039669 1 0.00952163171615297 30987104 31044025 56921
19 634 rs1045764 53611473 4 0.00949090584276683 53582436 53627777 45341
19 401 rs7247001 36003962 2 -0.00941167228346624 36003962 36003962 0
19 573 rs919276 51231068 2 0.00927347182485703 51231068 51236834 5766
19 86 rs731773 5991622 2 0.00917992852410968 5880949 5991622 110673
19 414 rs16979230 38515280 1 -0.00912236380479651 38478465 38515280 36815
19 588 rs2691273 51596136 3 -0.00908691518645396 51595583 51596136 553
19 242 rs12052065 17241649 2 0.00908679452011053 17241649 17246212 4563
19 292 rs16999232 22797775 1 0.00897271531616612 22797775 22797775 0
19 157 rs117064827 10334725 2 0.00896151723031677 10334725 10338676 3951
19 120 rs652260 7900562 3 0.00895910487929508 7898541 7936208 37667
19 174 rs286300 11797308 4 0.00894285937569676 11789015 11842323 53308
19 397 rs11878345 35868773 4 0.00884357460931653 35868773 35886660 17887
19 135 rs7249094 8672000 2 -0.00884153632055051 8672000 8672000 0
19 158 rs2569693 10399904 5 0.00879381110652741 10394792 10399904 5112
19 52 rs12459940 4118871 2 -0.00878146020071902 4115993 4118871 2878
19 453 rs305959 41675162 2 -0.00871606826895327 41668003 41675162 7159
19 607 rs17695224 52324216 2 -0.00870441490410433 52305158 52324234 19076
19 109 rs4804404 7218382 1 0.00863212717901594 7218382 7239555 21173
19 111 rs7254060 7283414 1 0.00859829363360806 7278452 7298095 19643
19 516 rs384842 47379025 6 -0.00859125426703418 47371616 47455315 83699
19 392 rs1687983 35568212 1 0.00852665760434053 35556123 35570307 14184
19 15 rs7251590 1989867 2 -0.00851798626560859 1926027 1989867 63840
19 354 rs7253538 32834547 5 -0.0084223523560748 32818329 32944565 126236
19 312 rs10413904 29575500 2 -0.00840322364186061 29510990 29575500 64510
19 300 rs10409248 28531174 2 0.00831595978241337 28453315 28551991 98676
19 695 rs160104 56433203 5 0.00826237992175692 56426073 56466227 40154
19 132 rs3764570 8528277 2 0.00821383182428726 8528277 8543713 15436
19 212 rs12971470 14959299 4 -0.00812370642327634 14951605 14997907 46302
19 203 rs8109493 14603932 1 0.00802198346648175 14603932 14603932 0
19 175 rs286232 11908397 5 -0.00800165553691329 11866510 11931746 65236
19 152 rs889125 10120571 1 0.00799759588296073 10120571 10120571 0
19 136 rs1561406 8751106 3 0.00795520199300351 8740520 8751106 10586
19 705 rs17273365 56800202 2 -0.00788461081346713 56785231 56800202 14971
19 149 rs2303100 9968434 1 0.00785685517494237 9951916 10017135 65219
19 293 rs2569723 22994241 3 -0.00777045573306684 22934973 23000745 65772
19 638 rs3960965 53789383 1 0.00770703590123052 53780966 53793574 12608
19 473 rs3760982 44286513 1 0.0077062540173798 44286513 44305869 19356
19 482 rs754340 45163671 1 0.00768480103470833 45115487 45163671 48184
19 221 rs2683043 15764071 11 0.00767998455179286 15682328 15773915 91587
19 247 rs10415893 17512412 3 -0.00767134567001493 17487620 17513981 26361
19 342 rs1078373 31801130 1 0.00764003349743142 31801130 31801130 0
19 358 rs259229 33134425 7 0.00757171290124975 33096786 33167837 71051
19 478 rs2722700 44951405 2 -0.00756859852552686 44892168 44951405 59237
19 162 rs3745255 10668452 3 0.00753834591041994 10668452 10701833 33381
19 254 rs3761055 17835831 1 0.00737677397047078 17827257 17837512 10255
19 477 rs2722738 44855757 2 0.00736315917466997 44642053 44855757 213704
19 518 rs2303108 47589895 1 0.00735162686624344 47589895 47589895 0
19 597 rs1820112 51930706 4 0.00735012412448439 51925519 51954858 29339
19 100 rs7258236 6760974 3 -0.00728097934961119 6751293 6760974 9681
19 231 rs390017 16406034 1 0.00723983215278065 16398314 16406034 7720
19 370 rs891035 34060938 2 -0.00717761124182343 34060938 34064054 3116
19 578 rs2659079 51421491 2 0.00713852663032741 51421491 51431836 10345
19 240 rs8105013 17109350 3 -0.00710139262157928 17108127 17118433 10306
19 298 rs10415672 24175453 5 0.006993355406319 24058196 24358391 300195
19 555 rs12609870 50229644 1 0.00698868910800742 50229644 50229644 0
19 440 rs3944083 40301967 4 0.00690598051692771 40301967 40347658 45691
19 227 rs8110325 16176940 1 0.00672958591479092 16176940 16176940 0
19 207 rs726789 14743003 2 -0.00662812869740475 14737431 14744032 6601
19 256 rs10407076 17920758 2 -0.00657878162111468 17920758 17927041 6283
19 367 rs10518275 33850841 1 -0.00656266053224288 33830598 33883248 52650
19 530 rs891015 48542414 4 -0.00655486531262114 48536910 48557013 20103
19 264 rs2238646 18338101 3 -0.00655213299441511 18312588 18351674 39086
19 510 rs8112461 47001373 4 -0.00645266554930034 46949662 47002915 53253
19 692 rs2616949 56332628 3 -0.00644320306201894 56316796 56332628 15832
19 127 rs1466448 8289519 1 -0.00642144529529927 8271721 8298411 26690
19 11 rs1875960 1537467 2 -0.00634698210567605 1537467 1537467 0
19 404 rs2267586 36159368 5 -0.00633756262695607 36157740 36273534 115794
19 330 rs7247350 30884407 3 0.00630165695283857 30880662 30884407 3745
19 628 rs7252166 53293834 2 0.00618035409128899 53293834 53293834 0
19 107 rs1052371 7112593 2 -0.0061360000844322 7103542 7114213 10671
19 485 rs3208856 45296806 1 0.00609896736178797 45296806 45297479 673
19 94 rs11085177 6520490 2 -0.00594959199193981 6520490 6524406 3916
19 368 rs4805889 33954588 4 0.00589609880170299 33897223 34000725 103502
19 63 rs10420817 4605239 2 -0.00588335140078086 4590877 4605239 14362
19 708 rs985113 57000173 2 0.00586685728211135 56949967 57006853 56886
19 180 rs6511809 12562294 1 -0.00577292750634638 12562294 12621993 59699
19 61 rs10421126 4471797 6 0.00571560495381896 4471797 4511181 39384
19 91 rs8104835 6325659 1 -0.00571290133681556 6325659 6380469 54810
19 122 rs8103218 8143114 1 0.00563310853554577 8136398 8148314 11916
19 609 rs61743893 52568422 4 0.00562855707826647 52457306 52586919 129613
19 165 rs1122608 11163601 2 0.00561678572475741 11163562 11170839 7277
19 532 rs4987068 48640807 2 -0.00557749141771252 48605823 48678148 72325
19 147 rs971366 9598587 6 0.00553210179277865 9395584 9603751 208167
19 712 rs12462745 57218918 3 0.00553063844848609 57198573 57231002 32429
19 282 rs625998 21008838 4 -0.00544512542192255 20925934 21107489 181555
19 726 rs10411733 57790988 4 0.00539213350107131 57790613 57820717 30104
19 286 rs10415147 21953645 9 -0.00521911409761209 21927706 22036167 108461
19 613 rs10424348 52702778 1 0.00512787828903601 52680938 52707974 27036
19 436 rs7257553 40046863 3 0.00508034114325316 40024324 40060648 36324
19 328 rs12611074 30702788 2 0.0050578593640594 30670438 30711242 40804
19 270 rs36039745 19168228 2 0.00504398073217511 19136541 19230816 94275
19 352 rs10413445 32722146 2 0.00503382539725578 32686646 32722146 35500
19 326 rs277079 30566056 1 -0.00500945277788994 30566056 30566056 0
19 678 rs1654410 55524813 3 0.00500511625337543 55524375 55555988 31613
19 523 rs2042286 48289303 1 -0.0048065574172298 48263635 48289303 25668
19 50 rs10402864 4040305 2 -0.00479706697148269 4007080 4040305 33225
19 480 rs17800760 45013959 3 0.00479158131824995 45010056 45029208 19152
19 614 rs6509628 52741712 1 0.00474445383753142 52712828 52742366 29538
19 675 rs269957 55445174 3 0.00467686082250935 55433596 55445174 11578
19 124 rs35999680 8203113 3 -0.00462579734854653 8201121 8203113 1992
19 698 rs17713875 56543982 1 0.00462042765900833 56543982 56549510 5528
19 138 rs2969292 8953801 6 -0.00452835452227029 8921033 8987218 66185
19 541 rs17842463 49102599 2 0.00451451044492992 49098750 49102599 3849
19 84 rs1129046 5654449 3 0.00449882559157775 5582535 5663920 81385
19 701 rs16987032 56689214 2 0.00445780155001211 56671836 56689214 17378
19 76 rs2074983 5285570 1 0.00445259350992167 5285570 5285570 0
19 278 rs10410777 20403541 3 -0.00444879759815025 20329637 20470564 140927
19 337 rs4805602 31205300 5 0.00443611449052704 31178994 31229053 50059
19 512 rs8111536 47049928 1 -0.00440289590274801 47049928 47049928 0
19 178 rs3106727 12374905 3 0.00430406849925781 12215638 12426234 210596
19 508 rs2110577 46895747 3 0.00429729283931462 46885977 46906997 21020
19 703 rs2195974 56743097 1 -0.00426425082885791 56743097 56745520 2423
19 205 rs7508694 14714811 2 0.00423425134634456 14664933 14714811 49878
19 575 rs9991 51301230 8 0.00417863858035184 51297825 51323676 25851
19 463 rs9304608 43197581 1 -0.00411301464016685 43010843 43198035 187192
19 169 rs322151 11417200 9 0.00407619587875172 11358440 11417200 58760
19 186 rs7256928 13452275 3 -0.00402515840516676 13411451 13452550 41099
19 119 rs868875 7831166 4 0.00401255626206009 7831166 7846887 15721
19 491 rs7255060 45604163 2 -0.00390467345696533 45589595 45604163 14568
19 314 rs4805350 29714355 3 0.00388560777935137 29678680 29715213 36533
19 713 rs10425564 57312980 3 0.00384930330416996 57279391 57344913 65522
19 577 rs2664144 51391656 1 -0.00383591612777178 51391656 51411116 19460
19 459 rs7251044 42202285 2 0.00377885024948337 42147477 42239178 91701
19 558 rs35002951 50312801 2 0.00375787914246027 50312801 50386340 73539
19 196 rs2242130 13993457 1 0.0037349334518965 13993457 14038791 45334
19 424 rs11879029 39379906 2 0.00372050320489154 39378804 39379906 1102
19 114 rs484870 7569282 1 0.00371044361886957 7567757 7584483 16726
19 409 rs10426507 36667932 2 0.00360756148918755 36661889 36828217 166328
19 688 rs73067164 56052282 3 -0.00360659056128087 56026072 56058737 32665
19 163 rs10775614 10867219 5 -0.00359237601362132 10738639 10867219 128580
19 579 rs2659091 51446530 1 0.00353859567791385 51441807 51446530 4723
19 546 rs2270941 49438363 3 0.00348131073739744 49438363 49447713 9350
19 639 rs8104523 53829121 1 0.00344324157022881 53818436 53833712 15276
19 504 rs8101445 46563653 2 0.00332363769455866 46560024 46587142 27118
19 295 rs11666025 23408129 1 0.0033225167237155 23395317 23408129 12812
19 544 rs684959 49296654 1 0.00331176603284881 49294862 49318380 23518
19 624 rs10401904 53120559 5 0.00328536386922694 53115843 53157096 41253
19 340 rs276725 31509362 1 -0.00327533007136393 31401756 31509362 107606
19 671 rs4470262 55036661 3 0.00326760406552053 55017508 55046380 28872
19 166 rs1433099 11242658 1 0.00320395413882067 11222300 11242658 20358
19 733 rs4801531 58401560 6 -0.00318218159444315 58379892 58401560 21668
19 403 rs61747965 36113590 4 0.00315372401802327 36113590 36136449 22859
19 570 rs8100750 51083595 2 -0.00311316369964459 51073579 51103361 29782
19 479 rs2571042 44986702 5 -0.00310640523495688 44978183 45001619 23436
19 608 rs9807842 52376207 3 -0.00310580730491551 52372976 52414635 41659
19 348 rs7249035 32449841 1 -0.00309270599731617 32444568 32463578 19010
19 732 rs9676736 58234915 7 -0.00308021337542612 58210808 58357546 146738
19 68 rs2292151 4816719 2 0.00305484241384391 4811671 4837501 25830
19 217 rs7254735 15263385 8 -0.0030530575925029 15235879 15303225 67346
19 660 rs254259 54606405 1 -0.00304011891655688 54606405 54627164 20759
19 596 rs1974821 51917735 3 -0.003028980834771 51907788 51917735 9947
19 632 rs329727 53484360 1 -0.00299652451608523 53484360 53484360 0
19 373 rs4805924 34168273 1 -0.00288331965717065 34168273 34177770 9497
19 711 rs2052240 57186892 2 0.00287653455339046 57162288 57187163 24875
19 8 rs3752232 1043748 2 -0.00285935005442124 1043748 1045173 1425
19 664 rs422948 54749011 1 0.0028531541633274 54749011 54749011 0
19 742 rs1465789 58946056 6 -0.00283795976229892 58928786 59069353 140567
19 218 rs7255065 15403778 1 -0.00282823730945277 15403778 15434382 30604
19 313 rs2865496 29606361 1 0.00282408433923568 29585250 29653398 68148
19 369 rs4805905 34029507 2 0.00280144298100629 34029507 34037282 7775
19 53 rs350885 4147445 1 -0.00272482480161339 4140563 4147445 6882
19 185 rs4926244 13374913 1 0.00271401274515991 13374913 13389377 14464
19 549 rs113984787 49671207 1 0.00270508754012316 49671207 49683320 12113
19 12 rs2012125 1630341 1 -0.00268517935199797 1630341 1630341 0
19 378 rs4805958 34421191 1 0.00267289460682304 34392158 34421191 29033
19 267 rs876982 18782377 2 -0.00266172760525086 18707048 18782377 75329
19 14 rs4426464 1765297 1 0.00264918937247254 1765297 1773999 8702
19 729 rs139899284 58067703 8 0.0026436387202999 57980167 58134272 154105
19 715 rs12974085 57419586 1 0.00256059392042291 57399843 57419586 19743
19 25 rs867168 2833802 4 -0.00251887418110149 2833431 2848948 15517
19 305 rs8113142 29012921 5 -0.00251859212321202 28948389 29034140 85751
19 533 rs4802449 48736706 1 -0.00250838454515345 48715269 48736706 21437
19 471 rs395760 44214193 1 0.00249332958154987 44214054 44214193 139
19 9 rs2072283 1116117 1 0.00242394823023212 1095514 1116117 20603
19 148 rs7246760 9918229 2 0.00241406583213568 9741123 9932831 191708
19 265 rs2277922 18376522 2 0.0023998791067951 18376509 18395537 19028
19 495 rs7250901 45986890 3 -0.00239913173436208 45976758 46038553 61795
19 451 rs11666982 41531368 4 -0.00238787561005032 41460621 41537698 77077
19 454 rs1946612 41767987 1 -0.00236549636415591 41767987 41785282 17295
19 31 rs367825 3063409 1 0.00233680761006576 3063409 3063409 0
19 723 rs10407445 57649962 2 -0.00233557628946174 57602649 57649962 47313
19 427 rs10417561 39553621 3 -0.00227682904434668 39551941 39605882 53941
19 603 rs2167418 52204942 2 -0.002220794250756 52201763 52204942 3179
19 347 rs1865055 32368991 3 0.00217760271345495 32314430 32383700 69270
19 387 rs7251186 35219548 2 0.00216065824965461 35219548 35279172 59624
19 184 rs2077544 12963285 4 0.00214159625557628 12958360 13059147 100787
19 718 rs1433105 57461103 1 0.00213731634655756 57461103 57461103 0
19 389 rs142299823 35434582 2 0.00211869659305577 35357338 35435776 78438
19 645 rs4803150 54109807 1 -0.00210650524186395 54107677 54111610 3933
19 304 rs2159077 28895255 2 0.00206546810109045 28832269 28903629 71360
19 355 rs6510250 33001746 3 0.00205830800645648 33001746 33006522 4776
19 214 rs7248013 15112408 2 0.00204833977856228 15104110 15113675 9565
19 507 rs887946 46816788 1 0.00203877274951043 46816788 46823803 7015
19 233 rs10411344 16520403 1 0.00203462509774529 16520403 16699813 179410
19 561 rs10413463 50699504 1 0.00201898025968802 50699504 50699504 0
19 325 rs4805487 30337127 1 0.00200376667280016 30296853 30352142 55289
19 57 rs888930 4288332 1 0.00192931895449034 4288332 4288332 0
19 307 rs16961899 29282427 2 -0.00192824953974821 29235810 29317130 81320
19 276 rs10424838 20095448 3 -0.0019212524208501 19887578 20095448 207870
19 78 rs8111216 5353576 1 0.00187943071740096 5352551 5359211 6660
19 291 rs10420648 22767819 2 0.00187610696670783 22767819 22793083 25264
19 487 rs4803760 45333834 1 0.00187308430797092 45322316 45333834 11518
19 503 rs1010693 46513183 2 -0.00183435567827146 46513183 46533914 20731
19 112 rs17255882 7504456 2 0.00180524559139784 7448832 7504456 55624
19 83 rs385839 5522356 1 -0.00179370050518958 5522356 5525988 3632
19 529 rs3815908 48522869 3 0.00176960708501628 48518417 48527582 9165
19 262 rs2305743 18193191 6 0.00175688220620505 18180236 18193191 12955
19 524 rs10405467 48297228 2 0.00174994278031376 48297228 48297228 0
19 505 rs2253940 46713197 3 0.00174962253861379 46664561 46743245 78684
19 356 rs7251512 33014643 1 0.00174461678275221 33014643 33014643 0
19 406 rs7247246 36442117 1 -0.0017410579687687 36442117 36442117 0
19 548 rs2278004 49654421 5 -0.00173304752152435 49651042 49662027 10985
19 413 rs10426712 38362792 11 0.00173127793204521 37712984 38411090 698106
19 673 rs4436877 55216162 2 0.0017198300029197 55216162 55216950 788
19 551 rs10414921 49823047 2 -0.00170194719954664 49759494 49899076 139582
19 611 rs1366245 52660279 1 0.00168249380207017 52660279 52660279 0
19 699 rs7256266 56562165 1 0.00167881614901505 56562165 56571547 9382
19 540 rs2544795 49076461 1 0.00166670274389184 49072265 49084655 12390
19 362 rs17833557 33636919 3 0.00165496388989309 33635761 33636919 1158
19 363 rs4805859 33667329 3 0.00165099882554786 33647379 33680782 33403
19 461 rs3745231 42713835 1 -0.00163802034936066 42549934 42713835 163901
19 67 rs12979279 4764306 3 -0.0016207142243111 4742465 4783024 40559
19 486 rs28399653 45315445 1 0.00161981528359197 45315445 45315445 0
19 156 rs3745601 10224548 8 -0.0015815593899404 10219076 10321089 102013
19 226 rs10403813 16153445 2 -0.00155703600951362 16150779 16161283 10504
19 547 rs11673003 49571957 2 0.00154653581272374 49571957 49623935 51978
19 139 rs61744216 9045821 2 0.00154236953946677 9026651 9049910 23259
19 616 rs7247178 52815890 2 0.0014932280196735 52815148 52825032 9884
19 209 rs2732796 14844775 1 -0.00149152996232435 14844656 14854338 9682
19 391 rs2290642 35501051 1 0.00148585514931001 35501051 35510304 9253
19 92 rs7253395 6401588 1 0.00145513723074134 6401588 6422888 21300
19 140 rs61732905 9070264 16 -0.00144294651860654 9056941 9101672 44731
19 390 rs7247980 35482114 2 0.00144043829046614 35465187 35483679 18492
19 534 rs16981882 48755267 2 0.00143613252663321 48751808 48764857 13049
19 123 rs118050938 8182174 4 -0.00143388036881274 8153323 8186519 33196
19 560 rs3786669 50486939 2 0.00142227693146109 50456518 50563899 107381
19 738 rs34914886 58774094 2 -0.00139592609634268 58744933 58799781 54848
19 677 rs1043673 55512232 3 0.00139219659720282 55497843 55515972 18129
19 467 rs2682585 44081288 1 -0.00138656273588452 43967147 44081288 114141
19 538 rs10413911 49046562 1 -0.00138522227679189 49046562 49053306 6744
19 27 rs3786948 2933480 1 0.00137444119255193 2933480 2933480 0
19 322 rs10415705 30125153 2 0.00137404787369102 30116004 30137035 21031
19 75 rs2238639 5261230 1 -0.00135546915520576 5261230 5261506 276
19 309 rs11083726 29388987 1 -0.00135054537101253 29376565 29388987 12422
19 106 rs17775938 7090222 1 -0.00134855693674474 7074561 7090222 15661
19 724 rs11672517 57678194 1 0.001334746971987 57678194 57678194 0
19 557 rs10404868 50271924 2 0.00127650987940968 50271924 50296145 24221
19 308 rs16962149 29344955 2 -0.00127496058260654 29320058 29366711 46653
19 323 rs1560188 30198465 3 -0.0012711837425883 30164574 30199851 35277
19 269 rs10330 19017862 1 0.00125521881858305 18959209 19017862 58653
19 446 rs10413521 41023511 2 -0.00122224713922565 41012190 41058802 46612
19 34 rs17347521 3160385 1 0.00119795793952857 3159769 3165895 6126
19 118 rs12611071 7800361 1 0.00118219256023412 7793502 7800361 6859
19 448 rs2561530 41224314 3 0.00116046779403705 41175149 41224314 49165
19 35 rs312077 3211221 1 0.00114919261360624 3211221 3211221 0
19 371 rs8103587 34105378 1 0.00113622924444412 34069736 34117092 47356
19 531 rs11564538 48601512 3 0.00111595027771612 48581142 48602951 21809
19 250 rs15401 17616747 1 -0.00111344708379066 17615609 17621508 5899
19 69 rs7246083 4866451 1 -0.00110561860617736 4859937 4866451 6514
19 359 rs16967511 33358527 3 0.00108997346975247 33181484 33377053 195569
19 450 rs5007415 41393760 1 0.00105118583213812 41393760 41426424 32664
19 168 rs12609039 11348960 5 -0.00105080258760184 11302807 11348960 46153
19 349 rs11882901 32497463 1 0.00104469075327723 32497463 32501502 4039
19 670 rs7251986 55005607 1 0.00103770170889896 55005607 55010819 5212
19 104 rs422318 6951434 1 -0.00103566143197967 6940391 6951434 11043
19 310 rs2216731 29400892 1 0.00103390995981305 29391897 29404979 13082
19 167 rs4804148 11270867 3 0.00100841041502988 11266584 11276744 10160
19 244 rs7254151 17336904 1 9.920166967143326e-4 17336904 17340400 3496
19 474 rs10500288 44354180 4 9.7948263679424e-4 44321849 44383800 61951
19 237 rs773901 17003789 1 -9.651283691414662e-4 17003405 17003789 384
19 469 rs2302524 44156472 1 9.592300338639982e-4 44156472 44156472 0
19 400 rs1005948 35975921 2 9.430092407229708e-4 35944375 35980832 36457
19 320 rs7249291 30080142 1 -9.187523744445384e-4 30056335 30082203 25868
19 462 rs1206028 42855167 1 9.180485883724084e-4 42855167 42863035 7868
19 17 rs3803915 2160529 2 -9.085516797215504e-4 2113518 2224387 110869
19 545 rs3745705 49342269 2 -8.957805791485604e-4 49339098 49400634 61536
19 259 rs4808727 18083619 1 8.891290737648427e-4 18083209 18104155 20946
19 321 rs16963085 30095911 1 8.885516261115951e-4 30095911 30104871 8960
19 329 rs9630865 30779231 2 8.800657659956344e-4 30746753 30806165 59412
19 734 rs10424113 58470521 3 -8.77633584957165e-4 58432496 58518534 86038
19 429 rs12462614 39687592 1 -8.692051183266358e-4 39683715 39710903 27188
19 108 rs10426094 7205240 4 8.567459085089113e-4 7167715 7205240 37525
19 728 rs12986235 57955244 1 -8.562879715166259e-4 57955244 57956186 942
19 251 rs76629753 17662616 3 8.554473387461002e-4 17654181 17667970 13789
19 182 rs983149 12724645 1 -8.503805383588883e-4 12684559 12772263 87704
19 720 rs2902943 57524031 1 8.145134509241622e-4 57524031 57524031 0
19 339 rs10420813 31354223 2 -8.061907500787962e-4 31354223 31370794 16571
19 426 rs2318896 39510778 1 8.04429069670273e-4 39510778 39537895 27117
19 399 rs8101851 35936004 1 7.788525022595692e-4 35936004 35936004 0
19 143 rs1036224 9228196 1 7.647481227187493e-4 9225685 9237542 11857
19 202 rs3786654 14557821 1 -7.59730311938383e-4 14557821 14586860 29039
19 468 rs1860149 44118680 2 -7.570985411934314e-4 44105736 44139182 33446
19 128 rs17159388 8320555 1 7.545587917413452e-4 8308446 8320555 12109
19 82 rs797544 5479522 3 7.480112480421049e-4 5479522 5501415 21893
19 476 rs12753 44515514 1 -7.463575546174709e-4 44515352 44640929 125577
19 590 rs7254514 51678482 2 7.460179247623575e-4 51676299 51701891 25592
19 192 rs11668370 13692602 1 -7.306170358073568e-4 13686262 13705296 19034
19 562 rs8102994 50751587 1 -7.258505442439641e-4 50736956 50754695 17739
19 353 rs8110947 32755790 4 7.205807508229664e-4 32755790 32816571 60781
19 419 rs41465445 38910787 1 -7.082939955035132e-4 38901633 38920382 18749
19 589 rs2075803 51628529 1 7.075714697217551e-4 51611073 51628529 17456
19 283 rs29727 21374305 2 6.956630793007541e-4 21249429 21374305 124876
19 418 rs2286550 38861362 1 -6.79473583723111e-4 38861362 38896244 34882
19 685 rs10425596 55901099 1 6.718883400252293e-4 55901099 55921579 20480
19 79 rs11672914 5393748 1 6.718341464512038e-4 5393748 5393748 0
19 181 rs4804715 12641232 2 6.710158241611626e-4 12639911 12641232 1321
19 10 rs2668423 1370526 1 6.709260150859354e-4 1370526 1413574 43048
19 20 rs7252511 2396243 2 -6.669353826093163e-4 2396243 2438884 42641
19 501 rs1422626 46431372 3 -6.546434763257827e-4 46406698 46431372 24674
19 648 rs7254177 54206688 2 -6.528238248209848e-4 54204008 54206688 2680
19 42 rs4807493 3631036 2 -6.400946284193847e-4 3618928 3631036 12108
19 101 rs568259 6782574 2 -6.34128788680048e-4 6782574 6788907 6333
19 568 rs1620498 50978393 7 6.266989083260257e-4 50940938 51004754 63816
19 176 rs279205 12014274 1 6.252034394422355e-4 12014274 12014274 0
19 598 rs10414941 51988280 2 -6.233057975548083e-4 51975723 51989254 13531
19 65 rs10415651 4687075 3 -6.02526736571455e-4 4654757 4687075 32318
19 612 rs7246914 52670905 2 -5.941190658802248e-4 52670905 52673401 2496
19 187 rs8109003 13518462 3 -5.851786151166067e-4 13484853 13518462 33609
19 658 rs77090474 54561561 1 5.689094519327807e-4 54561561 54561561 0
19 234 rs2306843 16797415 1 5.633785279083958e-4 16761077 16797415 36338
19 311 rs17691054 29490619 2 -5.59305109499588e-4 29482011 29504552 22541
19 81 rs7247783 5464288 1 5.589043543311656e-4 5450303 5464288 13985
19 306 rs4309511 29094875 1 -5.5687683700543e-4 29036597 29103301 66704
19 527 rs296376 48401329 1 -5.546400084092889e-4 48372195 48406374 34179
19 173 rs8100206 11764496 1 5.467484614376679e-4 11760823 11771482 10659
19 580 rs2569522 51455389 1 5.404626940529144e-4 51455389 51455389 0
19 513 rs117306460 47104226 1 -5.344930136336656e-4 47065723 47104226 38503
19 341 rs6510186 31654615 5 -5.284470476524103e-4 31635312 31724380 89068
19 284 rs1781872 21477403 2 5.152850698521423e-4 21386819 21487372 100553
19 465 rs7259375 43885085 1 5.127522791103836e-4 43885085 43921285 36200
19 38 rs759635 3351890 1 -4.857943658230694e-4 3351890 3351890 0
19 605 rs4801891 52254351 1 4.65765672813012e-4 52254351 52271309 16958
19 208 rs11669065 14833064 5 4.6242572165704687e-4 14758168 14833064 74896
19 730 rs12608882 58167671 1 4.620247528341896e-4 58137803 58167671 29868
19 564 rs667907 50785386 2 4.5318141970157903e-4 50785386 50785386 0
19 515 rs6509294 47323384 1 4.507925688251378e-4 47323384 47323384 0
19 249 rs8109373 17579984 3 4.480087168779237e-4 17562969 17595700 32731
19 644 rs10409187 54075317 1 -4.468576663007518e-4 54074747 54075317 570
19 96 rs344587 6588267 1 4.4526653123440704e-4 6588267 6588267 0
19 641 rs12977919 53932295 1 -4.445016595636616e-4 53920991 53932295 11304
19 509 rs75175362 46914927 1 4.357393167014736e-4 46914927 46930147 15220
19 714 rs8100664 57396250 2 -4.3566794191293886e-4 57396250 57396250 0
19 70 rs2779169 4900684 1 -4.302354236923129e-4 4900684 4900684 0
19 381 rs10415423 34553925 1 4.132487353106525e-4 34552893 34573557 20664
19 87 rs673153 6033976 1 -4.0807119909729754e-4 6033976 6033976 0
19 721 rs12984455 57552433 1 -4.074530889661733e-4 57548289 57563500 15211
19 682 rs4255895 55739515 2 -4.037882439247748e-4 55739515 55783552 44037
19 374 rs284688 34231542 1 -3.9921795068685367e-4 34231542 34231542 0
19 236 rs8108315 16981044 1 3.7550176534807434e-4 16946764 16981044 34280
19 542 rs433852 49117104 1 3.608974297122273e-4 49117104 49183284 66180
19 600 rs7260534 52074474 1 -3.305912247174007e-4 52056644 52083552 26908
19 498 rs4802262 46149886 2 -3.2535750874058045e-4 46149886 46158643 8757
19 232 rs386869 16426657 1 3.246638770405019e-4 16426657 16426657 0
19 684 rs12976922 55870351 5 3.099818249262271e-4 55859439 55879872 20433
19 357 rs2868145 33047114 1 2.8790940887779337e-4 33034189 33086091 51902
19 502 rs746401 46498827 1 -2.871755787793804e-4 46469411 46498827 29416
19 319 rs10410525 30042913 1 2.8447989765005235e-4 30041553 30042913 1360
19 245 rs6512182 17399476 1 -2.801394437078579e-4 17367435 17452527 85092
19 193 rs346144 13834082 1 -2.7524104398769534e-4 13772030 13859267 87237
19 438 rs385563 40217794 6 -2.5655322083179065e-4 40188968 40257116 68148
19 623 rs329973 53105547 1 2.525236680052356e-4 53105547 53105547 0
19 536 rs1654671 48924963 1 -2.3262071347414495e-4 48909343 48924963 15620
19 210 rs8113284 14914914 2 2.324190600913043e-4 14910321 14914914 4593
19 382 rs8110630 34609682 1 2.225810484816169e-4 34584137 34610341 26204
19 493 rs11559024 45821183 1 -2.1922954521960843e-4 45821183 45854919 33736
19 693 rs441827 56369189 2 2.162200832179467e-4 56369189 56369314 125
19 331 rs1433071 30913098 1 2.125743097216957e-4 30908586 30917638 9052
19 77 rs10415030 5312177 2 2.070302208697172e-4 5308749 5312177 3428
19 252 rs1157615 17768818 1 2.054312493703679e-4 17768818 17775385 6567
19 640 rs7255193 53893338 2 2.047714957878979e-4 53884412 53893338 8926
19 190 rs1363347 13623549 1 -2.0382387181598657e-4 13622767 13623549 782
19 177 rs7255420 12157839 1 1.984835302360072e-4 12089709 12188266 98557
19 115 rs612862 7593589 1 1.9706170175458855e-4 7593589 7602039 8450
19 327 rs82790 30626712 1 -1.95169691026488e-4 30625513 30629569 4056
19 520 rs10421978 47928003 3 1.874287717294192e-4 47928003 47954171 26168
19 583 rs1474520 51530693 1 1.8564165713873756e-4 51530693 51530693 0
19 216 rs16980286 15174953 1 1.8038169327328884e-4 15151718 15174953 23235
19 519 rs4467185 47823038 2 1.7891675371039452e-4 47787587 47823871 36284
19 411 rs562480 37355963 1 1.5957449358841225e-4 37353791 37383894 30103
19 105 rs6510937 6994987 1 1.580817067124211e-4 6984708 6994987 10279
19 279 rs10416706 20488698 1 1.5563340557167346e-4 20488698 20488698 0
19 420 rs2228068 38981284 1 1.3926411902527027e-4 38959680 38983180 23500
19 189 rs4926293 13597003 2 1.2783430729009323e-4 13581369 13597003 15634
19 334 rs10424191 31057349 1 1.1458186434107318e-4 31057349 31057349 0
19 470 rs436681 44185926 1 -1.1234033280859387e-4 44172188 44190626 18438
19 277 rs4808227 20141944 3 -9.983705238413844e-5 20108062 20162695 54633
19 697 rs1865729 56498793 1 -8.820416990093323e-5 56497960 56501050 3090
19 617 rs321946 52859828 1 8.575311565250102e-5 52859007 52873023 14016
19 64 rs9917028 4640983 1 -7.26844489546299e-5 4636946 4640983 4037
19 379 rs2159328 34439135 2 6.711605311269324e-5 34439135 34439135 0
19 687 rs4801655 55977909 2 6.518870750537675e-5 55977909 55989204 11295
19 494 rs735482 45912002 1 -6.138956382530367e-5 45876967 45923653 46686
19 615 rs2560903 52787583 3 6.130461246901521e-5 52761215 52795985 34770
19 425 rs10412049 39447119 1 -5.4304287536528415e-5 39447119 39455534 8415
19 421 rs11881082 39029201 1 -5.167600484918019e-5 38996990 39029201 32211
19 447 rs34093919 41117300 1 -5.1348654323447635e-5 41108975 41141434 32459
19 2 rs4919908 508626 2 -4.248756469022423e-5 508626 508626 0
19 689 rs310436 56178559 2 4.019089388132286e-5 56134038 56193662 59624
19 386 rs11671675 35138256 1 -3.656813135479366e-5 35114578 35153219 38641
19 635 rs4801959 53669273 1 -3.49211463194483e-5 53666745 53669492 2747
19 301 rs7250467 28569401 3 3.237370661236696e-5 28569401 28613972 44571
19 636 rs7247109 53694223 1 -2.553891238132915e-5 53694223 53697937 3714
19 666 rs2241385 54849566 1 2.0550960614910613e-5 54849481 54849566 85
19 574 rs4802740 51263432 1 1.404898111049168e-5 51263432 51263432 0
19 89 rs4807854 6258557 1 1.2959388703171222e-5 6205825 6258557 52732
19 200 rs9917042 14494473 1 9.54529333300656e-6 14494473 14494473 0
19 90 rs4807863 6306971 1 2.9073191728329377e-6 6304967 6306971 2004
