CHR Group SNP.lead BP.lead Size W BP.min BP.max BP.width
14 719 rs8017161 103563195 6 0.1811570567212437 103539669 103584674 45005
14 392 rs3784099 68749927 3 0.09272643423874592 68749927 68808398 58471
14 585 rs17184313 93102251 7 0.07663011464930117 93064069 93118038 53969
14 601 rs11621961 94769476 4 0.05839192179519784 94769476 94847415 77939
14 183 rs696 35871093 5 0.04487016785402449 35871093 35887431 16338
14 584 rs737522 93014672 4 0.04062975958715888 93014672 93047936 33264
14 496 rs11623789 82450632 6 0.03601312597737927 82347524 82458472 110948
14 181 rs712314 35408548 11 0.03552986972762359 35390146 35802483 412337
14 539 rs12883250 88446876 8 0.03453669348698092 88407888 88628106 220218
14 369 rs8005319 63822521 5 0.03177987991752394 63777253 63857808 80555
14 143 rs2300835 33207522 2 0.03015297357515755 33183958 33237374 53416
14 438 rs2193596 75234101 4 0.02975762914548035 75110437 75558163 447726
