CHR Group SNP.lead BP.lead Size W BP.min BP.max BP.width
21 1787 rs2834109 34521087 2 0.03629000527227677 34521087 34521087 0
21 3005 rs7283760 45640629 1 0.02661747305575192 45640629 45640629 0
21 1440 rs2832310 30768350 1 0.02246198824603641 30768350 30768350 0
21 2704 rs2280807 42821265 2 -0.02207097235085742 42821265 42821265 0
21 1272 rs2831503 29481474 2 0.01995449737006291 29481474 29481474 0
21 231 rs2824098 18235587 1 -0.01824406888146989 18235587 18235587 0
21 1519 rs565489 31523734 1 0.01611016591001086 31523734 31523734 0
21 1807 rs9981243 34594878 2 0.01605113214649845 34594878 34594878 0
21 798 rs12483180 24720653 1 0.01568125777779383 24720653 24720653 0
21 1527 rs2832660 31593066 1 0.01524800859499207 31593066 31593066 0
21 697 rs2827079 23196432 2 -0.01262992366341936 23196432 23196432 0
21 2774 rs220229 43448797 1 0.01187805978345648 43448797 43448797 0
21 2377 rs992244 40252150 1 0.01035270908897239 40252150 40252150 0
21 1850 rs12482697 35293199 1 -0.01033253315591744 35293199 35293199 0
21 3064 rs8129133 46454237 1 0.0102357820332168 46454237 46454237 0
21 2951 rs496300 44779680 1 -0.01014924927104379 44779680 44779680 0
21 1176 rs2830768 28572980 1 -0.01004976037745305 28572980 28572980 0
21 1623 rs1855703 32753155 2 -0.00981998866666684 32753155 32753155 0
21 3111 rs944422 46982335 1 -0.00974237366057094 46982335 46982335 0
21 201 rs2823748 17675675 1 0.00962630030341312 17675675 17675675 0
21 372 rs7277618 20054442 1 -0.00930804804151185 20054442 20054442 0
21 2998 rs743479 45611950 1 0.00918316604235485 45611950 45611950 0
21 2814 rs4148082 43619415 2 -0.00910862190394122 43619415 43619415 0
21 1815 rs9978223 34770358 1 -0.00891577190641529 34770358 34770358 0
21 206 rs1449525 17762328 2 0.00882047081923989 17762328 17762328 0
21 1808 rs1131964 34610487 2 0.00874816802558234 34610487 34610487 0
21 1906 rs2834494 35856504 1 -0.00865032492425407 35856504 35856504 0
21 2283 rs2211860 39552192 1 0.0082988309010942 39552192 39552192 0
21 1044 rs10460695 27520111 1 -0.00798172970173658 27520111 27520111 0
21 1307 rs2831772 29772530 1 0.00787397305965576 29772530 29772530 0
21 2923 rs3737434 44437142 1 0.00749636218751483 44437142 44437142 0
21 1934 rs2834585 36064321 1 0.00747659135141782 36064321 36064321 0
21 3004 rs9983276 45638288 1 0.00747092904804362 45638288 45638288 0
21 609 rs7509723 22403814 2 0.00738945974523137 22403814 22403814 0
21 3180 rs2839315 47962186 1 0.00729378750812313 47962186 47962186 0
21 1912 rs8129311 35922006 1 0.00717270622743223 35922006 35922006 0
21 1979 rs2008256 36583687 1 0.00701409256115445 36583687 36583687 0
21 2144 rs2845795 38064902 1 -0.00697074678864879 38064902 38064902 0
21 815 rs13051045 24905803 1 -0.00676953522906524 24905803 24905803 0
21 2187 rs2277784 38380225 1 0.00675628070804125 38380225 38380225 0
21 2347 rs464484 40003117 1 -0.00664129070170764 40003117 40003117 0
21 3115 rs4819138 47061267 1 0.00639961525471069 47061267 47061267 0
21 2545 rs2142123 41418208 1 0.00639340068880041 41418208 41418208 0
21 1587 rs2833124 32214655 2 -0.00635882004677348 32214655 32214655 0
21 902 rs1119268 25798660 1 0.00630394173026445 25798660 25798660 0
21 412 rs430166 20303456 1 -0.00621143933104741 20303456 20303456 0
21 2019 rs4817726 36943564 2 0.00611623622445411 36943564 36943564 0
21 2464 rs1524930 40968460 1 -0.00602878491108553 40968460 40968460 0
21 2480 rs8129968 41142932 1 0.00593479649663959 41142932 41142932 0
21 2258 rs9983351 39176328 2 -0.00587231355544081 39176328 39176328 0
21 989 rs2829726 26764074 1 -0.00580052101306861 26764074 26764074 0
21 2727 rs2247788 43067245 1 0.00569606892731509 43067245 43067245 0
21 2438 rs6517549 40823981 1 -0.00562483721354331 40823981 40823981 0
21 587 rs1009164 22217613 1 0.00546907046202924 22217613 22217613 0
21 708 rs1999302 23219639 1 -0.00543649625014998 23219639 23219639 0
21 772 rs20461 24521301 1 0.00540788940982261 24521301 24521301 0
21 1614 rs2833276 32490292 1 -0.00540279369885473 32490292 32490292 0
21 342 rs13048405 19522891 1 0.00527615619517971 19522891 19522891 0
21 871 rs2828789 25441375 1 -0.00527320970808907 25441375 25441375 0
21 999 rs17001080 26908384 2 -0.00522453210533705 26908384 26908384 0
21 956 rs7276546 26217184 1 -0.00519545330929845 26217184 26217184 0
21 973 rs2829535 26451776 1 0.00505529891877127 26451776 26451776 0
21 2473 rs12233347 41084811 1 0.00503235078016911 41084811 41084811 0
21 3145 rs35785446 47614553 1 0.00493639065688544 47614553 47614553 0
21 1518 rs633074 31520760 1 0.00490903492806674 31520760 31520760 0
21 1763 rs2834058 34374072 1 -0.00488819293774098 34374072 34374072 0
21 2918 rs2839616 44425399 1 0.00480476322303713 44425399 44425399 0
21 1722 rs2833814 33798684 1 -0.00479820938904822 33798684 33798684 0
21 1119 rs11702216 28165330 1 0.00473862637229747 28165330 28165330 0
21 614 rs1028983 22457771 1 0.00459338175355711 22457771 22457771 0
21 764 rs1506003 24459999 1 -0.0045852622844902 24459999 24459999 0
21 2877 rs2839535 43905327 1 -0.00449753398937777 43905327 43905327 0
21 2730 rs9917486 43102097 2 0.00449175469567723 43102097 43102097 0
21 2632 rs2837801 42110235 2 -0.00448188788104458 42110235 42110235 0
21 303 rs1389995 19024565 1 -0.00446532913121429 19024565 19024565 0
21 970 rs4816995 26362354 1 -0.00446033450710347 26362354 26362354 0
21 3102 rs2236462 46897221 2 0.00442439776560446 46897221 46897221 0
21 1593 rs2833162 32296251 1 0.00434083308264651 32296251 32296251 0
21 1178 rs2830772 28576387 1 -0.00426081834463868 28576387 28576387 0
21 894 rs7283527 25706768 2 0.0042315174660073 25706768 25706768 0
21 599 rs2826611 22313265 1 -0.00417892545731118 22313265 22313265 0
21 2022 rs2222959 36978680 2 0.00413153242923062 36978680 36978680 0
21 2321 rs3746880 39795202 1 -0.00401918086410916 39795202 39795202 0
21 3169 rs1023355 47892806 1 0.00401200549370239 47892806 47892806 0
21 2887 rs373700 44039966 2 0.00398768852425527 44039966 44039966 0
21 1095 rs222935 27899198 1 -0.00397731631820021 27899198 27899198 0
21 2932 rs2124458 44475680 1 0.00392925586553208 44475680 44475680 0
21 2484 rs2837216 41152306 1 0.0039157891903112 41152306 41152306 0
21 2558 rs9982099 41527915 1 0.00390833078222802 41527915 41527915 0
21 202 rs453644 17743767 2 0.00378891179611065 17743767 17743767 0
21 2316 rs970115 39721888 2 -0.00369572816959785 39721888 39721888 0
21 1616 rs762194 32493031 2 0.00363118650953005 32493031 32493031 0
21 2273 rs2836074 39346333 2 -0.00358752463404405 39346333 39346333 0
21 1332 rs2831968 30080833 2 0.00355476238839154 30080833 30080833 0
21 2795 rs220126 43531008 1 0.00354499885995434 43531008 43531008 0
21 2069 rs20572 37444973 1 0.00352300359393779 37444973 37444973 0
21 410 rs419684 20300281 1 -0.00346399479953134 20300281 20300281 0
21 1214 rs239677 28774869 1 -0.00332739476023534 28774869 28774869 0
21 3091 rs2838899 46795214 1 -0.00332124546603218 46795214 46795214 0
21 2650 rs10222193 42324388 1 0.00331556460973185 42324388 42324388 0
21 1675 rs12165267 33364621 1 0.0032785037479884 33364621 33364621 0
21 482 rs8134910 21117409 2 -0.00326965331105315 21117409 21117409 0
21 1452 rs363501 30927772 1 0.00322855811487557 30927772 30927772 0
21 1893 rs34016792 35757915 2 -0.00317741061267515 35757915 35757915 0
21 2305 rs2836285 39656505 1 0.00316542000129633 39656505 39656505 0
21 945 rs2262265 26183724 1 -0.00309981481675583 26183724 26183724 0
21 2418 rs2297256 40558421 1 0.00309304112607637 40558421 40558421 0
21 1521 rs473561 31531438 1 0.00301875371495896 31531438 31531438 0
21 1048 rs462281 27537769 2 -0.00301636311327149 27537769 27537769 0
21 756 rs198088 24407851 2 -0.00301058374619865 24407851 24407851 0
21 2936 rs1789956 44519655 1 0.00300694213731052 44519655 44519655 0
21 335 rs2824639 19494749 1 0.00297004537264825 19494749 19494749 0
21 215 rs13047224 18040023 1 0.00296527784696536 18040023 18040023 0
21 312 rs171477 19150133 2 -0.00295409347437603 19150133 19150133 0
21 1592 rs16987408 32294481 1 0.00295123849219502 32294481 32294481 0
21 3051 rs2838677 46189767 1 0.00293567936658584 46189767 46189767 0
21 1777 rs9984627 34471603 1 0.0029147982458676 34471603 34471603 0
21 2340 rs2836550 39968482 1 -0.00290557678052582 39968482 39968482 0
21 950 rs1892732 26198457 2 -0.00289746076462138 26198457 26198457 0
21 297 rs8129963 18989513 1 0.0028942817415111 18989513 18989513 0
21 2935 rs2027745 44508020 2 -0.00284050159217122 44508020 44508020 0
21 2870 rs2254368 43862466 1 0.00282768904374595 43862466 43862466 0
21 2689 rs441810 42698907 2 -0.0028028823654892 42698907 42698907 0
21 2252 rs2835927 39120344 1 0.00279377837520751 39120344 39120344 0
21 1456 rs7282163 31002803 1 -0.00278317295627077 31002803 31002803 0
21 483 rs9979641 21120177 1 -0.00277041178367232 21120177 21120177 0
21 2879 rs228067 43960077 1 -0.00273437720300556 43960077 43960077 0
21 2722 rs12483160 42941343 1 -0.00271909469727512 42941343 42941343 0
21 3143 rs9978018 47526240 1 0.00271140687702206 47526240 47526240 0
21 2662 rs13050861 42485808 1 -0.00267507201834579 42485808 42485808 0
21 1705 rs2833736 33582722 1 -0.00266816500421004 33582722 33582722 0
21 2823 rs2234718 43697195 1 -0.00264866132239949 43697195 43697195 0
21 2503 rs447480 41221971 2 0.00264311307270157 41221971 41221971 0
21 2265 rs2836021 39217408 2 -0.0025988108882118 39217408 39217408 0
21 1905 rs11911509 35841740 1 0.00256249444158423 35841740 35841740 0
21 920 rs2829145 25868238 1 -0.00254500362718354 25868238 25868238 0
21 2288 rs2836223 39601147 1 0.00252473365057604 39601147 39601147 0
21 132 rs1292747 16115679 2 0.00252134871859566 16115679 16115679 0
21 2901 rs75225742 44190901 1 -0.00249861359879562 44190901 44190901 0
21 411 rs444223 20300576 1 -0.00247242021101186 20300576 20300576 0
21 2361 rs457705 40191431 1 0.00247123745421227 40191431 40191431 0
21 133 rs7283943 16126805 2 0.00242755446493993 16126805 16126805 0
21 1366 rs8131527 30196904 1 0.00242075496622377 30196904 30196904 0
21 1567 rs9636832 31763618 1 -0.00237411786992224 31763618 31763618 0
21 1792 rs9305523 34545377 2 0.00234858210126064 34545377 34545377 0
21 2514 rs2244084 41277049 1 0.00230511356540854 41277049 41277049 0
21 2339 rs17194186 39967076 1 0.00227750369988395 39967076 39967076 0
21 2383 rs2836757 40294024 1 0.00223100023245265 40294024 40294024 0
21 1303 rs2831744 29761086 1 0.00222984801006515 29761086 29761086 0
21 1810 rs8133680 34671539 1 -0.00220359365116215 34671539 34671539 0
21 2468 rs498027 41016873 2 0.00217866005105334 41016873 41016873 0
21 2143 rs8127136 38034172 2 -0.00216924160604628 38034172 38034172 0
21 2648 rs7283892 42306097 2 -0.00216000751803007 42306097 42306097 0
21 2148 rs2850106 38134511 1 0.00213771610512075 38134511 38134511 0
21 163 rs2823227 16682922 2 -0.00213049640793062 16682922 16682922 0
21 1765 rs10427540 34374530 2 0.00210455563568541 34374530 34374530 0
21 1908 rs727957 35880072 2 0.0020911715926069 35880072 35880072 0
21 2593 rs11088518 41852932 2 0.00209115556875944 41852932 41852932 0
21 3066 rs729895 46515421 1 0.00207836731481013 46515421 46515421 0
21 2840 rs225424 43746695 1 0.00204557764046015 43746695 43746695 0
21 1873 rs4817616 35444498 2 0.00204265503750386 35444498 35444498 0
21 1298 rs9983789 29739928 1 0.0020305319682997 29739928 29739928 0
21 2597 rs2837668 41884157 1 0.0020275816287501 41884157 41884157 0
21 2403 rs9979861 40389724 1 -0.00195172551363076 40389724 40389724 0
21 2247 rs858027 39104180 1 -0.00192949337995522 39104180 39104180 0
21 2631 rs7276043 42085920 1 -0.00192744744851074 42085920 42085920 0
21 2046 rs2178812 37312721 1 0.00191005010747758 37312721 37312721 0
21 1072 rs400819 27658905 1 -0.00190932168888682 27658905 27658905 0
21 3049 rs2838659 46128238 1 0.00190920803077182 46128238 46128238 0
21 1615 rs2070409 32492492 2 -0.00188895880460405 32492492 32492492 0
21 2082 rs9305578 37514155 1 0.00188355365986606 37514155 37514155 0
21 2025 rs2225423 36990673 2 0.00188280683390241 36990673 36990673 0
21 919 rs2829135 25866226 1 -0.00185754030707287 25866226 25866226 0
21 375 rs2825011 20078424 2 0.0018491194124068 20078424 20078424 0
21 1613 rs2833275 32489757 1 -0.00182794615433234 32489757 32489757 0
21 622 rs2826672 22503372 1 0.00182445955389108 22503372 22503372 0
21 2204 rs12483205 38740824 1 0.00179618537119513 38740824 38740824 0
21 1891 rs2834450 35702083 1 0.00178377892646583 35702083 35702083 0
21 1135 rs229092 28255787 2 -0.00177627016350293 28255787 28255787 0
21 1772 rs2834083 34436973 1 -0.00176734366553556 34436973 34436973 0
21 2349 rs2836604 40041295 1 0.00175445664141494 40041295 40041295 0
21 204 rs9305763 17759486 2 -0.001748812731029 17759486 17759486 0
21 2293 rs928769 39637429 1 0.00172275730744884 39637429 39637429 0
21 3076 rs6518216 46610842 1 0.00171674458479661 46610842 46610842 0
21 545 rs17199154 21854478 1 -0.00169222745004503 21854478 21854478 0
21 736 rs2827373 23672710 1 0.00168856906651481 23672710 23672710 0
21 205 rs1449524 17762041 1 0.00167147397160468 17762041 17762041 0
21 1304 rs2026237 29761607 1 -0.00166750384524068 29761607 29761607 0
21 2400 rs1537106 40359005 1 -0.00165976872515236 40359005 40359005 0
21 339 rs2824646 19506651 2 0.00164624682184357 19506651 19506651 0
21 1060 rs985456 27625716 1 0.00160590102872199 27625716 27625716 0
21 1124 rs467785 28187020 1 -0.00156516475105848 28187020 28187020 0
21 151 rs975336 16451845 1 0.0015510608294323 16451845 16451845 0
21 2913 rs403415 44397575 1 0.00153962731604473 44397575 44397575 0
21 1957 rs2834737 36396167 1 0.00153962063768098 36396167 36396167 0
21 1721 rs2833810 33796960 1 -0.00152807793907268 33796960 33796960 0
21 523 rs1386758 21711607 1 -0.00151308119729496 21711607 21711607 0
21 2914 rs1672133 44407141 1 -0.00151240002832394 44407141 44407141 0
21 239 rs7276116 18318167 2 0.00150702972681924 18318167 18318167 0
21 2799 rs220146 43539293 1 -0.00150277926568321 43539293 43539293 0
21 3086 rs13047971 46778772 1 0.00148791311230331 46778772 46778772 0
21 1509 rs2832547 31410125 1 0.00147448691749286 31410125 31410125 0
21 2674 rs7278856 42598887 1 -0.00146482329332329 42598887 42598887 0
21 1720 rs2833803 33795961 1 -0.00146395418546962 33795961 33795961 0
21 2522 rs2238703 41301355 1 -0.00142066079509145 41301355 41301355 0
21 2610 rs73364974 41917406 1 0.00141563430987939 41917406 41917406 0
21 2713 rs9305744 42842988 2 0.0014092594151164 42842988 42842988 0
21 459 rs2825628 20903523 1 -0.00140527451450049 20903523 20903523 0
21 2849 rs1547374 43778895 1 -0.00139883558215591 43778895 43778895 0
21 977 rs2829558 26514597 1 0.00139107114056884 26514597 26514597 0
21 1215 rs2830919 28778338 1 0.00138366749825376 28778338 28778338 0
21 311 rs2824483 19139775 1 0.00136231779923384 19139775 19139775 0
21 3069 rs447656 46531152 1 -0.00136009245324453 46531152 46531152 0
21 2190 rs2835569 38429389 1 0.00135099547778862 38429389 38429389 0
21 1849 rs2239565 35288558 1 0.00133460858093258 35288558 35288558 0
21 122 rs458525 15970507 1 0.00129343163838202 15970507 15970507 0
21 1789 rs2834112 34526350 1 0.00126589929661198 34526350 34526350 0
21 1476 rs420121 31146608 1 0.00123013732406257 31146608 31146608 0
21 374 rs2825006 20075947 1 0.00122784718020434 20075947 20075947 0
21 1153 rs2830607 28368464 2 -0.00122156025750069 28368464 28368464 0
21 2519 rs2299796 41294890 1 -0.00120610285008794 41294890 41294890 0
21 709 rs2827093 23221088 1 -0.00117943889540496 23221088 23221088 0
21 953 rs2829429 26204697 1 -0.00115677763415456 26204697 26204697 0
21 1406 rs2243521 30431730 1 0.00115603626867305 30431730 30431730 0
21 1407 rs139906177 30439335 1 0.00115275358622573 30439335 30439335 0
21 140 rs2178999 16247212 1 0.00115241876393404 16247212 16247212 0
21 1796 rs17634662 34552200 1 0.00115179385541325 34552200 34552200 0
21 1698 rs2833670 33505090 1 0.00113212846078142 33505090 33505090 0
21 1764 rs4817515 34374254 1 -0.00112791993520529 34374254 34374254 0
21 3090 rs4819077 46792424 1 0.00112247882507212 46792424 46792424 0
21 3141 rs13051923 47489546 1 0.00112218273635705 47489546 47489546 0
21 2835 rs480449 43740749 1 0.00111629916969209 43740749 43740749 0
21 634 rs2826808 22725866 1 -0.00107189580530785 22725866 22725866 0
21 867 rs16999153 25379620 1 -0.00107057985610722 25379620 25379620 0
21 2437 rs2837035 40818379 1 -0.00106302953290069 40818379 40818379 0
21 2720 rs9975623 42920296 1 -0.00105870864454748 42920296 42920296 0
21 885 rs1910614 25591352 1 -0.00105121699320832 25591352 25591352 0
21 1160 rs9284446 28443774 1 -0.00104749760536988 28443774 28443774 0
21 2999 rs2838519 45615023 1 0.00104682975098281 45615023 45615023 0
21 2898 rs4920137 44140117 1 0.00104555455970338 44140117 44140117 0
21 2058 rs2835203 37351180 1 -0.00102911257683036 37351180 37351180 0
21 1076 rs2830165 27676592 1 0.00102333276363362 27676592 27676592 0
21 1477 rs461119 31147968 1 -9.96390978347242e-4 31147968 31147968 0
21 2220 rs2154552 38968030 1 -9.887134460192623e-4 38968030 38968030 0
21 1904 rs4817656 35841186 1 9.886640088231475e-4 35841186 35841186 0
21 2393 rs7276778 40335046 1 9.77470830954949e-4 40335046 40335046 0
21 3050 rs2838666 46158738 1 -9.689237446300302e-4 46158738 46158738 0
21 203 rs451885 17744507 1 9.65575978448288e-4 17744507 17744507 0
21 664 rs2826875 22890642 1 -9.625586705569016e-4 22890642 22890642 0
21 2203 rs2835699 38721309 1 9.492597242192196e-4 38721309 38721309 0
21 2371 rs2836720 40243237 1 9.273675474307764e-4 40243237 40243237 0
21 2958 rs2838331 45026728 1 9.234747144737972e-4 45026728 45026728 0
21 1247 rs2831046 29025638 1 9.179010230269912e-4 29025638 29025638 0
21 1966 rs4459802 36530416 1 9.1715694629382e-4 36530416 36530416 0
21 3083 rs2150439 46634966 1 9.026173022730002e-4 46634966 46634966 0
21 3133 rs3827270 47379816 1 -8.923870838465078e-4 47379816 47379816 0
21 2395 rs2836789 40338995 1 8.86861627889904e-4 40338995 40338995 0
21 2546 rs2837388 41419552 1 -8.77207785029068e-4 41419552 41419552 0
21 2646 rs730625 42296882 1 8.645763506565565e-4 42296882 42296882 0
21 266 rs2250664 18437109 1 8.631539919988706e-4 18437109 18437109 0
21 556 rs2155889 21889841 1 8.609744471588081e-4 21889841 21889841 0
21 2189 rs2835562 38409876 1 -8.602142963529209e-4 38409876 38409876 0
21 765 rs12482466 24465462 1 -8.398285358827013e-4 24465462 24465462 0
21 1142 rs146717299 28305324 2 -8.239338394606611e-4 28305324 28305324 0
21 2796 rs220128 43531553 1 8.22138226318924e-4 43531553 43531553 0
21 2285 rs55870334 39579012 1 8.164318014897804e-4 39579012 39579012 0
21 1700 rs8127350 33548880 1 8.105219445532317e-4 33548880 33548880 0
21 1996 rs8132760 36771337 1 8.072470411858111e-4 36771337 36771337 0
21 2851 rs2839490 43789854 1 -8.014208102673547e-4 43789854 43789854 0
21 1166 rs2830698 28481280 1 -7.992087846617382e-4 28481280 28481280 0
21 2872 rs8130358 43875848 1 7.898529869672767e-4 43875848 43875848 0
21 170 rs1736020 16812552 1 -7.897392640577357e-4 16812552 16812552 0
21 2365 rs2836701 40209798 2 -7.80872786479779e-4 40209798 40209798 0
21 484 rs13433388 21147348 1 7.693873417142412e-4 21147348 21147348 0
21 2886 rs10483088 44039013 1 7.68440568954327e-4 44039013 44039013 0
21 1309 rs2831792 29792308 1 7.667508570050618e-4 29792308 29792308 0
21 1620 rs1414192 32735471 1 -7.610575522095473e-4 32735471 32735471 0
21 2443 rs1522 40887185 1 -7.548811053881431e-4 40887185 40887185 0
21 742 rs1501220 23848588 1 7.492941058153169e-4 23848588 23848588 0
21 1340 rs2832007 30106926 1 7.476667524759236e-4 30106926 30106926 0
21 2416 rs2836912 40506194 1 -7.428576596011712e-4 40506194 40506194 0
21 1589 rs2833135 32224934 1 7.400826603519007e-4 32224934 32224934 0
21 2080 rs8126939 37512947 1 -7.366111458093768e-4 37512947 37512947 0
21 135 rs9636594 16128671 1 -7.330463077265395e-4 16128671 16128671 0
21 1778 rs7283689 34476169 1 7.313252579345443e-4 34476169 34476169 0
21 870 rs2186439 25433818 2 -7.284254323054826e-4 25433818 25433818 0
21 2583 rs718099 41816354 1 7.248058797031656e-4 41816354 41816354 0
21 2241 rs1709806 39055489 1 7.21266881737329e-4 39055489 39055489 0
21 1982 rs2834853 36597915 1 -7.022049764876887e-4 36597915 36597915 0
21 2966 rs4566449 45219524 1 -6.914695393153006e-4 45219524 45219524 0
21 596 rs2826605 22300960 1 6.883661658156413e-4 22300960 22300960 0
21 2351 rs2836618 40048295 1 -6.80493307169852e-4 40048295 40048295 0
21 469 rs2825678 20986798 1 -6.793734022237481e-4 20986798 20986798 0
21 230 rs415850 18228575 1 6.793684503161297e-4 18228575 18228575 0
21 901 rs1119267 25798591 1 -6.706798488355186e-4 25798591 25798591 0
21 754 rs641698 24402455 1 6.697684501729429e-4 24402455 24402455 0
21 477 rs11088748 21050002 1 -6.664854095154328e-4 21050002 21050002 0
21 2686 rs2838008 42685044 1 6.583020405686983e-4 42685044 42685044 0
21 813 rs1354481 24836014 1 6.54730474029431e-4 24836014 24836014 0
21 129 rs455547 16054626 2 6.506668233140991e-4 16054626 16054626 0
21 1274 rs7278583 29533040 1 6.499453520688824e-4 29533040 29533040 0
21 1601 rs2833192 32389498 1 6.495887982077926e-4 32389498 32389498 0
21 401 rs7276040 20235268 2 -6.440898050127904e-4 20235268 20235268 0
21 1121 rs458546 28174625 1 -6.385061936671169e-4 28174625 28174625 0
21 3030 rs9978560 46060222 1 6.361922388073675e-4 46060222 46060222 0
21 265 rs2026857 18433749 1 -6.293999726355334e-4 18433749 18433749 0
21 2937 rs2839644 44604272 1 -6.164820666888567e-4 44604272 44604272 0
21 2441 rs1735137 40848174 1 -6.107317904705605e-4 40848174 40848174 0
21 2961 rs3916995 45128454 1 -5.956902439275426e-4 45128454 45128454 0
21 916 rs4546075 25847872 1 5.917627735598192e-4 25847872 25847872 0
21 253 rs2824175 18384773 1 -5.878619823886335e-4 18384773 18384773 0
21 755 rs2027717 24407465 2 5.691487698129027e-4 24407465 24407465 0
21 1306 rs2142274 29769454 1 5.686618213404393e-4 29769454 29769454 0
21 20 rs431864 15548739 1 5.665962107670873e-4 15548739 15548739 0
21 1336 rs2831988 30098166 1 -5.658902083910132e-4 30098166 30098166 0
21 2355 rs2836651 40103951 1 -5.590386460828645e-4 40103951 40103951 0
21 714 rs4818644 23251216 2 5.549026159544304e-4 23251216 23251216 0
21 2286 rs6517451 39581136 1 5.500258604768587e-4 39581136 39581136 0
21 1497 rs2223023 31253144 1 -5.396548236477736e-4 31253144 31253144 0
21 2915 rs442981 44412735 1 -5.386519755016739e-4 44412735 44412735 0
21 2636 rs736976 42168325 1 5.26200892554465e-4 42168325 42168325 0
21 2260 rs3787835 39189570 1 -5.228413938447239e-4 39189570 39189570 0
21 2518 rs2299787 41290971 1 -5.216114190878485e-4 41290971 41290971 0
21 2871 rs2276239 43875500 1 5.166865740790414e-4 43875500 43875500 0
21 2515 rs3819595 41282698 1 5.162366490400309e-4 41282698 41282698 0
21 2740 rs1054761 43218520 1 5.158166751699376e-4 43218520 43218520 0
21 3043 rs17284014 46087583 1 5.141653388889748e-4 46087583 46087583 0
21 2702 rs2898449 42814495 1 -5.133624543061956e-4 42814495 42814495 0
21 666 rs2826896 22917558 1 5.063959330939405e-4 22917558 22917558 0
21 2266 rs2836022 39217680 1 -5.031178885173156e-4 39217680 39217680 0
21 1709 rs7277753 33612833 1 5.016319552732585e-4 33612833 33612833 0
21 232 rs442995 18244220 1 -5.001154144450335e-4 18244220 18244220 0
21 1965 rs9975836 36514505 1 4.984874394700785e-4 36514505 36514505 0
21 1118 rs2830520 28162797 1 -4.9816800431529e-4 28162797 28162797 0
21 935 rs7281937 26021230 2 4.97882330564579e-4 26021230 26021230 0
21 2986 rs62229686 45391272 1 4.958084807711993e-4 45391272 45391272 0
21 195 rs2051347 17563269 1 -4.8495169070503306e-4 17563269 17563269 0
21 1184 rs1452084 28661237 1 -4.829893088288695e-4 28661237 28661237 0
21 1624 rs533651 32754559 1 -4.7786259802139246e-4 32754559 32754559 0
21 2528 rs978935 41337036 1 -4.737489083555405e-4 41337036 41337036 0
21 242 rs10470201 18335498 1 -4.6587466349153e-4 18335498 18335498 0
21 3142 rs2839102 47501261 1 4.586694537831663e-4 47501261 47501261 0
21 1039 rs2830076 27502468 1 4.574811337658244e-4 27502468 27502468 0
21 1494 rs2832468 31245860 2 4.554141207558105e-4 31245860 31245860 0
21 2366 rs1534825 40210516 1 4.540534229359819e-4 40210516 40210516 0
21 1749 rs4817502 34175240 1 4.5083780541424495e-4 34175240 34175240 0
21 2708 rs8127664 42832638 1 4.460928178105845e-4 42832638 42832638 0
21 519 rs2826182 21706296 1 -4.3645447424800314e-4 21706296 21706296 0
21 218 rs2211994 18047593 1 -4.312152232217057e-4 18047593 18047593 0
21 267 rs2824226 18457828 1 4.288330065911692e-4 18457828 18457828 0
21 2956 rs2838305 44873060 1 -4.280970000218387e-4 44873060 44873060 0
21 2555 rs2837426 41454734 1 4.164241060741092e-4 41454734 41454734 0
21 2764 rs61731656 43362295 2 -4.1415276116548816e-4 43362295 43362295 0
21 1927 rs1557268 35973227 1 -4.109828688519264e-4 35973227 35973227 0
21 2660 rs16998084 42471628 1 -4.079776653292661e-4 42471628 42471628 0
21 825 rs2828286 24951271 1 4.07773686600776e-4 24951271 24951271 0
21 2197 rs62223645 38528987 1 -4.006362087379931e-4 38528987 38528987 0
21 1070 rs9978179 27653527 1 -3.997699129967587e-4 27653527 27653527 0
21 464 rs9978286 20925657 1 3.9024878326835105e-4 20925657 20925657 0
21 2758 rs4920118 43319984 1 3.85554455656905e-4 43319984 43319984 0
21 2988 rs2838458 45398656 1 3.846986746156132e-4 45398656 45398656 0
21 2127 rs170183 37848334 1 -3.724687817618891e-4 37848334 37848334 0
21 1217 rs7275326 28785912 1 3.67019846634017e-4 28785912 28785912 0
21 1266 rs2831315 29361630 2 -3.6562918673633686e-4 29361630 29361630 0
21 730 rs1041416 23542443 1 3.5959728386103875e-4 23542443 23542443 0
21 1831 rs9636869 35227484 1 -3.593539466756442e-4 35227484 35227484 0
21 1125 rs468969 28191916 1 -3.570548240841165e-4 28191916 28191916 0
21 2324 rs1041795 39852396 1 3.5307404479394805e-4 39852396 39852396 0
21 1050 rs2409168 27573945 1 3.508227526317166e-4 27573945 27573945 0
21 173 rs2823307 16865946 1 3.4898268157409525e-4 16865946 16865946 0
21 3062 rs2838737 46335580 1 3.467043340594733e-4 46335580 46335580 0
21 689 rs1735934 23073684 1 -3.422348088514563e-4 23073684 23073684 0
21 2920 rs234781 44430325 1 3.4145666611608776e-4 44430325 44430325 0
21 2456 rs17751811 40948861 1 -3.3153355494265846e-4 40948861 40948861 0
21 180 rs2823357 16914905 1 3.3095453330262765e-4 16914905 16914905 0
21 2762 rs9325615 43359680 1 -3.288138366646031e-4 43359680 43359680 0
21 2314 rs17284917 39713235 1 -3.2572454184113267e-4 39713235 39713235 0
21 62 rs1014539 15659731 1 -3.2035494950262926e-4 15659731 15659731 0
21 121 rs2822787 15954660 1 3.1489821337972186e-4 15954660 15954660 0
21 1108 rs2830415 28078159 1 -3.1349641291313947e-4 28078159 28078159 0
21 2175 rs2843637 38332768 1 3.08617777784157e-4 38332768 38332768 0
21 2964 rs78489660 45209559 1 -3.059553896512653e-4 45209559 45209559 0
21 1408 rs8133819 30458754 1 3.046537323097514e-4 30458754 30458754 0
21 844 rs11910832 25130153 1 3.0437754675089444e-4 25130153 25130153 0
21 1919 rs8130447 35950431 1 -3.0247026928427445e-4 35950431 35950431 0
21 1412 rs2832172 30469314 1 -3.0170020984085554e-4 30469314 30469314 0
21 1843 rs2834291 35269767 1 -2.990448881366917e-4 35269767 35269767 0
21 2147 rs2073601 38117308 1 -2.938674874091355e-4 38117308 38117308 0
21 2596 rs2837663 41877678 1 2.927641315312137e-4 41877678 41877678 0
21 2001 rs11910142 36816352 1 -2.8779007724004727e-4 36816352 36816352 0
21 1868 rs13051558 35375649 1 -2.8539326681814e-4 35375649 35375649 0
21 2044 rs6517312 37277069 1 2.849658926176628e-4 37277069 37277069 0
21 2429 rs2836995 40748801 1 2.8272385594676455e-4 40748801 40748801 0
21 1330 rs6516861 30057145 1 -2.778166590857422e-4 30057145 30057145 0
21 878 rs12627020 25510293 2 -2.7414915600810726e-4 25510293 25510293 0
21 2345 rs8130668 39978141 1 -2.622652268740774e-4 39978141 39978141 0
21 2691 rs424513 42711678 1 -2.5742344462264426e-4 42711678 42711678 0
21 2841 rs692544 43759441 2 -2.5431802569687964e-4 43759441 43759441 0
21 438 rs2825523 20705880 1 -2.538946259577432e-4 20705880 20705880 0
21 2284 rs8131705 39576807 1 2.5150270049394856e-4 39576807 39576807 0
21 2767 rs12627125 43399915 1 2.4666261070051753e-4 43399915 43399915 0
21 1451 rs363504 30925928 1 -2.45113226734071e-4 30925928 30925928 0
21 1150 rs6516749 28357999 1 -2.3546289064746163e-4 28357999 28357999 0
21 2497 rs741864 41207795 1 -2.3186997955225737e-4 41207795 41207795 0
21 137 rs2822942 16189981 1 2.3011738636179223e-4 16189981 16189981 0
21 1486 rs456245 31181420 1 -2.2945975118632793e-4 31181420 31181420 0
21 88 rs2205253 15725162 1 2.289159033608576e-4 15725162 15725162 0
21 944 rs2829388 26174872 1 -2.2888953289443948e-4 26174872 26174872 0
21 1844 rs12627530 35269964 1 2.2417157657522144e-4 35269964 35269964 0
21 2578 rs16999738 41780398 2 2.1746639863500167e-4 41780398 41780398 0
21 1697 rs4817463 33490340 1 -2.1697133324000216e-4 33490340 33490340 0
21 2592 rs2837649 41850636 1 2.1540973271739504e-4 41850636 41850636 0
21 1921 rs2300387 35964093 1 2.117007258801473e-4 35964093 35964093 0
21 1491 rs2832458 31239497 1 2.0928435607301443e-4 31239497 31239497 0
21 1445 rs2832381 30881184 1 2.0589446336546737e-4 30881184 30881184 0
21 2132 rs439888 37920907 1 -2.012189214419168e-4 37920907 37920907 0
21 909 rs2829098 25836660 1 1.947858249403207e-4 25836660 25836660 0
21 2179 rs13049125 38345003 1 -1.9362720517361183e-4 38345003 38345003 0
21 3023 rs233278 45991929 1 -1.908567186136593e-4 45991929 45991929 0
21 3061 rs3788150 46333802 1 1.8966761753389503e-4 46333802 46333802 0
21 1914 rs2834536 35929192 1 -1.8954080136522497e-4 35929192 35929192 0
21 1925 rs2300391 35969900 1 -1.893588078069405e-4 35969900 35969900 0
21 130 rs9978604 16077016 1 -1.8852890972985043e-4 16077016 16077016 0
21 1514 rs10432780 31460885 1 -1.883706497610329e-4 31460885 31460885 0
21 1026 rs383700 27298769 1 -1.8677498044093293e-4 27298769 27298769 0
21 2394 rs2836788 40336891 2 -1.8531498798753825e-4 40336891 40336891 0
21 2478 rs8128850 41137256 1 -1.8531419811613703e-4 41137256 41137256 0
21 2859 rs11700858 43835855 1 -1.755670291054309e-4 43835855 43835855 0
21 1314 rs1999316 29853103 1 1.7175647603828807e-4 29853103 29853103 0
21 1798 rs7282906 34562257 1 1.685112886310529e-4 34562257 34562257 0
21 2376 rs2836723 40251569 1 1.6746016706676545e-4 40251569 40251569 0
21 969 rs2829488 26332318 1 -1.674421727668063e-4 26332318 26332318 0
21 534 rs1735894 21814838 1 -1.6557797620330984e-4 21814838 21814838 0
21 3135 rs1053312 47423389 1 1.6554098023582368e-4 47423389 47423389 0
21 2950 rs681210 44779343 1 1.6108771215113442e-4 44779343 44779343 0
21 1946 rs2834655 36238507 1 -1.602831566372976e-4 36238507 36238507 0
21 2279 rs61731605 39493232 1 -1.599918160352793e-4 39493232 39493232 0
21 611 rs8132319 22427695 1 -1.5906837967232976e-4 22427695 22427695 0
21 171 rs1736148 16813212 1 1.574843740463729e-4 16813212 16813212 0
21 1702 rs2833697 33556137 2 1.4823651837785835e-4 33556137 33556137 0
21 2296 rs2836263 39640302 1 1.4623759166928972e-4 39640302 39640302 0
21 799 rs200687 24739422 1 1.4570178871050612e-4 24739422 24739422 0
21 2588 rs2837646 41842252 1 1.4536040598597496e-4 41842252 41842252 0
21 2534 rs2837352 41363778 1 1.4149463303956216e-4 41363778 41363778 0
21 518 rs2826174 21698075 1 -1.413139629365499e-4 21698075 21698075 0
21 842 rs2828463 25097968 1 1.3786423040346773e-4 25097968 25097968 0
21 1027 rs2014146 27335022 1 -1.377951281106316e-4 27335022 27335022 0
21 760 rs198077 24425226 1 -1.3685099881077052e-4 24425226 24425226 0
21 610 rs8126872 22424004 1 -1.3661084688849326e-4 22424004 22424004 0
21 654 rs17003866 22822135 1 -1.3618330362421212e-4 22822135 22822135 0
21 1014 rs2829934 27205540 1 1.3618114734137104e-4 27205540 27205540 0
21 167 rs2823269 16793467 2 -1.3460621333031482e-4 16793467 16793467 0
21 247 rs2824164 18371006 1 -1.3427424060145018e-4 18371006 18371006 0
21 856 rs207490 25214100 1 1.3390131615847258e-4 25214100 25214100 0
21 927 rs2408971 25913510 1 -1.3340285009607933e-4 25913510 25913510 0
21 2869 rs883391 43853701 1 -1.2822298481840404e-4 43853701 43853701 0
21 350 rs7283555 19660053 1 -1.2431373611812476e-4 19660053 19660053 0
21 2140 rs2252884 38014106 2 -1.2324254689699738e-4 38014106 38014106 0
21 388 rs8129581 20136039 1 1.182827828791786e-4 20136039 20136039 0
21 1367 rs2832113 30205143 1 1.1765722145985604e-4 30205143 30205143 0
21 2440 rs3827209 40826063 1 -1.171761349848372e-4 40826063 40826063 0
21 886 rs2828918 25594326 1 -1.1717143384938076e-4 25594326 25594326 0
21 758 rs198070 24419862 1 -1.1701977184413093e-4 24419862 24419862 0
21 1853 rs12627083 35314725 1 1.1611748382754704e-4 35314725 35314725 0
21 740 rs2827484 23776582 1 1.1188025527082236e-4 23776582 23776582 0
21 814 rs9978900 24902807 1 1.1123354368154053e-4 24902807 24902807 0
21 593 rs2826587 22255696 1 1.1080502758964496e-4 22255696 22255696 0
21 2016 rs764508 36935896 1 -1.1075132689930336e-4 36935896 36935896 0
21 2724 rs7282997 43059884 2 -1.0879578089112192e-4 43059884 43059884 0
21 2965 rs3819607 45216110 1 -1.0763531453831844e-4 45216110 45216110 0
21 968 rs762205 26327951 1 -1.0607888170479144e-4 26327951 26327951 0
21 1474 rs396331 31143510 1 -1.0585694324101116e-4 31143510 31143510 0
21 1790 rs2834113 34527885 1 1.040309349045606e-4 34527885 34527885 0
21 810 rs9789909 24807495 1 -1.01044880833477e-4 24807495 24807495 0
21 351 rs3787580 19663252 1 -9.323825871215702e-5 19663252 19663252 0
21 138 rs2822964 16229925 1 9.153858381860452e-5 16229925 16229925 0
21 316 rs2824499 19179271 1 8.812490166484512e-5 19179271 19179271 0
21 2785 rs2839461 43501351 1 -8.50584599084054e-5 43501351 43501351 0
21 1967 rs4581976 36530556 1 8.331236742903784e-5 36530556 36530556 0
21 1126 rs467797 28194528 2 -8.184420191025352e-5 28194528 28194528 0
21 1120 rs1111134 28167643 1 -7.789559251051382e-5 28167643 28167643 0
21 370 rs8131046 19999399 1 -7.761777191005776e-5 19999399 19999399 0
21 2020 rs2835006 36944403 1 7.68612180595095e-5 36944403 36944403 0
21 2374 rs2836722 40250008 1 7.533661608087108e-5 40250008 40250008 0
21 54 rs2822531 15650119 1 7.415751183043204e-5 15650119 15650119 0
21 2259 rs2835975 39180799 1 -7.322098618211116e-5 39180799 39180799 0
21 2516 rs4143343 41285481 2 7.251799391458765e-5 41285481 41285481 0
21 1136 rs229055 28263220 1 -6.869217696434267e-5 28263220 28263220 0
21 321 rs243629 19220798 1 6.837071998691714e-5 19220798 19220798 0
21 691 rs1155463 23140523 1 -5.55172596533215e-5 23140523 23140523 0
21 2837 rs7281211 43744941 1 5.3804201768970653e-5 43744941 43744941 0
21 1606 rs7282590 32438284 1 -5.3749743763135915e-5 32438284 32438284 0
21 1163 rs10482982 28472489 1 -4.797812078642751e-5 28472489 28472489 0
21 2055 rs2835189 37342121 2 -4.783885411582659e-5 37342121 37342121 0
21 468 rs2825663 20955904 1 -4.610346902361126e-5 20955904 20955904 0
21 3041 rs75799438 46086488 1 4.447285717239612e-5 46086488 46086488 0
21 1782 rs2409472 34499426 1 4.422827071771503e-5 34499426 34499426 0
21 555 rs2826339 21884955 1 4.39744093602235e-5 21884955 21884955 0
21 330 rs158014 19451271 1 4.38594906522794e-5 19451271 19451271 0
21 949 rs2829413 26196506 1 4.257388130627686e-5 26196506 26196506 0
21 2050 rs2845726 37333223 1 4.182159556895931e-5 37333223 37333223 0
21 1781 rs8132749 34493297 1 4.1194877274502214e-5 34493297 34493297 0
21 1817 rs6517178 34888621 1 -3.0160105783674872e-5 34888621 34888621 0
21 157 rs7275695 16568524 1 -2.918410956047063e-5 16568524 16568524 0
21 1098 rs2830286 27954042 2 2.7413270320515324e-5 27954042 27954042 0
21 1223 rs2830933 28798703 1 -2.6633171999252833e-5 28798703 28798703 0
21 1617 rs2833303 32517961 1 -2.4335262457019236e-5 32517961 32517961 0
21 2116 rs7279231 37656134 1 2.0087605446636225e-5 37656134 37656134 0
21 2584 rs12481965 41823356 1 -1.8685562678030263e-5 41823356 41823356 0
21 2070 rs2230192 37445039 1 1.1887528224962057e-5 37445039 37445039 0
21 2292 rs2836257 39635549 1 1.1640043056144196e-5 39635549 39635549 0
21 1233 rs2830960 28839569 1 -1.101650105605915e-5 28839569 28839569 0
21 2483 rs143191361 41151163 1 1.0807569720600649e-5 41151163 41151163 0
21 503 rs9982120 21526261 1 8.51342078928967e-6 21526261 21526261 0
21 2595 rs2178842 41877148 1 6.664603091771007e-6 41877148 41877148 0
21 2117 rs3827183 37661405 1 -5.868813673357446e-6 37661405 37661405 0
21 1625 rs12482796 32759208 1 -3.5589370455991898e-6 32759208 32759208 0
21 727 rs2827239 23470698 1 -3.5329925421110733e-6 23470698 23470698 0
21 168 rs2823270 16794755 1 3.4923190291061645e-6 16794755 16794755 0
21 169 rs2823271 16795418 1 7.144349453612345e-7 16795418 16795418 0
21 134 rs7275823 16126946 1 1.8439663632967627e-15 16126946 16126946 0
