CHR Group SNP.lead BP.lead Size W BP.min BP.max BP.width
14 131 rs8017161 103563195 13 0.20965318102785513 103009367 103584674 575307
14 107 rs737522 93014672 11 0.12254492571479614 93005721 93372370 366649
14 70 rs3784099 68749927 19 0.103097075233024 68019608 69039588 1019980
14 36 rs712314 35408548 26 0.07116090822865045 34879025 35853388 974363
14 72 rs1275824 70194563 20 0.06136211701702787 69328022 70366437 1038415
14 97 rs12883250 88446876 20 0.06102454069485562 87546785 88695342 1148557
14 110 rs11621961 94769476 12 0.05803802065573109 94432783 94892438 459655
14 103 rs1286083 91442779 14 0.05706092379479486 90983296 91642234 658938
14 130 rs62000389 102912150 16 0.0474135506712712 101910778 102933347 1022569
14 62 rs755011 59815040 26 0.04259740592789719 59452572 61665229 2212657
14 69 rs6573638 66328997 15 0.03951018109673244 66294143 67984540 1690397
14 28 rs2300835 33207522 12 0.03870005263742671 32903616 33237374 333758
14 90 rs11623789 82450632 17 0.03823883900218995 81820060 82505045 684985
14 135 rs3924892 105494262 10 0.03648070896876029 105368733 105752404 383671
14 7 rs3748366 22204911 22 0.03328531515797182 22022117 22483101 460984
