CHR Group SNP.lead BP.lead Size W BP.min BP.max BP.width
19 1050 rs3745516 50926742 1 0.17158497731270858 50926742 50926742 0
19 265 rs2304256 10475652 2 0.08703871485758802 10469975 10478945 8970
19 1088 rs273634 51718837 2 0.05777707778984718 51718837 51727962 9125
19 1049 rs1726801 50905074 2 0.04432106911821654 50905074 50905074 0
19 416 rs8109466 17207011 1 0.04391529164888805 17160720 17212992 52272
19 86 rs243335 4402017 2 0.03675635391423033 4353174 4433412 80238
19 657 rs10411210 33532300 4 0.03041599367643836 33532300 33537096 4796
19 1202 rs17305311 54705641 3 0.02694762445215256 54705641 54707822 2181
19 695 rs8191371 34868776 2 0.02645486717835422 34833079 34868776 35697
19 760 rs8102476 38735613 3 0.02578693168910933 38735613 38765822 30209
19 68 rs45465594 3813906 1 0.02577724079595205 3813906 3813906 0
19 388 rs8110002 15963695 1 0.02569380710025843 15963695 15974393 10698
19 419 rs2305767 17294296 2 0.02555970332481715 17294296 17306074 11778
19 368 rs116923487 15133803 4 0.0250024789101671 15131668 15133926 2258
19 722 rs11084813 35923858 1 0.02442569119723815 35923858 35923858 0
19 451 rs11666281 18234588 2 -0.02403426073837392 18234588 18257750 23162
19 821 rs61750953 41306650 1 0.0236021271689283 41299015 41310609 11594
19 948 rs11083846 47207654 2 -0.02289778181674743 47207654 47217914 10260
19 471 rs892035 19758190 1 0.02243307847866517 19758190 19792050 33860
19 108 rs263063 5022604 3 -0.02213013967563908 5008399 5046070 37671
19 1143 rs3745101 53085813 1 0.02209261009208001 53085813 53086946 1133
19 890 rs8108277 45205877 1 0.02195397398341485 45205877 45205877 0
19 188 rs72558007 7762440 2 0.02160007158918646 7758339 7762440 4101
19 377 rs11085954 15594019 2 0.02137447698306205 15594019 15594019 0
19 257 rs3745601 10224548 2 -0.0207868665005565 10219076 10226052 6976
19 686 rs7256463 34366393 3 0.01964436536547565 34358606 34366393 7787
19 668 rs16967952 33795241 2 0.01963342751554093 33791127 33795241 4114
19 962 rs12461639 48172671 3 0.01946892185050048 48172671 48184757 12086
19 1142 rs329966 53070617 1 -0.01912758191338062 53070617 53070617 0
19 820 rs2233152 41281016 2 0.01866009726500086 41274713 41289756 15043
19 447 rs7259041 18123738 2 0.01853029988144453 18117646 18123738 6092
19 1314 rs10403926 57588298 1 -0.01827545699408376 57588298 57595497 7199
19 1068 rs2659079 51421491 1 -0.01809562581442719 51421491 51423628 2137
19 40 rs61754927 2917509 4 0.01805942631757563 2900518 2921008 20490
19 758 rs705507 38610721 3 0.01795528815420733 38610721 38654551 43830
19 468 rs17216041 19366643 2 0.01748608936452567 19358672 19407718 49046
19 264 rs7257871 10449252 3 -0.01678742497508339 10446568 10449751 3183
19 342 rs11670064 14447600 2 -0.01642216722776071 14438596 14450812 12216
19 621 rs56688754 31906847 11 0.01635571685661773 31886044 31933275 47231
19 1099 rs39711 51954858 1 -0.01624509825837636 51954094 51954858 764
19 398 rs3752796 16339874 3 -0.01622481574462106 16299174 16344647 45473
19 802 rs3944083 40301967 3 0.01602437379426737 40301967 40321840 19873
19 35 rs4334421 2580057 1 0.01595410354550215 2580057 2580057 0
19 293 rs206863 11789015 3 -0.01564182123001065 11789015 11819193 30178
19 1358 rs1051500 58944402 7 -0.01554004379525451 58928786 58978517 49731
19 832 rs1800472 41847860 1 0.01522237153695932 41847860 41847860 0
19 357 rs17230134 14910654 1 -0.0148323090737715 14910321 14914914 4593
19 122 rs12985119 5501415 1 -0.01475007253181959 5497686 5501415 3729
19 62 rs1985358 3729042 1 0.01471560810174727 3729042 3729042 0
19 27 rs10417628 2251817 2 0.01465371985325727 2251817 2251817 0
19 1017 rs9304680 49651042 2 -0.01459265592493842 49651042 49654421 3379
19 753 rs10404567 38397213 8 -0.01425096524512517 38188652 38411090 222438
19 450 rs2305743 18193191 2 -0.01407399026994524 18193191 18193191 0
19 737 rs753420 36643695 1 0.01398794609115481 36643695 36643695 0
19 1139 rs9630874 52928039 2 0.01392060310884133 52928039 52932420 4381
19 1193 rs10420331 54469068 2 0.01369293031184703 54469068 54469068 0
19 126 rs778805 5832209 3 0.01325184365427779 5822490 5834212 11722
19 1064 rs2659122 51363026 2 0.01312834184167769 51361315 51364623 3308
19 774 rs888995 39156138 2 -0.01290631039832406 39135874 39190588 54714
19 868 rs16976937 44470147 1 0.01283661275873275 44470147 44470147 0
19 273 rs11673064 10955925 2 0.01282372612483718 10947522 10955925 8403
19 1323 rs3746227 57804524 1 -0.01264951418775719 57795305 57820717 25412
19 994 rs10413911 49046562 1 -0.01264912548314307 49046562 49046562 0
19 5 rs8108922 691025 1 -0.01263610607490132 691025 691025 0
19 673 rs4805889 33954588 1 0.01263204744550424 33954588 33954588 0
19 287 rs624899 11612498 2 0.01254325035009956 11612498 11651810 39312
19 988 rs16981988 48821757 1 0.01243192825048793 48821757 48836673 14916
19 466 rs2228603 19329924 1 0.01235914544024488 19329924 19329924 0
19 1002 rs281398 49177030 2 -0.0121658259254169 49167531 49183284 15753
19 1349 rs260428 58736625 2 0.01214608852684023 58724380 58736625 12245
19 229 rs7508222 9059808 5 -0.01210767916899386 9056941 9063678 6737
19 952 rs1862499 47549791 1 0.01194935486684275 47549791 47549791 0
19 1158 rs7251341 53615991 4 -0.01187753393712889 53611473 53615991 4518
19 74 rs7251928 4077096 2 0.01186502704304445 4077096 4077096 0
19 145 rs422981 6556778 1 0.01185933728436871 6556778 6556778 0
19 1109 rs7260152 52160305 5 0.01183398915137721 52155449 52163384 7935
19 742 rs8108848 37019742 2 0.01175088214155422 36950171 37027217 77046
19 639 rs7253538 32834547 3 -0.01148875013042014 32818329 32834547 16218
19 528 rs811020 28393499 3 0.01130571826520418 28392639 28419903 27264
19 942 rs3745788 46994833 2 -0.01124655282546428 46994833 46998290 3457
19 1213 rs35336528 54968038 1 0.01122273720967853 54968038 54968038 0
19 449 rs3761041 18183917 3 -0.01108366837198718 18180236 18186752 6516
19 539 rs12460063 28815018 2 0.01108199223857629 28809682 28817506 7824
19 230 rs61732905 9070264 2 0.01102727670392393 9065203 9078257 13054
19 1240 rs1058511 55859439 1 0.01095873992945399 55859439 55859439 0
19 729 rs2285419 36134208 4 -0.01094036193683735 36113590 36136449 22859
19 736 rs62109744 36546015 3 0.01087528295240799 36530428 36590329 59901
19 537 rs12985572 28769462 1 0.01086309174451329 28750485 28769462 18977
19 285 rs322151 11417200 4 0.01085626025629315 11401105 11417200 16095
19 1269 rs306481 56487603 4 0.01069557554310489 56483192 56493232 10040
19 417 rs12052065 17241649 2 0.01042467293120336 17241649 17246212 4563
19 655 rs8109698 33426362 1 -0.01027021392771043 33423502 33453659 30157
19 899 rs769449 45410002 3 0.01025110338676331 45410002 45414451 4449
19 456 rs2277922 18376522 2 -0.01023138822806787 18376509 18395537 19028
19 99 rs12979279 4764306 1 -0.01016633653330239 4764306 4764306 0
19 732 rs231228 36268771 4 0.01012199770822274 36258721 36273534 14813
19 382 rs2683043 15764071 1 0.01008448735105092 15752681 15773915 21234
19 601 rs77238711 31039669 1 0.00976362406191174 31026875 31044025 17150
19 658 rs6510345 33588941 3 -0.00959161512082954 33579128 33608566 29438
19 1060 rs919276 51231068 1 0.00948597040530382 51231068 51236834 5766
19 888 rs754340 45163671 1 0.00935143321382822 45150614 45163671 13057
19 195 rs6603134 8106521 1 -0.00918849994629715 8106521 8106521 0
19 206 rs8112582 8242511 2 -0.00915476083719739 8242511 8242511 0
19 514 rs16999232 22797775 1 0.00914021074742593 22797775 22797775 0
19 228 rs17000460 9040732 4 -0.00904223236308314 9040732 9049910 9178
19 172 rs4804404 7218382 1 0.00892370889145626 7218382 7224431 6049
19 611 rs10405541 31343577 3 0.00880249975759386 31336715 31343577 6862
19 154 rs7258236 6760974 1 -0.00879233465128244 6755007 6760974 5967
19 204 rs35999680 8203113 1 -0.00875781165427567 8203113 8203113 0
19 976 rs7258076 48549257 1 -0.00875307955606773 48549257 48550868 1611
19 531 rs10409248 28531174 1 0.00861262659633446 28492338 28531174 38836
19 717 rs2853332 35746706 1 0.00850510255846829 35746706 35775441 28735
19 719 rs11878345 35868773 2 0.00847726389460425 35868773 35886660 17887
19 46 rs3786947 3114229 2 0.00841333448131442 3099982 3114229 14247
19 184 rs625910 7594159 1 -0.00827893297210173 7593589 7594159 570
19 1145 rs13103 53115843 4 -0.00823003237435528 53115843 53120559 4716
19 1027 rs1368464 50140068 4 -0.00820680665378788 50140068 50140092 24
19 515 rs2569723 22994241 3 -0.00817214068573208 22934973 23000745 65772
19 1116 rs4802866 52299675 1 0.00813470545769129 52298281 52301571 3290
19 812 rs35926932 40952148 3 0.00810205351700189 40947076 40952148 5072
19 1301 rs10425564 57312980 4 -0.00806288789474516 57312980 57344913 31933
19 260 rs117064827 10334725 1 0.00797613781848315 10334725 10338676 3951
19 619 rs1078373 31801130 1 0.00795560076301706 31801130 31801130 0
19 176 rs7254060 7283414 1 0.00790082860799372 7278452 7283414 4962
19 1123 rs61743893 52568422 4 0.00787439416856299 52520372 52586919 66547
19 827 rs11666982 41531368 1 0.00775390181265867 41523303 41531705 8402
19 1291 rs985113 57000173 1 0.0076758802162929 56992938 57006853 13915
19 297 rs61736266 11916890 4 -0.00767564488336059 11908397 11931746 23349
19 193 rs652260 7900562 3 0.00760464961485081 7898541 7936208 37667
19 248 rs2303100 9968434 1 0.00758062831890918 9951916 9972417 20501
19 1285 rs4801699 56785231 1 0.00756816532382197 56785231 56800202 14971
19 401 rs390017 16406034 1 0.00750141805179617 16406034 16406034 0
19 711 rs1687983 35568212 1 0.00748840667361457 35568212 35568212 0
19 997 rs2544795 49076461 1 -0.00747695543128615 49072265 49076461 4196
19 415 rs873513 17148156 1 0.00733027635091191 17148156 17148156 0
19 88 rs16992410 4487806 1 -0.00730565448651071 4487806 4496198 8392
19 272 rs8102648 10897613 1 0.00727778321836006 10897613 10913749 16136
19 1293 rs4801177 57089050 2 0.00722103720849128 57086815 57092369 5554
19 593 rs7252787 30708635 2 -0.00717205403519209 30708635 30711242 2607
19 437 rs3761055 17835831 1 0.00715972319239599 17827257 17837512 10255
19 180 rs17255882 7504456 2 -0.00707357797308719 7504404 7504456 52
19 782 rs879689 39650830 4 0.00706121177426953 39622846 39650830 27984
19 125 rs1129046 5654449 4 0.00704290423150883 5654449 5663920 9471
19 253 rs889125 10120571 1 0.00699573642705304 10120571 10120571 0
19 697 rs10408252 35002775 2 -0.00691256169871402 35002775 35003245 470
19 1028 rs12609870 50229644 2 0.00690155178527901 50229644 50229644 0
19 756 rs734204 38539988 1 -0.00683753526199607 38525798 38544631 18833
19 271 rs714307 10835405 3 -0.0067752788333907 10823940 10867219 43279
19 199 rs12608849 8160334 1 -0.00663762978582654 8159362 8163296 3934
19 863 rs3760982 44286513 1 0.0065433630379037 44286513 44293356 6843
19 314 rs113720193 13010516 2 -0.00642509659862823 12958360 13010516 52156
19 1003 rs16982241 49202859 1 0.0064123309505472 49202859 49202859 0
19 1174 rs12977919 53932295 1 -0.00639358005059339 53932295 53932295 0
19 1084 rs2075803 51628529 2 -0.00637294374270798 51628529 51628529 0
19 936 rs2110577 46895747 1 0.00631147573543945 46885977 46895747 9770
19 749 rs10421415 37483444 2 0.00626538352849136 37482151 37503899 21748
19 648 rs259229 33134425 2 0.00625325798784515 33134425 33167837 33412
19 347 rs8109493 14603932 1 0.0062416234544154 14603932 14603932 0
19 1292 rs2058131 57041758 2 -0.00619644497700387 57036012 57057738 21726
19 258 rs2288350 10283932 4 0.00610407176856578 10260869 10291473 30604
19 552 rs16962149 29344955 1 -0.00609057183696901 29338210 29347079 8869
19 792 rs10407035 39913634 3 0.00604817911515616 39913558 39914748 1190
19 1242 rs4252548 55879672 2 0.0060178899155405 55879672 55879872 200
19 1154 rs329727 53484360 1 -0.00589221938111309 53484360 53484360 0
19 793 rs1865093 39936134 3 0.00587625598561911 39936134 39977173 41039
19 385 rs61741438 15905414 1 -0.00583351403148991 15851229 15905414 54185
19 364 rs7250965 15031834 2 -0.00583062846773616 15028182 15039616 11434
19 955 rs11880097 47823871 4 -0.00582141510520422 47823038 47823871 833
19 810 rs3730050 40770982 3 -0.00577013635076594 40731491 40770982 39491
19 1321 rs8109659 57755508 1 -0.00573319345391378 57755055 57759835 4780
19 489 rs12459076 20925934 1 0.00568673421139803 20925934 20955898 29964
19 1325 rs6510064 57855930 2 0.00563177131234894 57839150 57863052 23902
19 1230 rs1654410 55524813 2 0.00563053194975303 55524375 55536595 12220
19 75 rs1823059 4115993 2 -0.00560929922753033 4115993 4118871 2878
19 730 rs2267586 36159368 2 -0.00559994167658138 36157740 36169285 11545
19 1150 rs7252166 53293834 2 -0.00556025151037968 53293834 53293834 0
19 891 rs3208856 45296806 2 0.00554767359789782 45296806 45297479 673
19 92 rs10420817 4605239 2 -0.0055331959888828 4590877 4605239 14362
19 1204 rs103294 54797848 1 -0.00551284322991604 54797848 54797848 0
19 636 rs10413445 32722146 1 0.0055070148893432 32692005 32722146 30141
19 397 rs443644 16292992 4 -0.00547544314950143 16282131 16292992 10861
19 716 rs16970163 35739702 4 0.00547280805629589 35718938 35741456 22518
19 596 rs7247350 30884407 3 0.00546841949851547 30880662 30884407 3745
19 1199 rs254259 54606405 2 -0.00545985541424925 54606405 54627164 20759
19 1082 rs2691273 51596136 3 0.00539124340962673 51595583 51596136 553
19 1110 rs2902883 52186517 1 0.00537145342927262 52181798 52186517 4719
19 993 rs28648758 48968312 1 -0.00536511078825651 48968015 48968312 297
19 394 rs8110325 16176940 1 0.00527863450940271 16176940 16176940 0
19 120 rs7247783 5464288 1 -0.00527279555552473 5464288 5464288 0
19 1217 rs4470262 55036661 2 0.00527008222959635 55030376 55036661 6285
19 953 rs2303108 47589895 2 0.00523637514711201 47589895 47589895 0
19 748 rs547483 37441365 4 -0.00516054977899245 37403224 37477150 73926
19 819 rs2561530 41224314 1 0.00483434571697955 41224314 41224314 0
19 490 rs625998 21008838 1 -0.00482939961816914 21008838 21008838 0
19 197 rs8103218 8143114 1 0.00482751530078881 8138054 8148314 10260
19 1272 rs17713875 56543982 1 0.00482156482471545 56543982 56543982 0
19 341 rs888876 14416793 5 0.0047593927990952 14416793 14418788 1995
19 650 rs8104532 33282336 1 -0.00473309019022444 33239846 33282336 42490
19 1296 rs2052240 57186892 2 -0.00468481725216708 57186892 57187163 271
19 563 rs10413904 29575500 1 -0.0046820923150721 29564161 29575500 11339
19 132 rs673153 6033976 1 -0.00467572418564469 6033976 6033976 0
19 825 rs8109818 41460621 1 -0.00467288959406048 41460621 41460621 0
19 221 rs1561406 8751106 1 0.00461882823736684 8751106 8751106 0
19 112 rs2074983 5285570 1 0.00461740729404445 5285570 5285570 0
19 1130 rs6509628 52741712 1 0.0046131827328208 52727048 52742366 15318
19 783 rs9676717 39678078 1 -0.00461204709852553 39678078 39678078 0
19 1128 rs10424348 52702778 2 0.0045797145994365 52702778 52707974 5196
19 501 rs2435048 22019697 3 -0.00449587750670269 21973929 22036167 62238
19 1226 rs269957 55445174 2 0.00445120272206797 55445174 55445174 0
19 1246 rs4801655 55977909 1 -0.00434586266222546 55977909 55977909 0
19 200 rs8111372 8170591 2 -0.00433307660052418 8166738 8173428 6690
19 261 rs5498 10395683 1 -0.00426501534148419 10394792 10395683 891
19 796 rs12609985 40060648 1 -0.00424017425072624 40056295 40060648 4353
19 245 rs971366 9598587 2 0.00423546305912672 9598587 9603751 5164
19 1119 rs9807842 52376207 2 -0.00419287895186705 52372976 52376434 3458
19 675 rs4805905 34029507 3 0.00418944895670912 34029507 34037282 7775
19 900 rs5167 45448465 1 -0.00413036444916679 45448465 45448465 0
19 1340 rs1047405 58380878 1 -0.00409250163546774 58379892 58380878 986
19 319 rs16019 13411451 1 0.00396930445198215 13411451 13418707 7256
19 1062 rs9991 51301230 7 0.00394779383037203 51297825 51308092 10267
19 389 rs2108622 15990431 1 -0.00394406553458126 15983971 16008257 24286
19 811 rs7247916 40816530 4 -0.00394054265191502 40816530 40855255 38725
19 499 rs4613201 21927706 3 0.00391979628443572 21927706 21934891 7185
19 623 rs717680 32021999 1 -0.00386794408158227 32021999 32021999 0
19 940 rs8109759 46949662 1 0.00381901232000614 46949662 46959007 9345
19 219 rs7249094 8672000 2 0.00381455912766927 8672000 8672000 0
19 277 rs1433099 11242658 2 0.00381078794188934 11236804 11242658 5854
19 777 rs11879029 39379906 2 0.00380379254708476 39378804 39379906 1102
19 755 rs16979230 38515280 1 -0.0037753748831588 38510256 38515280 5024
19 1033 rs35002951 50312801 2 0.00377203632748704 50312801 50321510 8709
19 149 rs344560 6665020 1 -0.00375657723591152 6665020 6668972 3952
19 525 rs888315 24239788 2 0.0037407152730837 24222786 24358391 135605
19 612 rs10420813 31354223 1 -0.00359371532802674 31354223 31354223 0
19 726 rs7247001 36003962 2 -0.00355364240886263 36003962 36003962 0
19 335 rs1044747 13885024 2 -0.00354086203654186 13885024 13890205 5181
19 406 rs2306843 16797415 2 -0.00353169131744121 16797415 16797415 0
19 262 rs2569693 10399904 3 0.00352951857653607 10397238 10399904 2666
19 739 rs10426507 36667932 1 0.00351472449756289 36661889 36674305 12416
19 1118 rs17695224 52324216 2 -0.00347272088003975 52324216 52324234 18
19 567 rs4805350 29714355 3 0.00346407598983691 29700960 29715213 14253
19 1000 rs17842463 49102599 2 0.00345097757353952 49098750 49102599 3849
19 883 rs17800760 45013959 2 0.00342950183920588 45010056 45017956 7900
19 608 rs7255838 31207592 4 -0.00342834126489318 31197962 31229053 31091
19 646 rs7247420 33096786 1 -0.00334254673525393 33096786 33110204 13418
19 1266 rs7259764 56466227 1 0.00334031238524176 56456898 56466227 9329
19 45 rs367825 3063409 1 0.00325995495305439 3063409 3063409 0
19 403 rs10411344 16520403 1 0.00320449889782892 16520403 16520403 0
19 12 rs2072283 1116117 1 0.00320086730875232 1116117 1116117 0
19 564 rs2865496 29606361 1 0.0031819276948226 29585250 29606361 21111
19 592 rs12611074 30702788 1 0.00318181028756021 30698693 30702788 4095
19 1105 rs17239287 52022033 2 -0.00317042593460439 52022033 52034506 12473
19 666 rs736289 33757062 1 -0.00313777505295565 33757062 33757062 0
19 706 rs142299823 35434582 2 0.00313159498734551 35434582 35435776 1194
19 360 rs12972670 14952238 2 0.00312317064051997 14951605 14955029 3424
19 1111 rs4802841 52201763 1 0.00310497664184424 52201763 52204942 3179
19 1051 rs35951152 50945512 6 0.00307778033125341 50940938 50957600 16662
19 131 rs731773 5991622 2 0.00304646117034143 5991622 5991622 0
19 960 rs2914018 48128710 1 -0.00302430376799765 48128710 48135746 7036
19 1297 rs7258285 57198573 2 0.00301437040773162 57198573 57202924 4351
19 1122 rs4986772 52468551 1 -0.00301274572365185 52457306 52468551 11245
19 311 rs34544747 12767849 1 -0.00294196208426132 12767849 12772263 4414
19 1171 rs8104523 53829121 1 0.00293959515285806 53826173 53833712 7539
19 615 rs10418485 31500379 3 -0.0029326017772219 31482204 31509362 27158
19 1278 rs274154 56671836 1 0.00289812540925025 56671836 56671836 0
19 316 rs4926244 13374913 1 0.00287333492638248 13374913 13376536 1623
19 367 rs7247974 15113675 3 -0.00286666939051707 15112408 15113675 1267
19 876 rs1233430 44779788 1 -0.00283233536723984 44743003 44798268 55265
19 1138 rs324125 52887282 2 -0.00282459519634552 52882520 52887603 5083
19 961 rs2974205 48161124 2 0.00282320139453873 48146728 48161124 14396
19 653 rs16967511 33358527 1 0.00279221130329917 33356891 33377053 20162
19 291 rs8100206 11764496 1 -0.00277644518098635 11760823 11764496 3673
19 582 rs1560188 30198465 2 -0.00276242096074745 30189800 30199851 10051
19 396 rs12980138 16245267 2 -0.00275147959942424 16223287 16245267 21980
19 1298 rs12462745 57218918 1 0.00273860101772897 57215173 57224390 9217
19 943 rs8112461 47001373 1 0.00273026423969285 47001373 47002915 1542
19 491 rs11085403 21107489 2 0.00271813872726961 21074971 21107489 32518
19 1264 rs160104 56433203 3 0.00269187992766541 56426073 56439340 13267
19 282 rs12609039 11348960 2 0.00266502061439804 11343795 11348960 5165
19 51 rs4807425 3229224 1 -0.00265227647652051 3229224 3229224 0
19 1006 rs684959 49296654 1 0.0026404500423801 49294862 49296654 1792
19 1086 rs7254514 51678482 1 0.00263946657534603 51678482 51678482 0
19 1013 rs10423255 49445774 1 -0.0026014289523678 49445774 49447713 1939
19 750 rs6510588 37597395 2 -0.00258889730709718 37534339 37645458 111119
19 304 rs3106727 12374905 3 0.00258783441091447 12374905 12426234 51329
19 1020 rs113984787 49671207 1 0.00258665843280026 49671207 49683320 12113
19 780 rs10417561 39553621 3 0.00256853609408821 39551941 39573918 21977
19 870 rs12753 44515514 1 -0.00253287643311291 44515352 44553380 38028
19 422 rs2363956 17394124 3 -0.00249997758849859 17389704 17403033 13329
19 1168 rs3960965 53789383 1 0.00247394771744008 53789383 53789383 0
19 355 rs11669065 14833064 3 0.00242541648975838 14806162 14833064 26902
19 337 rs2242130 13993457 1 0.00241435311587593 13993457 14010933 17476
19 929 rs8101445 46563653 3 0.00240324716962278 46560024 46569740 9716
19 840 rs7251044 42202285 1 0.00239409894188575 42202285 42202285 0
19 13 rs2668423 1370526 1 -0.00239248940270352 1370526 1370526 0
19 927 rs1010693 46513183 1 0.00237916175727697 46513183 46518682 5499
19 268 rs3745255 10668452 1 0.0023759639485752 10668452 10672493 4041
19 1305 rs12974085 57419586 1 0.00236979489444586 57419586 57419586 0
19 688 rs4805958 34421191 2 0.00235740484883847 34421191 34421191 0
19 18 rs4426464 1765297 2 -0.00235501541721199 1765297 1765297 0
19 617 rs6510186 31654615 1 -0.00235479609911347 31654615 31654615 0
19 138 rs8104835 6325659 1 -0.00233373942342413 6325659 6325659 0
19 1225 rs527245 55434502 3 0.00233372813514151 55433596 55434818 1222
19 224 rs250316 8921033 2 0.00223853057302913 8921033 8934907 13874
19 1281 rs16987032 56689214 1 0.00222064450949178 56689214 56689214 0
19 202 rs118050938 8182174 1 0.00216354612501072 8182174 8186519 4345
19 114 rs8111216 5353576 1 0.00215972023827038 5352551 5353576 1025
19 16 rs2012125 1630341 1 -0.0021582276021414 1630341 1630341 0
19 877 rs2722738 44855757 3 -0.00215496350252493 44803508 44855757 52249
19 894 rs4803760 45333834 1 0.0021442159229749 45329214 45333834 4620
19 659 rs17833533 33630693 1 -0.00213371926253631 33630693 33630693 0
19 700 rs7251186 35219548 1 0.00211700724740592 35219548 35219548 0
19 518 rs11666025 23408129 2 0.0021134829846426 23395317 23408129 12812
19 647 rs13345904 33130529 3 0.0021057732928035 33122886 33132295 9409
19 631 rs4805712 32501502 3 -0.00210108620445351 32497463 32501502 4039
19 384 rs594255 15807984 1 -0.00208783772990686 15806703 15813467 6764
19 433 rs76629753 17662616 2 0.00207379688901972 17654181 17667970 13789
19 101 rs2292151 4816719 2 0.00206161172770665 4811671 4821612 9941
19 826 rs2099361 41498348 2 -0.0020597839839272 41494891 41521638 26747
19 1041 rs10413463 50699504 1 0.00205667041893252 50699504 50699504 0
19 41 rs3786948 2933480 1 0.00204631258897674 2933480 2933480 0
19 521 rs1948438 23671926 1 0.00203489836944934 23656420 23677401 20981
19 660 rs17833557 33636919 3 0.00203210376293751 33635761 33636919 1158
19 1104 rs962130 52014006 1 0.00198166977840672 52011598 52017940 6342
19 1326 rs4801478 57909872 3 0.00197316789674969 57867599 57909872 42273
19 190 rs868875 7831166 3 0.00196666684110932 7831166 7833690 2524
19 642 rs975317 33006522 4 0.00195147061188845 33001746 33006522 4776
19 165 rs17775938 7090222 1 -0.00195004375123282 7083629 7090222 6593
19 294 rs9917003 11837692 1 0.00194266429612386 11837692 11842323 4631
19 587 rs4805487 30337127 1 0.00192035351532762 30337127 30340724 3597
19 896 rs4803766 45371168 4 0.0019193282014162 45371168 45372354 1186
19 81 rs888930 4288332 1 0.00191384326586351 4288332 4288332 0
19 773 rs2287731 39101879 2 -0.00190504656998926 39101879 39101879 0
19 542 rs2159077 28895255 1 0.00190018800160829 28887835 28903629 15794
19 225 rs10412487 8973217 3 0.00187723837665851 8953801 8973217 19416
19 662 rs4805859 33667329 1 0.00187445333757232 33652247 33668090 15843
19 469 rs4808199 19545099 1 0.0018628844915649 19531910 19662220 130310
19 444 rs4808727 18083619 1 0.00185699464533006 18083209 18083836 627
19 627 rs1865055 32368991 1 0.00183993579890431 32331526 32368991 37465
19 975 rs8105198 48543862 1 -0.00183738363845198 48536910 48543862 6952
19 87 rs2288932 4475362 3 0.00182637205877444 4471797 4475362 3565
19 269 rs12983573 10701833 2 0.00181034033075221 10697204 10701833 4629
19 1331 rs139899284 58067703 3 0.0018027605907961 58067703 58112844 45141
19 226 rs3764556 8987218 2 0.00179288467874166 8987218 8987218 0
19 1308 rs1433105 57461103 1 0.00176688261252368 57461103 57461103 0
19 656 rs3816032 33467515 2 -0.00176106614413477 33461109 33468067 6958
19 745 rs826972 37249150 1 0.00171091237444428 37249150 37331614 82464
19 823 rs5007415 41393760 1 0.00169412963536687 41393760 41393760 0
19 795 rs7257553 40046863 2 0.00169329154496222 40024324 40046863 22539
19 1115 rs7260516 52287452 4 0.00168560234130017 52287452 52294097 6645
19 1330 rs7259303 58004563 3 -0.00168490495841976 57980167 58035645 55478
19 420 rs7254151 17336904 2 0.0016826635066513 17336904 17340400 3496
19 446 rs2290640 18104155 1 -0.00168155840914455 18104155 18104155 0
19 1253 rs310436 56178559 2 0.00167632752540944 56162776 56193662 30886
19 1063 rs12052047 51321083 1 0.001674603404143 51321083 51323676 2593
19 935 rs887946 46816788 1 0.00167104912626556 46816788 46823803 7015
19 985 rs16981882 48755267 1 0.00166926070370641 48751808 48756775 4967
19 844 rs16975663 42593716 1 -0.00166826349869904 42549934 42593716 43782
19 861 rs395760 44214193 2 0.00166329392452048 44214054 44214193 139
19 589 rs277079 30566056 1 -0.00165109774998477 30566056 30566056 0
19 83 rs34953789 4311942 1 -0.00163216376598599 4311942 4311942 0
19 1295 rs10404532 57162288 1 -0.00161757250143255 57162288 57162288 0
19 220 rs7254400 8740520 2 -0.00160841758431098 8740520 8740520 0
19 512 rs10420648 22767819 2 0.00160029563656822 22767819 22768771 952
19 534 rs934109 28685647 1 -0.00158711104851329 28678337 28685647 7310
19 637 rs8110947 32755790 2 0.00158450857797024 32755790 32779619 23829
19 574 rs10411539 29972230 3 0.00156555069717402 29971226 29980809 9583
19 676 rs3898492 34064054 2 0.00156430826763586 34060938 34064054 3116
19 500 rs8101143 21956136 1 -0.00156344793917373 21953645 21956136 2491
19 616 rs4805644 31635312 1 0.0015497380216083 31635312 31635312 0
19 1125 rs1366245 52660279 1 0.00153276988242115 52660279 52660279 0
19 246 rs10417523 9820194 2 -0.001529037719805 9741123 9820194 79071
19 1248 rs112525800 56030250 2 0.0015289957366156 56026072 56030250 4178
19 629 rs7249035 32449841 1 -0.00150914309616077 32444568 32449841 5273
19 547 rs4309511 29094875 1 -0.00150032711265454 29094875 29103301 8426
19 1097 rs1974821 51917735 2 0.00149912531572854 51917735 51917735 0
19 278 rs4804148 11270867 3 0.00149148041429619 11266584 11270867 4283
19 641 rs7258196 32944565 2 0.00148546347342911 32912622 32944565 31943
19 799 rs3826923 40188968 5 0.00147240284577881 40188968 40217794 28826
19 618 rs4805656 31724380 1 0.00146944929195621 31718489 31724380 5891
19 399 rs376127 16349193 1 -0.0014508606812146 16349193 16352403 3210
19 879 rs2734451 44931527 1 -0.00143231115323585 44928885 44944639 15754
19 463 rs10330 19017862 2 0.00143177190736725 19017862 19017862 0
19 1322 rs7247503 57790613 2 0.00142184259022957 57790613 57790988 375
19 214 rs7255436 8433196 1 -0.00141548000935145 8433196 8436164 2968
19 20 rs10500203 1937178 1 -0.00140630393875063 1926027 1937178 11151
19 1243 rs10425596 55901099 1 0.00140021125970794 55901099 55902941 1842
19 121 rs797544 5479522 2 0.00139480395533188 5479522 5479522 0
19 1245 rs4801608 55941508 1 -0.00139469359930411 55941508 55941508 0
19 845 rs3745231 42713835 1 -0.00139364223709421 42713835 42713835 0
19 1229 rs1043673 55512232 2 0.00137216254320192 55505557 55515972 10415
19 140 rs7253395 6401588 1 0.00136587631679392 6401588 6401588 0
19 1025 rs1858742 49995893 2 -0.00136360809152562 49991789 50000009 8220
19 171 rs2042902 7204470 3 -0.00136068226802284 7204470 7205240 770
19 383 rs7253210 15784116 1 -0.00135271458067543 15784116 15790251 6135
19 237 rs10414255 9237542 1 -0.00135066886273692 9237542 9237542 0
19 902 rs1469704 45589595 2 0.00134440719553088 45589595 45604163 14568
19 144 rs348374 6547141 1 0.00132479896923568 6547141 6547141 0
19 4 rs13730 682010 2 0.00132133161005622 682010 682010 0
19 1031 rs10404868 50271924 2 -0.00131761940230506 50271924 50271924 0
19 1040 rs117757975 50549462 1 -0.00131245391620419 50549462 50563899 14437
19 148 rs392751 6645178 1 -0.00130538262300538 6645178 6645178 0
19 1039 rs3786669 50486939 2 0.00129924094098133 50477700 50521331 43631
19 1324 rs13345625 57835912 2 0.00129513131539726 57835252 57836238 986
19 741 rs1129376 36828217 1 0.00126757303542555 36828217 36828217 0
19 1203 rs422948 54749011 1 0.00123734082268429 54749011 54749011 0
19 37 rs11880582 2650034 1 -0.00123667133349102 2646072 2650034 3962
19 708 rs7247980 35482114 1 0.00122901324775829 35482114 35483679 1565
19 1341 rs4801531 58401560 4 -0.00121883570833122 58401342 58401560 218
19 643 rs7251512 33014643 1 0.00121831229774191 33014643 33014643 0
19 203 rs35277492 8201121 2 0.00121483790382762 8201121 8201121 0
19 1319 rs11672517 57678194 1 0.00121443604923295 57678194 57678194 0
19 626 rs511811 32314430 1 0.0012079141377455 32314430 32314430 0
19 440 rs10407076 17920758 2 0.00120779968059462 17920758 17920758 0
19 1043 rs584975 50741570 1 -0.00119608856162924 50741570 50741570 0
19 893 rs117737673 45322316 1 -0.00118481190417618 45322316 45322316 0
19 807 rs113103150 40364280 1 -0.00118203696814353 40364280 40364280 0
19 595 rs9630865 30779231 1 0.00117741581574287 30777036 30806165 29129
19 892 rs28399653 45315445 1 0.00117367880743614 45315445 45315445 0
19 1011 rs2270941 49438363 1 0.00115939394852836 49438363 49438363 0
19 974 rs3815908 48522869 3 0.00115804380192656 48518417 48527582 9165
19 743 rs3108580 37056330 2 -0.0011437196042974 37039069 37077172 38103
19 969 rs12979616 48350011 3 -0.00114111645466577 48345928 48352364 6436
19 275 rs1122608 11163601 2 -0.00113407290362843 11163562 11170839 7277
19 725 rs1005948 35975921 1 0.00112802581117382 35975921 35980832 4911
19 346 rs2230539 14580328 1 -0.00111939400964134 14580328 14586860 6532
19 247 rs7246760 9918229 2 0.00109637241541985 9918229 9932831 14602
19 1336 rs74939505 58213743 1 0.00108720198569564 58210808 58218846 8038
19 1234 rs890871 55672055 5 -0.00108192835584571 55672055 55673654 1599
19 536 rs4806120 28729593 4 0.0010794193975613 28718660 28739657 20997
19 654 rs4805015 33395413 3 0.00107055211613429 33392087 33418175 26088
19 989 rs3760790 48846476 2 0.00106329976009642 48846476 48853653 7177
19 1214 rs7251986 55005607 2 0.00106145729444489 55005607 55005607 0
19 983 rs20580 48654553 1 0.0010567865664466 48652800 48678148 25348
19 579 rs10415705 30125153 1 -0.00103724285692017 30116004 30125153 9149
19 987 rs61747754 48800751 1 0.00102104852047322 48800751 48800751 0
19 353 rs732722 14744032 1 -0.00101383057790751 14737431 14744032 6601
19 932 rs2253940 46713197 3 0.0010093877889759 46713197 46729298 16101
19 663 rs889104 33676677 2 -0.00100810105476514 33676677 33680782 4105
19 1274 rs7256266 56562165 1 0.0010045364017616 56562165 56562165 0
19 507 rs808372 22470368 1 9.787150411131706e-4 22450922 22515251 64329
19 678 rs8103587 34105378 1 -9.745286030917224e-4 34100427 34117092 16665
19 478 rs10424838 20095448 1 -9.643401436759372e-4 20091702 20095448 3746
19 1184 rs7254177 54206688 2 -9.59684886712004e-4 54206688 54206688 0
19 464 rs36039745 19168228 4 9.582108718164556e-4 19136541 19230816 94275
19 1009 rs518822 49364625 1 -9.475586535000452e-4 49364625 49377424 12799
19 524 rs10415672 24175453 2 9.424986423366958e-4 24168558 24182464 13906
19 858 rs2302524 44156472 2 9.42324328410102e-4 44156472 44156472 0
19 978 rs393412 48594041 2 -9.245713258625416e-4 48581142 48594041 12899
19 1146 rs4287691 53157096 1 -9.160531959516016e-4 53157096 53157096 0
19 369 rs6512002 15135471 1 -9.043366656562262e-4 15135471 15143453 7982
19 1172 rs7255193 53893338 1 8.943112167813397e-4 53884412 53893338 8926
19 691 rs10415423 34553925 1 8.808824287112029e-4 34552893 34573557 20664
19 672 rs9676705 33906764 2 8.768152714724942e-4 33906764 33915360 8596
19 846 rs1206028 42855167 1 8.759851634575771e-4 42855167 42855167 0
19 578 rs16963085 30095911 1 8.615898174309227e-4 30095911 30104871 8960
19 761 rs3900981 38800165 1 8.598541327774153e-4 38793319 38827960 34641
19 474 rs247789 19863014 1 -8.478995157370701e-4 19860495 19863014 2519
19 544 rs17831750 28991292 1 8.460970964496474e-4 28975402 28991292 15890
19 270 rs3087969 10738639 1 -8.444043121782317e-4 10738639 10801185 62546
19 1071 rs2659091 51446530 2 -8.422164814591539e-4 51446530 51446530 0
19 116 rs11672914 5393748 1 8.415235172652615e-4 5393748 5393748 0
19 555 rs11083726 29388987 1 -8.295717431354287e-4 29376565 29388987 12422
19 669 rs17529948 33845598 6 -8.172061047538579e-4 33830598 33850841 20243
19 897 rs6859 45382034 1 -8.155633840210539e-4 45379060 45382034 2974
19 1286 rs6509989 56815923 1 -8.115273356958961e-4 56815923 56815923 0
19 895 rs519825 45366779 1 -8.067532771803625e-4 45366779 45366779 0
19 498 rs950504 21783995 1 -8.045180252933716e-4 21783995 21783995 0
19 1320 rs8110121 57717081 1 -8.038414053347124e-4 57713295 57723013 9718
19 839 rs1990301 42147477 2 8.028006753478277e-4 42147477 42195120 47643
19 652 rs11084673 33353464 1 -7.886122544741237e-4 33353061 33355069 2008
19 1072 rs2569522 51455389 2 -7.875829496010751e-4 51455389 51455389 0
19 816 rs10410606 41108975 2 -7.813450743175396e-4 41108975 41124931 15956
19 322 rs7250857 13484853 2 7.733259695024768e-4 13484853 13494259 9406
19 1332 rs10413455 58131623 3 7.683081181456702e-4 58117399 58134272 16873
19 308 rs7248145 12639911 2 7.600942618119389e-4 12639911 12641232 1321
19 182 rs484870 7569282 1 7.557284947378875e-4 7567757 7569282 1525
19 830 rs1645685 41668003 2 7.409558855681411e-4 41668003 41675162 7159
19 115 rs2082465 5359211 1 -7.366683949659562e-4 5359211 5359211 0
19 1014 rs11673003 49571957 2 7.264107934470365e-4 49571957 49572547 590
19 1198 rs654765 54590836 1 -7.243909501329709e-4 54590836 54596619 5783
19 1120 rs4584941 52392141 2 -7.233789833529825e-4 52383556 52396541 12985
19 194 rs731604 8033348 1 -7.092640077597324e-4 8033348 8052309 18961
19 381 rs1474472 15720533 3 -6.989757503473109e-4 15717821 15736903 19082
19 482 rs10410777 20403541 1 6.982872421478209e-4 20397555 20403988 6433
19 1231 rs4806637 55555988 1 6.944112993536031e-4 55549758 55555988 6230
19 977 rs2162886 48557013 1 6.836044710806828e-4 48557013 48557013 0
19 244 rs6512047 9437812 3 6.801424134329947e-4 9395584 9498315 102731
19 769 rs35364374 38983180 1 -6.793417322604105e-4 38983180 38983180 0
19 298 rs279205 12014274 1 6.738695782135349e-4 12014274 12014274 0
19 1032 rs2302518 50296145 1 -6.574920940826211e-4 50296145 50296145 0
19 317 rs4926248 13383313 3 -6.563170367689916e-4 13380490 13383718 3228
19 543 rs4632257 28948441 2 6.561858178977273e-4 28948389 28950204 1815
19 1136 rs321945 52860055 1 -6.505028744523195e-4 52859007 52863967 4960
19 48 rs17347521 3160385 1 6.479483386380143e-4 3159769 3162072 2303
19 1024 rs2293011 49955016 1 -6.428185409507023e-4 49948612 49960479 11867
19 979 rs11564538 48601512 1 6.427461119848778e-4 48600816 48601512 696
19 167 rs1052371 7112593 1 -6.330261118620963e-4 7112593 7114213 1620
19 390 rs58046343 16023378 6 6.243630329470342e-4 16015099 16033485 18386
19 493 rs29727 21374305 1 6.183745216572394e-4 21355473 21374305 18832
19 981 rs16981262 48605823 1 6.166561802991889e-4 48605823 48605823 0
19 585 rs8102137 30296853 1 -6.147812660825973e-4 30296853 30296853 0
19 374 rs3815188 15303225 2 6.139015333133386e-4 15294991 15303225 8234
19 361 rs10415938 14984836 1 -6.137756274644982e-4 14959299 14984836 25537
19 15 rs1875960 1537467 2 6.059282201274529e-4 1537467 1537467 0
19 189 rs12611071 7800361 1 5.967975613945557e-4 7793502 7800361 6859
19 137 rs4807863 6306971 1 -5.962927290923319e-4 6304967 6306971 2004
19 1310 rs2902943 57524031 1 5.938916359029545e-4 57524031 57524031 0
19 1076 rs1474520 51530693 1 5.932479160190502e-4 51530693 51530693 0
19 951 rs425655 47371616 6 5.906675292937928e-4 47371616 47455315 83699
19 856 rs2682585 44081288 1 5.90640046419964e-4 44072802 44081288 8486
19 689 rs2159328 34439135 1 5.677760623385065e-4 34439135 34439135 0
19 556 rs2216731 29400892 3 5.535745223156907e-4 29391897 29404979 13082
19 147 rs395909 6617161 1 -5.486468057346841e-4 6617161 6617161 0
19 1019 rs11667393 49662027 1 5.485499407384524e-4 49662027 49662027 0
19 380 rs7251665 15682328 1 5.461593408060379e-4 15682328 15683645 1317
19 1270 rs16986856 56497960 1 -5.36372867655311e-4 56497960 56499337 1377
19 644 rs2868145 33047114 1 5.361525602151727e-4 33034189 33054934 20745
19 1345 rs4801552 58569631 1 5.343822557749681e-4 58569631 58572959 3328
19 533 rs4805978 28613972 3 5.313577391752235e-4 28569401 28613972 44571
19 1222 rs4436877 55216162 4 5.304811327311585e-4 55216162 55216950 788
19 60 rs4807493 3631036 3 -5.243925622670174e-4 3618928 3631036 12108
19 950 rs6509294 47323384 2 -5.20619052665558e-4 47323384 47323384 0
19 808 rs8105066 40489470 1 -5.077020600412264e-4 40477465 40582086 104621
19 79 rs11671900 4246693 1 4.999610661890198e-4 4236996 4256919 19923
19 922 rs12460033 46406698 2 -4.991365396610709e-4 46406698 46416647 9949
19 480 rs7255165 20133846 1 4.979657314865562e-4 20133846 20162695 28849
19 884 rs11670955 45022697 2 4.974299758721936e-4 45021210 45029208 7998
19 575 rs10410525 30042913 1 4.967656569473261e-4 30041553 30042913 1360
19 376 rs2366057 15591052 1 -4.966679068822325e-4 15587185 15591333 4148
19 211 rs17159388 8320555 2 4.944131854981754e-4 8320555 8320555 0
19 956 rs10421978 47928003 1 4.903438171289874e-4 47928003 47928003 0
19 69 rs2240234 3831709 2 -4.8441188283882653e-4 3831709 3851344 19635
19 865 rs10500288 44354180 2 4.760749631909729e-4 44321849 44354180 32331
19 29 rs7252511 2396243 1 4.724843492840654e-4 2396243 2396243 0
19 781 rs692364 39605882 2 4.715096620051749e-4 39591829 39605882 14053
19 886 rs7258420 45059310 1 -4.6835536730848663e-4 45058204 45059310 1106
19 358 rs2190686 14938616 1 -4.667166568993192e-4 14938616 14940001 1385
19 162 rs7247453 6984708 1 -4.664282575299966e-4 6984708 6984708 0
19 980 rs11564534 48602951 1 4.561580509490357e-4 48602951 48602951 0
19 163 rs6510937 6994987 1 4.509132438250522e-4 6994987 6994987 0
19 326 rs4926293 13597003 1 4.455580247637837e-4 13597003 13597003 0
19 227 rs7260214 9026651 1 -4.4543516362956426e-4 9026651 9026651 0
19 1160 rs4801959 53669273 1 -4.3994310092544057e-4 53666745 53669492 2747
19 1001 rs433852 49117104 1 4.3884204267715776e-4 49117104 49117104 0
19 831 rs3760659 41769104 4 -4.369234612611765e-4 41767987 41785282 17295
19 113 rs10415030 5312177 2 -4.3564472840584297e-4 5308749 5312177 3428
19 1339 rs2303756 58331012 3 4.355380543037604e-4 58326001 58357546 31545
19 169 rs4804366 7185328 2 4.2153716989135694e-4 7184762 7185328 566
19 85 rs4435380 4335869 1 -4.2072493160886105e-4 4335869 4342847 6978
19 136 rs4807854 6258557 1 4.206209060493428e-4 6258557 6258557 0
19 283 rs2116876 11359484 3 4.1398177093926697e-4 11358440 11364495 6055
19 905 rs123187 45830947 1 -4.0986978553618665e-4 45830947 45830947 0
19 402 rs386869 16426657 1 3.9431513165583696e-4 16426657 16426657 0
19 1318 rs9973275 57644442 2 -3.8607623015413567e-4 57641146 57649962 8816
19 966 rs10405467 48297228 2 3.824307520763812e-4 48297228 48297228 0
19 804 rs7508451 40339678 1 3.7603604206875186e-4 40339093 40347658 8565
19 1159 rs11878412 53627777 2 3.722999382120976e-4 53627777 53627777 0
19 430 rs8109373 17579984 1 3.689942520557351e-4 17562969 17579984 17015
19 576 rs12460278 30058810 1 -3.672442486741783e-4 30056335 30058810 2475
19 39 rs4806878 2846782 4 -3.2630166710535726e-4 2833431 2848948 15517
19 1175 rs4801983 53975468 1 -3.2579363437031556e-4 53975468 53975468 0
19 1289 rs10419074 56879136 1 -3.2564173448001207e-4 56879136 56879136 0
19 584 rs7247004 30240852 1 -3.2264821375611115e-4 30240852 30241540 688
19 95 rs10415651 4687075 1 3.19555718420329e-4 4687075 4687075 0
19 1241 rs73054941 55870260 1 -3.1932508381114305e-4 55870260 55874642 4382
19 217 rs2967603 8569735 1 -3.188774184215776e-4 8567475 8579011 11536
19 620 rs17583023 31857778 1 -3.1436385219314907e-4 31838378 31863085 24707
19 479 rs12327700 20116641 1 3.1105934300984473e-4 20108062 20117685 9623
19 351 rs7508694 14714811 3 -3.0959584450061806e-4 14705574 14714811 9237
19 597 rs1433071 30913098 1 3.0436375344407524e-4 30908586 30917638 9052
19 325 rs11879128 13581369 1 -3.007317282083051e-4 13581369 13581369 0
19 573 rs16962840 29938906 1 2.987497804526862e-4 29938906 29945138 6232
19 972 rs296376 48401329 1 -2.987283474693105e-4 48394042 48406374 12332
19 857 rs1860149 44118680 1 -2.9820699746695715e-4 44105736 44139182 33446
19 1098 rs1820112 51930706 3 2.969522699330766e-4 51925519 51930706 5187
19 1126 rs11666474 52673401 1 -2.9506632189145617e-4 52670905 52673401 2496
19 926 rs749818 46496793 1 -2.948018714718866e-4 46496793 46498827 2034
19 727 rs2106446 36012084 1 2.875107817893778e-4 36011878 36017598 5720
19 410 rs773901 17003789 2 -2.8226124432065205e-4 17003405 17003789 384
19 723 rs8101851 35936004 1 2.8018629908046447e-4 35936004 35936004 0
19 1061 rs4802740 51263432 1 2.7627968272388826e-4 51263432 51263432 0
19 413 rs3745345 17113147 3 -2.7393930920468915e-4 17108127 17113147 5020
19 143 rs11085177 6520490 3 -2.724522641167817e-4 6520490 6524406 3916
19 1038 rs6509448 50456518 1 -2.707089881287433e-4 50456518 50456518 0
19 409 rs8108315 16981044 1 2.6906944059049403e-4 16946764 16981044 34280
19 909 rs11615 45923653 1 -2.687350927908021e-4 45912002 45923653 11651
19 1113 rs4801891 52254351 1 2.679093991200221e-4 52254351 52254351 0
19 1046 rs667907 50785386 2 2.638278772557147e-4 50785386 50785386 0
19 744 rs3108171 37117302 1 -2.6240141576072397e-4 37088965 37221835 132870
19 580 rs4805463 30137035 1 2.581044872435882e-4 30137035 30137035 0
19 372 rs4808217 15240815 2 2.5055022680125626e-4 15235879 15255226 19347
19 510 rs11667693 22707258 1 -2.498757097096105e-4 22693596 22707258 13662
19 280 rs17616661 11303554 1 2.4323107995305793e-4 11302807 11309871 7064
19 941 rs7248888 46974003 1 -2.360608835188068e-4 46974003 46975167 1164
19 731 rs34562867 36230767 2 -2.347321477966125e-4 36183614 36230767 47153
19 302 rs8109273 12224172 1 2.3298852038808616e-4 12215638 12235478 19840
19 523 rs1816412 24058196 1 -2.325376510530731e-4 24058196 24067348 9152
19 386 rs8102407 15949895 1 -2.099456374544199e-4 15922724 15949895 27171
19 455 rs172043 18351674 1 -2.0958643826993515e-4 18351674 18351674 0
19 1334 rs12608882 58167671 1 -2.059342121598266e-4 58167671 58167671 0
19 153 rs1049232 6751293 1 2.011445998974119e-4 6751293 6751293 0
19 484 rs10416706 20488698 1 1.9895828220543003e-4 20488698 20488698 0
19 632 rs2033495 32595038 1 1.9647689501487236e-4 32595038 32595038 0
19 21 rs12980679 1960031 1 1.8653431085232568e-4 1960031 1978271 18240
19 1238 rs10404178 55780487 2 1.8554646868591828e-4 55780487 55783552 3065
19 495 rs1781872 21477403 2 1.7815613647313868e-4 21474173 21487372 13199
19 216 rs3764570 8528277 2 1.76811639903747e-4 8528277 8543713 15436
19 916 rs8108269 46158513 1 -1.766481339254989e-4 46149886 46158643 8757
19 179 rs8103234 7480667 1 -1.750939778537412e-4 7480667 7484741 4074
19 459 rs8107912 18707048 1 1.722056440692312e-4 18707048 18707048 0
19 986 rs448784 48764721 1 1.6861560775650088e-4 48764695 48764857 162
19 768 rs2228068 38981284 2 1.6621223774039638e-4 38979891 38981783 1892
19 1299 rs2041397 57231002 1 -1.6596656899053598e-4 57231002 57231002 0
19 509 rs2057667 22684424 1 -1.6555820534830518e-4 22675183 22684424 9241
19 427 rs4808628 17487620 1 1.6493172727162722e-4 17487620 17487620 0
19 494 rs29704 21386819 2 1.6031343496698304e-4 21386819 21419552 32733
19 762 rs2286550 38861362 1 -1.567876638000545e-4 38861362 38876586 15224
19 1312 rs12461308 57563500 1 1.5226583490463952e-4 57563500 57563500 0
19 1156 rs10419891 53587370 1 1.5079810032654197e-4 53582436 53589049 6613
19 103 rs7246083 4866451 1 1.4528924494948742e-4 4859937 4866451 6514
19 923 rs8101540 46426076 1 -1.4470512458892402e-4 46419773 46426076 6303
19 1205 rs2241385 54849566 1 1.443566070364985e-4 54849481 54849566 85
19 1132 rs4802915 52766862 2 1.4363580494083271e-4 52766862 52773039 6177
19 990 rs276721 48909343 2 1.4363319050637066e-4 48909343 48909671 328
19 757 rs62121430 38573139 1 -1.368737890065089e-4 38551059 38587463 36404
19 571 rs7254979 29898187 2 -1.347924789723773e-4 29898187 29898187 0
19 345 rs3786654 14557821 1 -1.327307562926385e-4 14557821 14557821 0
19 434 rs1157615 17768818 1 -1.3205188550611985e-4 17768818 17768818 0
19 779 rs2318896 39510778 1 1.2884442951416862e-4 39510778 39537895 27117
19 392 rs6512081 16116583 1 -1.2753121340792892e-4 16116583 16116583 0
19 1151 rs6509701 53384185 1 -1.2344152992942406e-4 53374907 53384185 9278
19 111 rs2238639 5261230 1 -1.2168307395229278e-4 5261230 5261506 276
19 1092 rs8105710 51844978 2 -1.2074969755800836e-4 51844978 51853352 8374
19 752 rs2305115 37835658 3 1.124004227939096e-4 37835658 37886330 50672
19 594 rs7257460 30746753 1 -1.1207404692999115e-4 30746753 30767211 20458
19 1186 rs9749510 54281322 1 1.0067844486984155e-4 54276241 54281322 5081
19 454 rs2238646 18338101 1 -1.0027664493509608e-4 18312588 18338101 25513
19 751 rs172786 37712984 1 9.994216830780336e-5 37712984 37712984 0
19 530 rs2868465 28457604 1 8.498810511034752e-5 28453315 28461988 8673
19 1157 rs8102799 53602953 2 -8.413079075639756e-5 53596814 53603590 6776
19 696 rs4805084 34982559 1 -8.289642747125025e-5 34982559 34985466 2907
19 709 rs2290642 35501051 2 -7.967772786962124e-5 35501051 35510304 9253
19 1346 rs918545 58620068 1 7.467320202108169e-5 58620068 58637152 17084
19 1093 rs12985380 51861176 2 7.427896442344442e-5 51861176 51861176 0
19 746 rs562480 37355963 1 7.349460419185043e-5 37353791 37374266 20475
19 356 rs2214471 14844656 2 7.313269412080354e-5 14844656 14854338 9682
19 452 rs11554159 18285944 1 6.970716847512006e-5 18285944 18285944 0
19 321 rs7256928 13452275 1 -6.18796643486336e-5 13449416 13452550 3134
19 1192 rs217541 54443866 1 5.997174784162947e-5 54443866 54443866 0
19 958 rs830140 47947982 1 -5.6263187691038445e-5 47947982 47954171 6189
19 602 rs10424191 31057349 1 -5.432475505938846e-5 31057349 31057349 0
19 173 rs890861 7228343 1 -4.942082590404422e-5 7226144 7231679 5535
19 371 rs16980286 15174953 1 4.7411488924316e-5 15166997 15174953 7956
19 274 rs7935 11105608 1 -3.632508335081269e-5 11083210 11105608 22398
19 94 rs8110359 4654757 1 3.544075495355395e-5 4654757 4663110 8353
19 73 rs11880023 4074697 1 3.483841233122499e-5 4074697 4074697 0
19 1135 rs13343641 52825032 2 -2.9000539064896833e-5 52815148 52825032 9884
19 628 rs276374 32375603 1 2.3548512859848277e-5 32375603 32383700 8097
19 1133 rs2560903 52787583 1 2.2230055562378506e-05 52787583 52788289 706
19 1351 rs260453 58767151 1 1.915922013098835e-5 58757968 58774094 16126
19 233 rs13345002 9168586 1 -1.5632000735084877e-5 9168586 9172264 3678
19 320 rs1502017 13430324 1 -1.50098682967447e-5 13427544 13431565 4021
19 3 rs4919908 508626 2 -9.59101180627274e-6 508626 508626 0
19 178 rs8100029 7448832 1 8.928281848989482e-6 7448832 7448832 0
19 881 rs73036500 44981832 2 8.708012640403764e-6 44978183 45000059 21876
19 794 rs10412931 40000075 1 -4.31387644430434e-6 39994711 40000075 5364
19 694 rs8100126 34610341 1 3.570146101224505e-6 34603466 34610341 6875
