CHR Group SNP.lead BP.lead Size W BP.min BP.max BP.width
17 456 rs9303277 37976469 9 0.13653485883930683 37976469 38089344 112875
17 427 rs12941866 34900120 2 0.03516473863175795 34848874 34981606 132732
17 25 rs11867830 1760379 2 -0.03376755716978266 1703156 1773273 70117
17 521 rs3826397 46509447 5 0.03310429024072152 46096276 46548644 452368
17 612 rs10515134 54863448 3 -0.03010907441591298 54850329 54885087 34758
17 670 rs6504191 62041068 1 0.02544603186957973 62037685 62041068 3383
17 516 rs2292700 45362423 4 0.02521914164437567 45315486 45370518 55032
17 354 rs4350617 28423088 6 -0.02436239225173642 27959903 28551665 591762
17 972 rs7405450 79540449 2 -0.02429929333458126 79532654 79612633 79979
17 820 rs2661611 71708855 2 0.02373266814267366 71703533 71715356 11823
17 942 rs7216806 77538517 1 0.0235233923752429 77538517 77538517 0
17 778 rs12451606 70023827 3 0.02302415032745505 70023827 70045179 21352
17 289 rs230956 15202205 1 -0.02288131498969917 15173221 15243264 70043
17 563 rs10514997 50299021 5 0.01996155881017516 50221315 50321347 100032
17 592 rs7207114 53434046 3 0.01924721751406252 53415850 53445130 29280
17 190 rs406446 10614442 2 0.01859342672265663 10583589 10695255 111666
17 24 rs58337165 1684605 2 0.01782205770311127 1673276 1692140 18864
17 853 rs4789114 72950927 1 0.0175788094370211 72950927 72950927 0
17 509 rs4792891 43973498 3 -0.01742907019245133 43968415 43991272 22857
17 698 rs17769593 64221641 5 0.01735136232095489 64209540 64249497 39957
17 672 rs17688326 62109123 1 -0.01637519673888596 62109123 62109123 0
17 512 rs199533 44828931 3 0.01624231689663565 44787312 44865439 78127
17 115 rs2270981 7216540 2 0.01591262758895413 7216540 7221197 4657
17 72 rs3786046 4920360 2 0.0156850944800849 4834209 4938201 103992
17 749 rs8071899 67930946 1 0.01559448373229416 67906036 67962664 56628
17 93 rs4796346 6088673 1 -0.01553482782593439 6088673 6135840 47167
17 132 rs2304911 8050979 3 0.01549329815666028 8047081 8215927 168846
17 959 rs999977 78606412 3 0.01503984603815808 78582693 78712423 129730
17 61 rs9909751 4299256 1 0.01396648275224284 4299256 4310639 11383
17 71 rs8072531 4752260 3 0.01365256568090254 4752260 4813365 61105
17 558 rs1263970 49784791 5 -0.01312555473498957 49781822 49837019 55197
17 163 rs2654725 9614556 2 -0.01296854615906308 9613684 9614556 872
17 523 rs9890514 46738883 2 0.01283975985715454 46657927 46738883 80956
17 505 rs1230103 43485791 1 0.01243717065523039 43470156 43513441 43285
17 177 rs3967769 9981026 1 0.0122093444798911 9981026 10004782 23756
17 593 rs7213162 53489599 3 0.01194736888026108 53477038 53519844 42806
17 651 rs4968563 59524473 2 -0.01193344505073588 59521310 59547853 26543
17 754 rs12150382 68222772 1 0.01186398347710621 68207627 68237670 30043
17 784 rs16977190 70368561 2 -0.01113147005816724 70355387 70368561 13174
17 922 rs7218605 76811803 4 0.01107256009768838 76711312 76852828 141516
17 517 rs118004742 45468858 8 0.01085767815504257 45381823 45768836 387013
17 572 rs9890221 51613235 2 0.01083129979546503 51601631 51653566 51935
17 355 rs7214248 28574177 5 0.01004512748710759 28574177 28651363 77186
17 925 rs8074370 76957331 1 -0.00994161620326187 76957331 76957331 0
17 507 rs17426064 43828698 3 -0.00989492267196991 43784777 43836477 51700
17 331 rs17771175 21003053 2 0.0095450134613645 20991506 21084892 93386
17 714 rs7224314 65386214 3 0.00943283658673632 65329358 65386214 56856
17 420 rs79007502 33880305 4 0.00884412083432482 33880305 34052157 171852
17 455 rs931992 37821435 7 0.00883368730749305 37409625 37866005 456380
17 971 rs7342974 79483999 1 0.00876601297626684 79471895 79487491 15596
17 704 rs2024321 64616608 2 -0.00855950606552102 64607394 64674568 67174
17 675 rs8082170 62395382 4 0.00831683336998008 62387211 62405369 18158
17 465 rs72821893 38907448 1 0.00815664987508196 38888121 38938316 50195
17 506 rs7215239 43767773 1 -0.00771963984264357 43714850 43777313 62463
17 719 rs2706683 65552709 1 0.00759646342551744 65552709 65552709 0
17 345 rs11538927 26686416 1 0.00758256596376252 26630479 26742060 111581
17 910 rs4789577 76320835 1 0.00750041287367259 76320835 76320835 0
17 197 rs7213403 11129408 2 0.00726740754313756 11105794 11130229 24435
17 122 rs1544724 7621777 1 0.00713367508720232 7619861 7623394 3533
17 248 rs12952904 13487098 2 -0.00704128276710996 13481453 13495749 14296
17 258 rs8068052 13790382 2 -0.00676289007362585 13780923 13803737 22814
17 73 rs17765422 4986481 2 0.0065994778890537 4971655 5113423 141768
17 308 rs2274892 16852027 2 0.00654251141329903 16841924 16855878 13954
17 134 rs11654033 8315649 2 -0.00630049980019793 8315649 8315649 0
17 511 rs34579536 44108906 1 -0.00616712764530734 44081064 44117119 36055
17 51 rs11649929 3410902 1 0.00604856361762378 3408576 3422366 13790
17 143 rs9891421 8880878 1 0.00603741348218206 8834595 8880878 46283
17 870 rs8067774 74479889 2 0.00595254445581031 74387284 74480715 93431
17 645 rs1292053 57963537 3 0.0058645263852626 57778339 58024275 245936
17 715 rs4791296 65423279 1 -0.00575890013227676 65423279 65423279 0
17 885 rs16969682 75127012 1 0.00575250761126052 75101724 75127938 26214
17 128 rs8078865 7955314 3 0.00574692592160481 7950394 7984479 34085
17 510 rs3785883 44054433 3 0.00565991865165734 44054433 44076665 22232
17 396 rs9892990 32382166 4 0.00554908466075704 32369860 32429704 59844
17 446 rs2879097 36889559 1 -0.0055271439873664004 36889559 36890949 1390
17 899 rs2410423 75667271 2 -0.00546678008602927 75667198 75667271 73
17 957 rs148731719 78350110 3 0.00533322605808996 78299319 78396004 96685
17 847 rs491192 72623855 1 0.0053204899116706 72622473 72653232 30759
17 766 rs9903422 69100197 1 0.00517934353363119 69089167 69100197 11030
17 744 rs2074031 67522975 1 0.00514524375650855 67486221 67522975 36754
17 250 rs2108702 13592605 2 0.00513143165637356 13559080 13624269 65189
17 306 rs7208027 16780763 4 0.00511638194634455 16777177 16804523 27346
17 644 rs7215464 57572324 5 -0.00502539396913196 57512957 57691502 178545
17 201 rs1008360 11209792 3 -0.0048643833758731 11200942 11228108 27166
17 520 rs2228251 45994094 3 0.0048230649830284 45960865 46081041 120176
17 188 rs117790102 10415269 1 0.00468758108838668 10283950 10520700 236750
17 936 rs11658702 77289304 3 0.00456468370936824 77273513 77296321 22808
17 457 rs4065321 38143548 3 -0.00438407002511567 38099035 38173737 74702
17 637 rs11079346 56383744 5 0.00422426625331109 56348106 56389732 41626
17 859 rs8064529 73519413 1 -0.00405542343096412 73519413 73570695 51282
17 222 rs887486 12326416 3 -0.00404946953840322 12325496 12330823 5327
17 206 rs2908967 11417222 3 0.00403967241567486 11404305 11423255 18950
17 75 rs7213832 5271804 2 0.00403617017925297 5193813 5326089 132276
17 55 rs178323 3637953 4 0.00398825303667413 3615496 3641316 25820
17 4 rs4286157 402843 1 0.00384585619029881 402843 440487 37644
17 689 rs4541111 63534538 2 -0.0037735725411419 63531331 63534538 3207
17 892 rs11077909 75403480 2 0.0037029757158039 75394691 75414358 19667
17 848 rs35489971 72700943 1 0.00345858948944882 72700943 72710796 9853
17 767 rs17178041 69138255 2 0.00344587630685032 69108753 69239272 130519
17 768 rs2158906 69257833 5 -0.00343575716449868 69257833 69290669 32836
17 94 rs3888640 6153134 1 0.0034273544445668 6153134 6170245 17111
17 208 rs11078022 11511457 3 0.00341079224993464 11511457 11519394 7937
17 321 rs2472707 18917324 1 -0.00339521993349571 18917324 18917324 0
17 29 rs35343613 2227655 1 0.00332596228954776 1967620 2236404 268784
17 488 rs231487 41981300 3 0.00329100369051624 41926126 41990862 64736
17 445 rs11079059 36813346 1 0.00326651995343277 36813346 36841646 28300
17 387 rs10512451 32014117 3 0.00325074531180948 32011978 32044278 32300
17 535 rs7225566 47798725 1 0.00315916366054858 47685050 47942408 257358
17 706 rs9912154 64728707 2 0.00303988355027031 64718170 64734534 16364
17 157 rs8073431 9306170 1 -0.00301351564116089 9304299 9306170 1871
17 320 rs2469862 18821825 4 -0.0030119120624599602 18753870 18844736 90866
17 900 rs7214916 75695647 3 -0.00300723132723346 75673150 75738914 65764
17 782 rs718400 70311511 1 -0.00295588738788296 70280141 70311511 31370
17 8 rs480233 728030 2 0.002947028401772 719452 733738 14286
17 193 rs1859998 10830184 2 -0.00293138121391632 10830184 10849954 19770
17 947 rs4889793 77840087 1 0.00293007747650359 77840087 77854454 14367
17 22 rs8071756 1574342 2 0.00285440647398054 1551223 1588930 37707
17 383 rs2881564 31786051 2 -0.00283625733019224 31756983 31811476 54493
17 793 rs8068946 70712513 3 0.00281820197888028 70708074 70714958 6884
17 809 rs4969113 71361834 1 0.00274598738938532 71360581 71361834 1253
17 626 rs9789054 55820940 2 -0.00268058465928758 55817413 55834785 17372
17 758 rs2109048 68700871 4 0.00267554378933464 68666455 68715520 49065
17 779 rs2193060 70086350 3 0.00266951146371624 70058020 70120551 62531
17 743 rs2716227 67464569 1 -0.00264238203510008 67464569 67464569 0
17 469 rs7212376 39336342 4 0.00262652647388839 39235235 39346518 111283
17 116 rs4796409 7269373 2 0.00255085041477992 7269373 7283726 14353
17 84 rs6502889 5772276 4 -0.00250201581350759 5756338 5772276 15938
17 460 rs4135012 38450248 2 0.00246236613484416 38450248 38593294 143046
17 359 rs735053 29742727 1 0.00243237953567234 29742727 29745981 3254
17 371 rs225190 30877658 1 -0.00237488701247231 30873862 30878170 4308
17 673 rs2172680 62168609 3 -0.00235167572724341 62168609 62174960 6351
17 693 rs7224441 63747678 1 -0.00223627018709633 63713663 63748853 35190
17 138 rs7211295 8628684 3 -0.00218826858301084 8613462 8648103 34641
17 674 rs9904013 62311239 2 0.00216371771912761 62237500 62354992 117492
17 567 rs12603672 51115243 1 0.0020765076302195 51020706 51115243 94537
17 467 rs1468260 39052931 1 0.00204489026411205 39052897 39052931 34
17 762 rs8067887 68933985 1 0.00203947145216386 68912003 68972281 60278
17 462 rs7219622 38671228 1 0.00203338167091522 38671228 38671228 0
17 259 rs9913851 13819731 2 0.00202983021770745 13815860 13819731 3871
17 705 rs9896191 64696485 2 0.00196590009378701 64681102 64708866 27764
17 775 rs2430532 69711678 3 0.00196264500275249 69692689 69768587 75898
17 842 rs4789659 72398336 1 -0.00194940609338674 72398336 72436370 38034
17 86 rs1558883 5817733 2 0.00193857515897851 5817733 5819714 1981
17 591 rs3829578 53381510 2 0.00192619937967229 53371047 53407119 36072
17 384 rs12453488 31897097 4 0.00184694315043054 31836993 31918339 81346
17 897 rs8077107 75612564 2 0.0018315409388113 75612564 75612564 0
17 119 rs12940684 7453919 2 0.00181937655271604 7445372 7536527 91155
17 210 rs12449476 11653008 2 0.00171969308872984 11642231 11653008 10777
17 739 rs1984722 66988666 3 -0.00171751922312947 66928434 66988666 60232
17 740 rs7213831 67123160 3 0.00170720098283419 67081513 67212574 131061
17 982 rs6502026 80921029 1 0.00164300911501994 80890262 80926215 35953
17 769 rs2058007 69317515 1 0.00163762366004769 69317515 69340833 23318
17 729 rs2909207 66439605 1 -0.00163060712263447 66436066 66476427 40361
17 148 rs3744655 9058214 1 0.0016160405415209 9051317 9070646 19329
17 513 rs111769 44871987 1 -0.00160560540101779 44871987 44871987 0
17 493 rs2011951 42398052 1 0.00158998784230715 42361360 42423665 62305
17 755 rs9915405 68355681 5 0.00157073291477752 68264545 68381555 117010
17 499 rs12449933 43137201 4 0.00153612517108093 43081974 43195663 113689
17 518 rs7502875 45823227 1 0.0014947375200277599 45808828 45847230 38402
17 49 rs9303174 3342002 1 -0.00148735086409451 3342002 3378876 36874
17 557 rs16950253 49727668 1 0.0014554901464691 49707593 49742142 34549
17 348 rs12451955 27314224 3 0.00144738382969135 27207453 27315965 108512
17 633 rs7215141 56095742 2 -0.00144113297063634 56057181 56095742 38561
17 48 rs9911226 3214106 4 -0.0014326182080159 3210368 3320406 110038
17 161 rs8077921 9466072 1 -0.00142996402823086 9466072 9474296 8224
17 907 rs2854704 76175824 5 0.0014039673581462 76160881 76188753 27872
17 43 rs4790403 2885146 1 -0.00139021249859496 2881291 2886642 5351
17 486 rs1877632 41799590 3 -0.00138870150050926 41776686 41799590 22904
17 450 rs9896257 37080317 2 -0.00137776294173204 37075506 37190141 114635
17 323 rs2440154 19444987 2 0.00137037335545857 19444987 19459537 14550
17 358 rs1801052 29508775 2 -0.00136377873929467 29470002 29629326 159324
17 111 rs364569 6979179 2 -0.00134773669294841 6979179 6982444 3265
17 838 rs12600564 72248512 4 0.00131738287914659 72240168 72257713 17545
17 573 rs2957407 51671637 2 0.00131188020993735 51669531 51690086 20555
17 636 rs7211774 56257984 2 -0.00131035294268305 56247575 56257984 10409
17 571 rs7215341 51520986 1 -0.00130476002719962 51495250 51589259 94009
17 423 rs1003645 34340284 3 0.00128268661891196 34313612 34346267 32655
17 0 rs4617924 114669 1 0.00126044877551688 114669 114669 0
17 530 rs624177 47314413 3 -0.00125702088094827 47287067 47314715 27648
17 373 rs7210010 30905457 1 0.00125404460514077 30905457 30936838 31381
17 774 rs9893864 69640574 3 0.00125191995009015 69626669 69676169 49500
17 691 rs9915454 63629238 3 -0.00122459657225254 63593166 63642542 49376
17 684 rs7223099 63237054 2 -0.00121499081097547 63235960 63243586 7626
17 801 rs2131606 71059408 3 0.0012087810691861 71052880 71062115 9235
17 576 rs1457354 52040994 4 0.00120096763364088 51899649 52097411 197762
17 622 rs1974692 55653436 3 0.00118376695985444 55653436 55661470 8034
17 240 rs9909179 13044303 2 0.00118341030902033 13044303 13095576 51273
17 357 rs17826219 29161845 5 0.00115527782654845 29000019 29247715 247696
17 385 rs1369112 31931592 2 -0.00115519068722614 31931592 31979473 47881
17 653 rs2378871 59638769 3 -0.00115303219345345 59630944 59638769 7825
17 131 rs3027209 8014416 1 0.00114705985216081 8010164 8014416 4252
17 932 rs7223911 77232086 1 0.00113643194225995 77232086 77234671 2585
17 273 rs2109174 14513310 1 0.00113589735846061 14513310 14561016 47706
17 367 rs11080171 30158073 4 0.0011325338966121 30153880 30321567 167687
17 862 rs3744000 73704333 1 -0.00110166834337637 73641714 73729660 87946
17 559 rs1501255 49886052 1 -0.00108454372768178 49856670 49886052 29382
17 176 rs16959243 9928077 1 0.00107999568699326 9928077 9963969 35892
17 169 rs2293100 9760716 2 0.00106675178122292 9760716 9802584 41868
17 904 rs9902857 75916160 1 -0.00106125305535273 75871237 75920984 49747
17 399 rs4328493 32509708 2 -0.00104945083080572 32505821 32532674 26853
17 199 rs758433 11179153 1 0.00103787667469511 11179153 11179153 0
17 272 rs12601280 14464423 1 -0.00102523816366086 14418969 14482232 63263
17 605 rs10491199 54304056 1 9.928895075747e-4 54304056 54383237 79181
17 118 rs9217 7363088 1 -9.88458391385055e-4 7350544 7419824 69280
17 421 rs141724302 34192351 2 -9.698147648832606e-4 34093663 34261831 168168
17 582 rs7212935 52776305 2 -9.596915783762586e-4 52754374 52847941 93567
17 471 rs9303309 39638907 3 9.540036248172217e-4 39620262 39646021 25759
17 867 rs2278825 74163478 2 -9.463720571548213e-4 74158801 74166869 8068
17 435 rs9892334 35307070 1 -9.445712334418592e-4 35307070 35309848 2778
17 679 rs7218921 63068976 1 -9.408547430042436e-4 63068976 63084805 15829
17 12 rs11654885 896190 1 9.298300314664828e-4 896190 896190 0
17 324 rs138462610 19578921 1 -9.196826267934064e-4 19484951 19581009 96058
17 350 rs9906526 27555828 5 -9.11087510807481e-4 27415607 27621349 205742
17 370 rs12162135 30805795 3 -9.070129447820612e-4 30692396 30841962 149566
17 307 rs12953270 16821204 1 -8.960330337945629e-4 16821204 16824504 3300
17 822 rs2619962 71769369 1 -8.928532297028055e-4 71766157 71771387 5230
17 142 rs726679 8811678 1 8.843199617936167e-4 8800308 8811678 11370
17 737 rs1008822 66832788 1 8.785102633548992e-4 66817866 66899733 81867
17 409 rs9896785 33002672 3 -8.68696999476773e-4 32998577 33078660 80083
17 816 rs790088 71588183 1 -8.566653201978827e-4 71558419 71599353 40934
17 731 rs16973170 66639907 2 8.55153336003824e-4 66581506 66659235 77729
17 229 rs9894153 12611343 2 8.511145749827917e-4 12578664 12620897 42233
17 158 rs9906854 9349730 2 -8.477276822180961e-4 9336370 9354504 18134
17 344 rs241783 26567055 2 8.476605919599445e-4 26331274 26592946 261672
17 436 rs2898659 35531996 2 8.476366589543567e-4 35456279 35543678 87399
17 473 rs1008753 39724047 1 -8.395719420146303e-4 39720391 39724047 3656
17 878 rs16969506 74914941 1 8.37830729357612e-4 74913937 74916307 2370
17 701 rs7225452 64380274 1 8.350916885656028e-4 64380274 64434272 53998
17 28 rs4790859 1897820 1 8.096661033824316e-4 1897820 1917610 19790
17 479 rs6503695 40499533 3 -8.062645522325215e-4 40398973 40552794 153821
17 228 rs8072823 12550845 3 -8.036558784239228e-4 12538993 12550845 11852
17 970 rs7216728 79247798 1 7.74545378273783e-4 79226362 79287477 61115
17 281 rs4792560 14854206 2 7.698339637233666e-4 14853048 14854669 1621
17 195 rs4792077 10899825 1 7.678485715160927e-4 10899825 10925534 25709
17 854 rs1466681 73041055 2 -7.659749676630107e-4 73006996 73078065 71069
17 542 rs8068961 48403826 6 -7.610541582905059e-4 48403826 48484270 80444
17 149 rs12602314 9089063 1 7.608681801011263e-4 9083672 9089063 5391
17 314 rs2278952 17485584 2 -7.543212067205319e-4 17425631 17538008 112377
17 680 rs4790959 63105121 1 -7.294797300015778e-4 63105121 63109056 3935
17 601 rs12942722 54106537 1 -7.254075319117235e-4 54086195 54106537 20342
17 939 rs897587 77395625 1 -7.184888708773498e-4 77390725 77396482 5757
17 96 rs956101 6286526 2 7.074635307746272e-4 6254369 6286526 32157
17 491 rs2631299 42219773 1 7.039541983378413e-4 42176591 42327493 150902
17 890 rs4789448 75341774 1 6.974596713505113e-4 75313335 75341774 28439
17 274 rs12451369 14622200 2 6.82344752343774e-4 14609956 14622329 12373
17 183 rs4791959 10163569 1 -6.815201671485988e-4 10163569 10163569 0
17 95 rs9894371 6212579 1 6.815000983555421e-4 6202301 6248108 45807
17 528 rs6504595 47187056 2 6.762762821056834e-4 47187056 47210506 23450
17 798 rs720959 70924681 1 -6.762651751884504e-4 70924681 70924851 170
17 204 rs2969184 11344615 2 -6.66918823378454e-4 11344615 11346125 1510
17 297 rs7213827 15558557 1 6.616299629031144e-4 15510011 15562320 52309
17 590 rs4239191 53331344 1 6.603099638385308e-4 53331344 53331344 0
17 611 rs227718 54780491 2 6.535761894710709e-4 54749558 54780491 30933
17 692 rs232110 63678835 1 -6.466304380161133e-4 63653020 63695573 42553
17 458 rs868150 38213359 1 6.271545537276954e-4 38186106 38223191 37085
17 960 rs4969429 78765219 1 6.217160713957529e-4 78765219 78775571 10352
17 746 rs12450634 67773308 1 6.04771814924673e-4 67614576 67776178 161602
17 776 rs16977009 69916524 2 -6.043945804349941e-4 69811571 69926109 114538
17 901 rs7405639 75765605 1 6.026694736548816e-4 75765605 75765605 0
17 683 rs9897299 63234140 4 -6.022675860561379e-4 63178272 63234140 55868
17 955 rs11652075 78178893 2 5.930143821128279e-4 78176044 78184679 8635
17 531 rs12940887 47402807 2 5.854437237437348e-4 47342153 47477635 135482
17 293 rs7208747 15309204 2 -5.704436475799396e-4 15309204 15309204 0
17 109 rs2292350 6901672 1 -5.694820199033184e-4 6888605 6919093 30488
17 638 rs2072147 56395757 7 5.694767210577118e-4 56395757 56438301 42544
17 671 rs735621 62060718 2 5.635569881857549e-4 62048467 62060718 12251
17 975 rs61738919 80280054 1 5.525384141390231e-4 80280054 80280054 0
17 697 rs8178869 64206723 2 5.515526644426511e-4 64148359 64207129 58770
17 600 rs9898558 53993882 1 5.307993833544041e-4 53933953 53993882 59929
17 554 rs11657787 49514224 1 -5.272656686289014e-4 49459043 49521225 62182
17 69 rs4790706 4689572 1 -5.256506110416835e-4 4677083 4689572 12489
17 364 rs315499 30021321 1 5.24314846424486e-4 30021321 30045224 23903
17 381 rs9915774 31623326 1 5.187860471416999e-4 31623326 31671216 47890
17 80 rs2716889 5618589 1 -5.110461947693697e-4 5607859 5618589 10730
17 102 rs28493751 6441376 1 5.05040720610215e-4 6423406 6443244 19838
17 287 rs9906227 15075605 1 5.024303831093077e-4 15072451 15075605 3154
17 100 rs867870 6361788 2 4.960465641615321e-4 6349977 6362387 12410
17 629 rs2685515 55894517 1 -4.960298528616902e-4 55880661 55908536 27875
17 929 rs12937891 77120577 1 -4.938926584756735e-4 77120577 77134342 13765
17 687 rs4790945 63371880 2 4.746592032476642e-4 63371880 63420075 48195
17 470 rs72828119 39464779 3 -4.636150107923944e-4 39452595 39616430 163835
17 958 rs11871757 78505323 3 -4.575596527321977e-4 78469357 78505323 35966
17 613 rs11651374 55094289 1 -4.51625593424321e-4 55094289 55094289 0
17 366 rs7212433 30083687 2 -4.4205108537063585e-4 30083687 30114974 31287
17 15 rs2257666 998769 1 -4.318405952909249e-4 997035 1009156 12121
17 660 rs4968613 60747979 1 4.311267729771729e-4 60603969 60749533 145564
17 382 rs12941575 31715385 2 4.2900854824231074e-4 31702422 31737421 34999
17 13 rs2120233 947233 1 4.2737502700814536e-4 947233 948149 916
17 442 rs8067381 36578907 1 -4.204322023729256e-4 36573094 36578907 5813
17 448 rs923370 37010150 1 4.191410266515272e-4 36947344 37032301 84957
17 777 rs8067062 69975197 1 -4.1874426869657034e-4 69935864 70004689 68825
17 135 rs8079726 8435205 3 -4.155246382149401e-4 8419594 8549527 129933
17 574 rs1508966 51703484 2 4.1273494564333674e-4 51700482 51781320 80838
17 969 rs4613097 79170578 1 4.028412983626838e-4 79165972 79194005 28033
17 252 rs12601543 13665377 1 3.9023748060302e-4 13653880 13671900 18020
17 951 rs1632673 77945736 1 3.8821471094591906e-4 77945537 77945736 199
17 21 rs3809800 1519775 1 -3.740184708158216e-4 1519775 1542190 22415
17 639 rs2007993 56590643 1 3.7376563631721634e-4 56456120 57210721 754601
17 979 rs8068482 80608149 1 3.647280212714331e-4 80550441 80624430 73989
17 33 rs4790344 2455523 2 -3.618203088260834e-4 2455523 2455523 0
17 278 rs7218126 14763026 1 -3.589235285766234e-4 14763026 14763026 0
17 711 rs1032970 64925807 1 -3.580837214620726e-4 64925807 64925807 0
17 604 rs1431322 54186839 1 3.5476398927627154e-4 54180943 54299036 118093
17 909 rs1109278 76248229 3 -3.515181332369385e-4 76248229 76253595 5366
17 919 rs6501232 76608673 1 3.5004464748081314e-4 76608673 76608673 0
17 584 rs17745049 52935126 1 -3.484573705701651e-4 52935126 52935126 0
17 863 rs7212635 73830270 3 -3.3974800469946614e-4 73779198 73922941 143743
17 640 rs11079372 57411865 1 -3.3847472082948195e-4 57376428 57414047 37619
17 641 rs9893761 57421666 1 -3.3724055222896936e-4 57421666 57422568 902
17 205 rs17773333 11387425 1 -3.3108078419867494e-4 11366905 11393896 26991
17 203 rs16944647 11272698 2 -3.228369875345532e-4 11257702 11306660 48958
17 908 rs2071214 76219591 2 3.212117815991571e-4 76219591 76221008 1417
17 277 rs12946291 14738476 2 3.088365843578529e-4 14716254 14739547 23293
17 417 rs1828836 33717917 1 -2.903545354484865e-4 33714452 33753528 39076
17 524 rs9899950 46828412 1 -2.8848727884762e-4 46828412 46828412 0
17 101 rs9916344 6398213 1 2.8778101686259213e-4 6372500 6406883 34383
17 617 rs868728 55403922 1 2.873060341402467e-4 55361584 55403922 42338
17 380 rs17248867 31588486 1 -2.8405850260475253e-4 31583522 31600299 16777
17 981 rs35653278 80789468 1 2.832283988302332e-4 80684784 80863857 179073
17 696 rs1420798 63944233 3 -2.6634329937113947e-4 63942253 64067101 124848
17 937 rs7209293 77333274 1 -2.659269576128798e-4 77333274 77356694 23420
17 614 rs917926 55175532 1 -2.581452508725113e-4 55173033 55183195 10162
17 32 rs9898838 2428703 1 2.5776909423317343e-4 2393319 2430126 36807
17 685 rs9908306 63284466 4 2.458815095082898e-4 63249599 63304973 55374
17 882 rs9890579 75020291 1 -2.3642116652885264e-4 75020291 75023388 3097
17 785 rs7222185 70385567 1 2.3507194170720443e-4 70378730 70388518 9788
17 525 rs497270 46918774 2 -2.2227564651495168e-4 46862711 47007963 145252
17 82 rs1008588 5711950 1 2.2089420508869005e-4 5687387 5718481 31094
17 596 rs4239198 53623023 1 2.1086436764230007e-4 53621492 53644346 22854
17 575 rs2331793 51873495 1 2.090039992672117e-4 51865320 51881281 15961
17 977 rs12950178 80453933 3 2.086411785578686e-4 80367275 80456621 89346
17 353 rs894606 27909352 1 -2.074307196644587e-4 27909352 27917771 8419
17 856 rs8073890 73256533 1 2.033694235762945e-4 73211642 73257986 46344
17 437 rs11867983 35826182 1 1.986659989414488e-4 35771468 36000607 229139
17 315 rs4925109 17661802 2 1.972970987904311e-4 17569012 17682484 113472
17 400 rs4795893 32574448 1 1.9599152752340388e-4 32551514 32639361 87847
17 279 rs2191177 14804554 2 1.939215982674112e-4 14793656 14804554 10898
17 480 rs4792930 40805844 2 1.8562494535529812e-4 40582296 40897470 315174
17 821 rs2683154 71748011 1 1.852866439491552e-4 71735358 71749898 14540
17 283 rs6502412 14921926 1 1.834679866944637e-4 14909479 14921926 12447
17 305 rs2970059 16501495 1 -1.7793962853251505e-4 16501495 16527795 26300
17 487 rs1230395 41842937 1 -1.7748455041572683e-4 41807331 41891473 84142
17 388 rs1490922 32052655 2 1.725765284371742e-4 32052655 32060709 8054
17 781 rs4793407 70206349 1 1.66818780222075e-4 70206349 70206349 0
17 757 rs7216368 68537204 1 1.6006475198489706e-4 68537204 68618615 81411
17 97 rs8073152 6305509 1 1.5889192531152153e-4 6297533 6311326 13793
17 300 rs7220790 15914986 1 -1.5465169658739292e-4 15914986 16207526 292540
17 269 rs16949556 14344249 1 1.5277760681791337e-4 14308398 14344458 36060
17 484 rs4793248 41470683 1 1.521959147705084e-4 41470683 41501295 30612
17 316 rs4299203 17878159 1 1.4541382257025914e-4 17696755 18018263 321508
17 453 rs12946701 37303198 1 1.442897127524069e-4 37303198 37322080 18882
17 978 rs10852797 80509676 1 1.3689066331195443e-4 80473077 80509676 36599
17 346 rs8070486 26807734 3 1.367439121503023e-4 26807734 26861877 54143
17 850 rs1568447 72837012 1 -1.2432095871272927e-4 72834585 72851133 16548
17 803 rs11077665 71135770 1 1.1944901965239824e-4 71132676 71147862 15186
17 662 rs1012268 60812041 1 -1.1871217810739869e-4 60789405 60851264 61859
17 145 rs4063993 8959680 1 -1.1851202379552284e-4 8932888 8959680 26792
17 476 rs11079016 39976024 3 1.1728270354196245e-4 39946405 40193709 247304
17 624 rs4793885 55728224 1 1.1349247675425454e-4 55728224 55733373 5149
17 884 rs8082404 75085015 2 1.1152339100163764e-4 75075664 75085015 9351
17 964 rs1062935 78939857 2 -1.0901662288170746e-4 78923953 78939857 15904
17 312 rs1242488 17347995 1 -1.072443325153897e-4 17326605 17347995 21390
17 477 rs34016093 40257055 1 -1.0353415183536282e-4 40255743 40318734 62991
17 920 rs4796808 76613675 1 9.983860740679248e-5 76613675 76630778 17103
17 824 rs9912079 71847831 1 -9.617469471122644e-5 71839751 71851969 12218
17 390 rs1490925 32121735 1 9.458016961611338e-5 32113903 32140803 26900
17 545 rs739924 48631607 1 9.100668059779876e-5 48631607 48652875 21268
17 318 rs1563632 18220770 1 8.85022461757103e-5 18167684 18284262 116578
17 823 rs8070752 71797557 1 8.798081658436402e-5 71774648 71815050 40402
17 808 rs9747185 71346089 1 -8.480366836810334e-5 71335260 71346089 10829
17 963 rs4969303 78891923 2 -8.415307763416614e-5 78891923 78919558 27635
17 974 rs4789753 80092131 1 7.905247329541112e-5 80086389 80109806 23417
17 681 rs299821 63131749 1 -7.724299551767069e-5 63112344 63143298 30954
17 694 rs2873820 63859521 1 7.593302217126194e-5 63761473 63884192 122719
17 295 rs1548678 15366712 1 -7.576393142845728e-5 15338256 15366712 28456
17 328 rs2958471 20682586 1 -7.131386932017186e-5 20682586 20699545 16959
17 418 rs10512469 33770802 5 -7.070734853264116e-5 33769883 33814758 44875
17 347 rs9895443 27182944 1 -7.033781569240846e-5 26899502 27189774 290272
17 76 rs3865350 5381867 1 6.814101374123303e-5 5336058 5404270 68212
17 133 rs2430949 8272767 2 -6.7797220242884885e-05 8222870 8298715 75845
17 845 rs965229 72527718 2 -6.566726072291715e-5 72523259 72555207 31948
17 447 rs228275 36910825 1 -6.248773030966744e-5 36910825 36926731 15906
17 338 rs7222355 25854188 1 5.372126361786494e-5 25731177 25869033 137856
17 830 rs11077721 72042737 1 -5.079471841533713e-5 72031792 72042737 10945
17 31 rs7215857 2341350 1 4.764365162842328e-5 2322776 2341350 18574
17 430 rs295869 35147345 1 -4.637719612006644e-5 35113905 35147345 33440
17 309 rs7223686 16960911 1 4.5619965581333665e-5 16960911 17194050 233139
17 849 rs2305213 72769739 1 4.508010738052815e-5 72765215 72784932 19717
17 956 rs12937242 78268294 1 4.470056339606228e-5 78266759 78280030 13271
17 60 rs12947597 3999199 5 -4.436226912406791e-5 3896807 4151820 255013
17 500 rs16939879 43216472 1 4.0017667522676254e-5 43200294 43248581 48287
17 747 rs8074693 67810402 1 -3.9395777581954776e-5 67810402 67829458 19056
17 261 rs12943919 13859501 1 -3.883400956243026e-5 13859501 13885178 25677
17 756 rs11658767 68451507 1 -3.825210005724844e-5 68451507 68526061 74554
17 891 rs388090 75379439 2 -2.992173265128771e-5 75370468 75388004 17536
17 713 rs11654578 65035568 2 -2.675326673652243e-5 65033060 65276451 243391
17 615 rs8066842 55264833 1 -2.6205074325757653e-5 55226303 55264833 38530
17 439 rs4430796 36098040 1 -1.9872056512379454e-5 36098040 36101156 3116
17 342 rs12709500 26134974 2 -7.781796848242229e-6 26134974 26267997 133023
