CHR Group SNP.lead BP.lead Size W BP.min BP.max BP.width
21 551 rs2834109 34521087 2 0.02939151763410873 34515010 34521087 6077
21 952 rs7283760 45640629 4 0.02842625330299017 45638288 45647421 9133
21 464 rs565489 31523734 3 0.022954553567557 31520760 31531438 10678
21 232 rs2827079 23196432 1 -0.02141618341302206 23191534 23205558 14024
21 439 rs2832310 30768350 1 0.02109149978586461 30768350 30768350 0
21 414 rs2831503 29481474 1 0.01835095182862182 29481474 29485359 3885
21 796 rs16999738 41780398 3 -0.01758182289733366 41780398 41792388 11990
21 845 rs2280807 42821265 2 0.01627147755863702 42821113 42823372 2259
21 756 rs1524930 40968460 2 -0.01499233393827886 40964553 40968460 3907
21 266 rs12483180 24720653 1 0.01396483264256029 24720653 24720653 0
21 467 rs2832660 31593066 1 0.01386196886226533 31589743 31609467 19724
21 141 rs444223 20300576 3 -0.01127788951005944 20290322 20312086 21764
21 874 rs220229 43448797 1 0.01051208402066983 43448797 43453662 4865
21 67 rs1449525 17762328 3 0.01034934094492856 17759486 17762328 2842
21 703 rs2211860 39552192 4 0.01006749949805291 39529937 39581136 51199
21 730 rs992244 40252150 3 0.00965481927894925 40250008 40261157 11149
21 420 rs2831772 29772530 6 0.00888950423860402 29739928 29772530 32602
21 631 rs4817726 36943564 4 0.00856308988462096 36919816 36944403 24587
21 921 rs3737434 44437142 8 0.00855285647575099 44397575 44454301 56726
21 699 rs2836074 39346333 2 0.0085439435408665 39346333 39346333 0
21 202 rs2826587 22255696 1 -0.00845228691448375 22255663 22255696 33
21 640 rs2835170 37313971 1 -0.0081441668711508 37312721 37313971 1250
21 65 rs2823748 17675675 1 0.00812173856166561 17675675 17675675 0
21 979 rs8129133 46454237 1 0.00811123000043591 46454237 46454237 0
21 903 rs2254368 43862466 1 -0.00780813501573312 43853701 43862466 8765
21 662 rs2845795 38064902 1 -0.00776648825914716 38064902 38064902 0
21 950 rs743479 45611950 3 0.00773641844696645 45611950 45617328 5378
21 257 rs398570 24417126 3 -0.00732994131141107 24417126 24425226 8100
21 556 rs9975358 34579572 2 -0.00723157216850764 34571716 34584544 12828
21 531 rs2833810 33796960 4 -0.0069848991749124 33794516 33814613 20097
21 544 rs10427540 34374530 1 0.00687239830288313 34374072 34375854 1782
21 916 rs75225742 44190901 1 -0.00651879793182304 44190901 44190901 0
21 589 rs11911509 35841740 2 -0.00650778553570805 35838907 35841740 2833
21 752 rs1735137 40848174 2 -0.00636441360745188 40848174 40887185 39011
21 309 rs7281937 26021230 2 0.00635427951739447 26017301 26021230 3929
21 331 rs17001080 26908384 1 0.00629606506845833 26908384 26960189 51805
21 766 rs447480 41221971 2 -0.00625377492268192 41214958 41223908 8950
21 571 rs12482697 35293199 3 -0.00612996745960149 35265524 35293199 27675
21 482 rs2833162 32296251 2 0.00607482122156969 32294481 32296251 1770
21 633 rs2222959 36978680 2 0.00599412286443797 36978680 37002576 23896
21 597 rs2834585 36064321 1 0.00589915526500561 36064321 36071202 6881
21 851 rs9975623 42920296 1 -0.00572264928469509 42920296 42920296 0
21 207 rs7509723 22403814 2 0.00565592301613286 22403814 22403814 0
21 673 rs2277784 38380225 1 0.00553135361621513 38371327 38380225 8898
21 590 rs2834494 35856504 1 -0.00542854085950132 35856504 35858097 1593
21 76 rs2824098 18235587 3 0.005324374868529 18228575 18235587 7012
21 739 rs9979861 40389724 1 -0.00531438517599009 40389724 40395343 5619
21 911 rs373700 44039966 3 0.00528348424697851 44039013 44039966 953
21 158 rs2825628 20903523 1 -0.0051787987620559 20895977 20903523 7546
21 30 rs1292747 16115679 2 0.00512757491822615 16111530 16115679 4149
21 620 rs2008256 36583687 1 0.00501203802449373 36580790 36583687 2897
21 131 rs2825011 20078424 2 0.00495889565194815 20075866 20092485 16619
21 799 rs11088518 41852932 3 -0.00494328584450132 41842252 41855972 13720
21 992 rs944422 46982335 2 0.00492627731018226 46982335 46987198 4863
21 881 rs220126 43531008 2 0.00491932606893723 43530399 43531632 1233
21 763 rs8129968 41142932 1 0.00477322380918747 41136712 41142932 6220
21 375 rs229092 28255787 1 0.00462231311278107 28245349 28273228 27879
21 693 rs9983351 39176328 2 0.00449627229102041 39176328 39180799 4471
21 320 rs2829535 26451776 3 0.00447624656238718 26386645 26453241 66596
21 990 rs2236462 46897221 1 0.00437758385016412 46883153 46897221 14068
21 139 rs7276040 20235268 1 -0.0043724513630513 20235268 20235268 0
21 561 rs9978223 34770358 2 0.00432016975258744 34770358 34787312 16954
21 66 rs453644 17743767 3 0.00422581634690472 17743767 17744507 740
21 346 rs10460695 27520111 2 -0.00413637270296057 27502468 27525506 23038
21 857 rs9917486 43102097 1 0.00413115765123845 43102097 43102097 0
21 99 rs1389995 19024565 2 -0.004052725270729 19006359 19026337 19978
21 300 rs7283527 25706768 1 0.00401228633377262 25691370 25706768 15398
21 1008 rs1023355 47892806 2 -0.00399787048946156 47808772 47892806 84034
21 933 rs496300 44779680 3 0.0039809764379618 44779343 44779680 337
21 1010 rs2839315 47962186 3 0.00389713958669155 47954252 47963149 8897
21 371 rs11702216 28165330 1 0.00389237031704836 28162797 28167643 4846
21 526 rs2833736 33582722 1 -0.00387557927279482 33572259 33612833 40574
21 661 rs8127136 38034172 1 -0.00377663302393424 38034172 38034172 0
21 302 rs1119268 25798660 2 0.00374199337353658 25798591 25801836 3245
21 924 rs2027745 44508020 3 0.00368354385607646 44508020 44519655 11635
21 762 rs12233347 41084811 1 0.00366758833301001 41082511 41092950 10439
21 31 rs7283943 16126805 2 0.00361674827791888 16126805 16128671 1866
21 554 rs9305523 34545377 2 0.00358483803112792 34545377 34552200 6823
21 982 rs6518216 46610842 2 0.00343944712580209 46610842 46634966 24124
21 818 rs730625 42296882 2 0.00335444966816295 42296882 42307342 10460
21 210 rs1028983 22457771 1 0.00329295565688553 22457771 22479797 22026
21 603 rs2834655 36238507 1 -0.00321611565804051 36238507 36238507 0
21 922 rs2124458 44475680 1 0.00320930525706109 44473062 44475680 2618
21 491 rs2833275 32489757 4 -0.00317928591104564 32489757 32493031 3274
21 472 rs9636832 31763618 1 -0.0031556678268847 31763618 31763618 0
21 844 rs2898449 42814495 1 -0.00314286835880983 42814495 42814495 0
21 305 rs2829135 25866226 2 -0.00309651289181259 25858886 25896423 37537
21 315 rs1892732 26198457 5 0.00307892160813451 26183724 26204697 20973
21 855 rs2247788 43067245 3 0.00303003993916637 43067245 43068319 1074
21 83 rs2824175 18384773 2 -0.00300072721982361 18381304 18396092 14788
21 233 rs7349018 23208604 2 -0.00292304611132343 23208604 23236900 28296
21 333 rs17001274 27027297 1 -0.00291577685006804 27025078 27027297 2219
21 783 rs2142123 41418208 3 0.00290684657677116 41417215 41429710 12495
21 441 rs363501 30927772 1 0.00284530714485521 30914526 30927772 13246
21 1005 rs9978018 47526240 1 0.00281284809253466 47526240 47544838 18598
21 71 rs13047224 18040023 1 0.00277708949437956 18040023 18048206 8183
21 114 rs13048405 19522891 1 0.002762361492337 19519810 19522891 3081
21 256 rs2027717 24407465 1 0.00268934686628207 24402455 24407851 5396
21 972 rs2838677 46189767 2 0.00267979059339757 46189767 46226566 36799
21 84 rs2824205 18431228 3 -0.0026312462810528 18424082 18457828 33746
21 513 rs12165267 33364621 1 0.00261591234287579 33364621 33364621 0
21 98 rs8129963 18989513 1 0.00258728438442569 18989513 18989513 0
21 586 rs34016792 35757915 2 -0.00253680633970614 35757915 35757915 0
21 804 rs9305700 41962473 3 -0.00253147147065419 41951756 41968812 17056
21 80 rs7276116 18318167 3 -0.00250080516375908 18318167 18341367 23200
21 758 rs498027 41016873 2 -0.00247483627892252 41016873 41016873 0
21 349 rs985456 27625716 1 0.00244981874349208 27616602 27626361 9759
21 937 rs2329442 45041790 2 -0.00244051770543369 45026728 45041790 15062
21 655 rs113831133 37833983 1 -0.00242451855367246 37829040 37833983 4943
21 869 rs9325615 43359680 2 -0.002419900022807 43359680 43359686 6
21 434 rs139906177 30439335 3 0.00239864376139029 30389622 30494250 104628
21 704 rs2836223 39601147 1 0.00239148861137818 39600732 39626421 25689
21 248 rs2827373 23672710 1 0.00236705569541538 23654246 23681095 26849
21 347 rs462281 27537769 2 -0.00233674715308487 27537769 27544041 6272
21 925 rs2839644 44604272 1 -0.0022911928065256202 44604272 44604712 440
21 1006 rs35785446 47614553 2 0.00226917181941939 47614553 47686152 71599
21 40 rs975336 16451845 1 0.0022649241051023 16451845 16451845 0
21 327 rs2829726 26764074 1 -0.00226489568786408 26764074 26764074 0
21 679 rs12483205 38740824 2 0.00224156820299733 38721309 38740824 19515
21 430 rs8131527 30196904 2 0.00223927277106749 30164855 30205143 40288
21 495 rs1855703 32753155 2 0.00223748984143078 32747521 32759208 11687
21 897 rs4920091 43778036 2 -0.00222384000303749 43777672 43778895 1223
21 819 rs10222193 42324388 2 0.00215958012234362 42324388 42324388 0
21 691 rs2835927 39120344 1 0.00211924626860366 39102553 39123754 21201
21 352 rs2830165 27676592 1 -0.00209549516872959 27676401 27676592 191
21 212 rs2826672 22503372 1 0.00204993823727303 22503372 22503372 0
21 800 rs2837668 41884157 3 0.00203752046483586 41877148 41884157 7009
21 644 rs20572 37444973 1 0.00203380622415754 37444973 37460164 15191
21 970 rs2838659 46128238 1 0.00202473350640725 46128238 46128238 0
21 593 rs2300387 35964093 1 -0.00201716156327211 35950431 35965934 15503
21 835 rs441810 42698907 1 0.0020139742138018 42694667 42698907 4240
21 787 rs9982099 41527915 1 0.00201363183150707 41527915 41527915 0
21 113 rs2824646 19506651 2 0.00194508122301132 19506651 19506651 0
21 714 rs3746880 39795202 1 0.00193882775601574 39795202 39797764 2562
21 824 rs13050861 42485808 1 0.00193414384924203 42483632 42485808 2176
21 234 rs4818644 23251216 1 0.0018389534319596 23251216 23251216 0
21 736 rs2836788 40336891 4 0.00181965520169002 40332176 40349600 17424
21 507 rs2211781 33249294 1 -0.001793631139209 33249294 33249294 0
21 204 rs2826611 22313265 3 0.00177968786790538 22300960 22313265 12305
21 322 rs2829558 26514597 1 0.00176912109475245 26514597 26514597 0
21 130 rs7277618 20054442 1 -0.00175448043962736 20034898 20054442 19544
21 648 rs1573306 37558042 1 -0.00172173233733896 37558042 37579423 21381
21 611 rs2834737 36396167 1 0.00171898941052828 36396167 36396167 0
21 764 rs2837216 41152306 2 0.00169624652852612 41148235 41174631 26396
21 675 rs2835562 38409876 2 -0.00168745373654553 38409876 38429389 19513
21 887 rs4148082 43619415 2 0.00168559494328494 43615559 43619415 3856
21 258 rs198123 24468555 2 0.00168214102439431 24449684 24475368 25684
21 732 rs2836757 40294024 1 0.00167479425457447 40291740 40294334 2594
21 821 rs2837905 42410459 1 -0.00166013267545628 42409324 42416146 6822
21 200 rs1009164 22217613 1 0.00165690237811405 22217613 22226005 8392
21 443 rs7282163 31002803 1 -0.00164361228900947 31000201 31013159 12958
21 836 rs424513 42711678 1 -0.00164087443756113 42710175 42720579 10404
21 846 rs9305744 42842988 3 -0.00163105605875096 42832164 42842988 10824
21 162 rs2825663 20955904 1 -0.00163016340254788 20955904 20955904 0
21 163 rs2825678 20986798 2 -0.00159267919278595 20986798 20996612 9814
21 906 rs2839535 43905327 1 -0.00159114015299006 43905327 43905327 0
21 165 rs11088748 21050002 1 -0.00157727638699043 21047468 21050002 2534
21 52 rs1736148 16813212 1 0.001575061024784 16812552 16815872 3320
21 904 rs8130358 43875848 2 0.00155818891030626 43875500 43875848 348
21 167 rs8134910 21117409 3 0.00155811698689 21116540 21120177 3637
21 385 rs2830768 28572980 2 0.00154197375989237 28568502 28576387 7885
21 259 rs20461 24521301 2 0.00146671793947029 24506241 24521970 15729
21 450 rs461119 31147968 2 -0.00146155392057105 31140753 31181420 40667
21 510 rs2833579 33328529 1 -0.00146037695227019 33328529 33328529 0
21 10 rs1153303 15657711 2 -0.00144153228745623 15656052 15660539 4487
21 351 rs9978179 27653527 3 -0.00143799955312608 27652319 27666882 14563
21 981 rs729895 46515421 1 0.00141456438203518 46515421 46548611 33190
21 183 rs1786427 21812287 1 -0.00137615861698994 21811981 21814838 2857
21 893 rs4148140 43718611 3 -0.00131871133465472 43710052 43718611 8559
21 275 rs9978900 24902807 4 0.00131780141026706 24902807 24918877 16070
21 747 rs2297256 40558421 2 0.00130228633051305 40547310 40581530 34220
21 803 rs73364974 41917406 1 0.00129907342973008 41917406 41917406 0
21 715 rs1041795 39852396 2 -0.0012821677758537 39838825 39852396 13571
21 26 rs458525 15970507 1 0.00127591968902882 15970507 15984982 14475
21 225 rs1460077 22957596 1 -0.00127395409172067 22942136 22986181 44045
21 380 rs2212816 28432500 1 -0.00127070730591145 28419053 28444165 25112
21 478 rs2833124 32214655 2 0.00126562102900786 32214655 32214655 0
21 771 rs2244084 41277049 1 0.00125661367738028 41274744 41277049 2305
21 415 rs7278583 29533040 1 0.00125609238573371 29533040 29533040 0
21 722 rs464484 40003117 1 -0.00125208426297429 39999216 40007704 8488
21 525 rs2833695 33554131 3 -0.00125014996915345 33548880 33556137 7257
21 658 rs439888 37920907 1 -0.00125009558510587 37920907 37938729 17822
21 372 rs467797 28194528 2 -0.00123501735746665 28174625 28194581 19956
21 751 rs6517549 40823981 1 -0.00122560683838608 40780560 40826063 45503
21 570 rs9978194 35254293 1 -0.00122176096915671 35246923 35254293 7370
21 585 rs2834450 35702083 1 0.00121927079564138 35702083 35716371 14288
21 868 rs6586336 43328071 1 -0.00120961167578817 43328071 43331362 3291
21 697 rs2836041 39268012 1 -0.00118763605216565 39267060 39268012 952
21 671 rs2843637 38332768 2 -0.00116319399976996 38332768 38345727 12959
21 895 rs692544 43759441 1 -0.00115726055561711 43759441 43763726 4285
21 809 rs2837801 42110235 1 0.00115720227105356 42110235 42110235 0
21 774 rs2299796 41294890 1 -0.00115631488332742 41290971 41294890 3919
21 579 rs4817616 35444498 2 0.00115240919788047 35444498 35444498 0
21 646 rs9305578 37514155 1 0.00114366124333632 37507501 37538397 30896
21 362 rs9984180 27891664 2 0.00113797571650511 27891664 27911452 19788
21 894 rs225424 43746695 3 0.00113201029505177 43740749 43746695 5946
21 914 rs11702318 44112366 2 -0.00112355801878944 44112366 44126321 13955
21 35 rs2178999 16247212 1 0.00111296662174716 16247212 16247212 0
21 102 rs2824483 19139775 1 0.00111152530765983 19139775 19139775 0
21 808 rs7276043 42085920 1 -0.00110799486689284 42085920 42085920 0
21 34 rs2822964 16229925 1 0.00108736098681777 16229925 16239937 10012
21 888 rs225446 43658508 2 -0.00107951005965784 43658444 43658979 535
21 993 rs2838965 47021784 1 -0.00107924994540435 47015661 47021784 6123
21 70 rs2823815 17826260 1 -0.0010715180323838 17826260 17826260 0
21 559 rs8133680 34671539 1 -0.00106049331213055 34671539 34671539 0
21 695 rs2836021 39217408 2 0.00105630122883675 39217408 39217680 272
21 304 rs2829098 25836660 2 0.00105132031930611 25826510 25847872 21362
21 251 rs1501220 23848588 1 0.00104415055039223 23848588 23860926 12338
21 189 rs2155889 21889841 1 0.00103688886674722 21889841 21889841 0
21 977 rs2838737 46335580 2 0.00102708088649041 46333802 46335580 1778
21 721 rs8130668 39978141 3 -0.00100803210888517 39967076 39978141 11065
21 737 rs1537106 40359005 1 -0.00100356901844875 40356648 40359005 2357
21 405 rs2831046 29025638 2 9.768574966768058e-4 29015007 29027584 12577
21 29 rs9978604 16077016 1 -9.43551483122104e-4 16077016 16077016 0
21 459 rs2832547 31410125 1 9.284969047208406e-4 31410125 31410125 0
21 422 rs2831792 29792308 1 9.266116576479938e-4 29792308 29799861 7553
21 460 rs2832585 31457558 1 -9.087967055908924e-4 31429636 31457558 27922
21 216 rs11088859 22689344 2 -9.086418549846095e-4 22689344 22727138 37794
21 994 rs4819138 47061267 2 -9.013660680014392e-4 47061267 47182291 121024
21 726 rs1209952 40175827 1 -8.927698537235438e-4 40157281 40176693 19412
21 523 rs2833670 33505090 1 8.827262759971294e-4 33505090 33505090 0
21 666 rs2850106 38134511 2 8.682831588022115e-4 38134511 38147602 13091
21 48 rs2823227 16682922 1 8.537815637078476e-4 16682922 16682922 0
21 195 rs1482417 22065557 1 -8.486670444302359e-4 22037850 22065557 27707
21 297 rs12627020 25510293 1 8.469854591001046e-4 25510293 25518478 8185
21 552 rs2834112 34526350 1 8.29832487667256e-4 34525104 34527885 2781
21 208 rs8132319 22427695 1 -8.261806417760508e-4 22424004 22430692 6688
21 330 rs17000975 26834279 1 -8.252586675733091e-4 26834279 26866666 32387
21 777 rs1123923 41335367 1 -8.221673218085243e-4 41333747 41337036 3289
21 20 rs2822677 15845561 1 -8.212489876037819e-4 15844481 15845561 1080
21 592 rs8129311 35922006 3 8.152493860806424e-4 35911599 35934476 22877
21 292 rs2186439 25433818 1 8.115599260445167e-4 25428737 25433818 5081
21 498 rs13048019 32918294 1 -8.067674539367243e-4 32918294 32919601 1307
21 908 rs228067 43960077 1 -8.023059012694986e-4 43960077 43960077 0
21 617 rs4459802 36530416 2 7.973608163811224e-4 36530416 36530556 140
21 811 rs736976 42168325 1 7.930773774874963e-4 42166447 42168325 1878
21 485 rs2833192 32389498 1 7.92877302276971e-4 32389498 32389498 0
21 660 rs2252884 38014106 1 -7.71575395869641e-4 38009239 38014652 5413
21 61 rs2051347 17563269 1 -7.672228086827579e-4 17563269 17563269 0
21 785 rs2837426 41454734 1 7.571037684789907e-4 41454734 41454734 0
21 283 rs11910832 25130153 2 7.443880640348473e-4 25130153 25141149 10996
21 625 rs8132760 36771337 1 7.186216818725262e-4 36771337 36773278 1941
21 791 rs8133535 41664277 1 -7.073233406763252e-4 41664277 41664277 0
21 641 rs2845726 37333223 3 7.065720709981149e-4 37327591 37342121 14530
21 4 rs431864 15548739 1 7.035816051349324e-4 15531192 15554030 22838
21 135 rs9984345 20133449 2 6.970143748789824e-4 20133449 20136039 2590
21 915 rs2269149 44141357 2 -6.84082412458413e-4 44134443 44145777 11334
21 810 rs2210270 42132802 1 6.835124756002363e-4 42132802 42132802 0
21 539 rs4817502 34175240 1 6.829963834632733e-4 34155237 34175240 20003
21 28 rs455547 16054626 2 6.771903171692189e-4 16049066 16054626 5560
21 723 rs2836618 40048295 4 -6.738108947241171e-4 40041295 40059292 17997
21 946 rs62229686 45391272 2 6.601262066280808e-4 45391272 45398853 7581
21 50 rs2823238 16718706 1 -6.590463884828156e-4 16718706 16727045 8339
21 966 rs9978560 46060222 1 6.556048220295422e-4 46060222 46060222 0
21 728 rs1534825 40210516 2 6.539815112617569e-4 40196388 40210516 14128
21 598 rs2834610 36105589 1 -6.45486186015389e-4 36105589 36116351 10762
21 93 rs208894 18814568 1 6.449299439797875e-4 18814568 18814568 0
21 548 rs9984627 34471603 4 6.445937278090753e-4 34463638 34481036 17398
21 337 rs2829961 27241995 1 -6.24572550480796e-4 27241995 27257660 15665
21 967 rs17284014 46087583 2 6.195118742972245e-4 46077122 46087583 10461
21 416 rs2831626 29563947 1 6.156651776101305e-4 29556000 29582726 26726
21 867 rs4920118 43319984 1 6.085801974822541e-4 43318856 43319984 1128
21 591 rs727957 35880072 1 5.956963788087291e-4 35880072 35893737 13665
21 328 rs2829746 26798089 1 -5.86080634428987e-4 26798089 26819664 21575
21 870 rs61731656 43362295 1 5.801094527330739e-4 43362295 43362295 0
21 765 rs2837241 41208606 2 -5.785023462047934e-4 41191164 41208606 17442
21 33 rs2822942 16189981 1 5.773257773749687e-4 16189981 16189981 0
21 797 rs718099 41816354 1 5.662420102140043e-4 41813127 41816354 3227
21 314 rs2829388 26174872 1 5.657137739502255e-4 26174872 26174872 0
21 453 rs2832468 31245860 1 5.641342449661985e-4 31245261 31256868 11607
21 616 rs9975836 36514505 1 5.632242606716575e-4 36514505 36514505 0
21 168 rs13433388 21147348 1 5.630020429817962e-4 21147348 21147348 0
21 77 rs442995 18244220 2 -5.602505682051637e-4 18244220 18244220 0
21 193 rs2826401 21939786 2 -5.534447965026796e-4 21939786 21970649 30863
21 426 rs2831968 30080833 3 -5.527237443979404e-4 30016852 30080833 63981
21 742 rs2242944 40465178 1 -5.517604010927607e-4 40465178 40465534 356
21 180 rs2407647 21709136 4 5.442236514287286e-4 21698075 21711607 13532
21 694 rs3787835 39189570 1 5.438824659275156e-4 39189570 39202070 12500
21 428 rs2832021 30112285 2 -5.319519466140336e-4 30106926 30128595 21669
21 363 rs2830286 27954042 2 -5.251316232259763e-4 27926088 27955385 29297
21 853 rs7282997 43059884 2 -5.242924015925046e-4 43059884 43059884 0
21 324 rs2829654 26605703 1 5.241040329821781e-4 26605703 26616200 10497
21 834 rs2838008 42685044 1 5.217882244224255e-4 42682644 42685044 2400
21 686 rs1709838 39020113 1 -5.197967029671443e-4 39001613 39020935 19322
21 282 rs2828460 25096352 2 -5.191045243674688e-4 25095694 25104945 9251
21 999 rs1053312 47423389 1 5.190965824950046e-4 47423389 47423389 0
21 109 rs158014 19451271 1 5.139069059859884e-4 19433441 19451271 17830
21 224 rs2826896 22917558 1 5.136803199913572e-4 22917558 22917558 0
21 746 rs2836912 40506194 1 -5.122441877008484e-4 40506194 40506194 0
21 368 rs2830447 28111563 1 -4.959559324065992e-4 28111563 28112756 1193
21 549 rs8132749 34493297 2 4.818687867121911e-4 34493297 34499426 6129
21 246 rs2827251 23508050 3 -4.808788708326515e-4 23508050 23542443 34393
21 775 rs2238703 41301355 1 -4.7587189888032174e-4 41297992 41301355 3363
21 391 rs239695 28680314 1 4.4982615933847266e-4 28679431 28696476 17045
21 772 rs3819595 41282698 1 4.45177821522577e-4 41282698 41282698 0
21 376 rs146717299 28305324 1 -4.399976066404784e-4 28286853 28306575 19722
21 1004 rs2839102 47501261 1 4.245984344937305e-4 47501261 47501261 0
21 576 rs13051558 35375649 1 -4.1406781108324414e-4 35366219 35375649 9430
21 186 rs17199154 21854478 1 -4.127750684239896e-4 21854444 21861047 6603
21 25 rs2822787 15954660 1 4.110111767386881e-4 15954660 15954660 0
21 396 rs7275326 28785912 2 4.082579800488033e-4 28785650 28791676 6026
21 487 rs7282590 32438284 2 4.07997327457268e-4 32438284 32444209 5925
21 264 rs2828019 24667856 1 -4.0498673413739175e-4 24667856 24684174 16318
21 734 rs2836770 40314704 1 -4.0457965740069775e-4 40314704 40315316 612
21 274 rs1354481 24836014 1 3.959787873711857e-4 24836014 24836014 0
21 689 rs1709806 39055489 1 3.9492505433329146e-4 39052584 39083309 30725
21 727 rs457705 40191431 2 3.9443243413242034e-4 40191431 40192577 1146
21 379 rs2830605 28367755 2 -3.9441948732310024e-4 28367755 28375935 8180
21 480 rs2833135 32224934 1 3.865015623146982e-4 32224934 32224934 0
21 773 rs4143343 41285481 2 -3.834709943448594e-4 41285481 41286014 533
21 499 rs2833456 32954765 1 3.8048345727973034e-4 32949556 32957311 7755
21 86 rs8130562 18521826 1 -3.795190231485646e-4 18492478 18542872 50394
21 43 rs7275695 16568524 1 -3.7447505007755417e-4 16568524 16568524 0
21 780 rs2837352 41363778 2 -3.655385225030551e-4 41360591 41371229 10638
21 398 rs239632 28818560 1 -3.513240280608198e-4 28816801 28818560 1759
21 389 rs1452084 28661237 1 -3.5076404926917245e-4 28661237 28661237 0
21 179 rs2826125 21649595 1 3.502186243117039e-4 21649595 21651175 1580
21 55 rs2823357 16914905 1 3.49148805543377e-4 16914571 16922965 8394
21 366 rs2830390 28060611 1 -3.49037854980627e-4 28051248 28060611 9363
21 866 rs2282109 43307329 1 -3.479534825512463e-4 43306101 43307329 1228
21 670 rs3827189 38311993 1 3.4446154503016565e-4 38302769 38311993 9224
21 452 rs2832458 31239497 1 3.437138447843208e-4 31233994 31242728 8734
21 37 rs139263261 16339852 1 -3.394197112160436e-4 16331523 16339852 8329
21 307 rs2829170 25946431 1 -3.3506643733666126e-4 25946431 25946431 0
21 823 rs2837926 42463501 1 3.348432672925038e-4 42462562 42471628 9066
21 621 rs2834853 36597915 1 -3.298943405117884e-4 36595108 36597915 2807
21 153 rs2825523 20705880 1 -3.2207261496589897e-4 20705880 20705880 0
21 455 rs2832484 31297409 1 3.193407889321628e-4 31297409 31302472 5063
21 408 rs3844464 29129610 1 -3.171921333012802e-4 29129610 29142806 13196
21 920 rs8130292 44362904 1 -3.057513665526286e-4 44362904 44364737 1833
21 440 rs2832381 30881184 2 2.893338489768901e-4 30861858 30883135 21277
21 862 rs1054761 43218520 2 -2.856451354198541e-4 43218520 43221826 3306
21 336 rs2829934 27205540 1 2.8057113822165875e-4 27205540 27225177 19637
21 710 rs970115 39721888 3 -2.712817796465903e-4 39713235 39721888 8653
21 36 rs2256417 16295354 1 -2.6618616426128693e-4 16295354 16295354 0
21 830 rs7278856 42598887 1 -2.648744980223387e-4 42598887 42598887 0
21 382 rs2830701 28483361 1 -2.630469739669949e-4 28481280 28489705 8425
21 890 rs2234718 43697195 1 -2.540901742657138e-4 43697195 43697195 0
21 199 rs9974471 22134353 1 2.5066008757623494e-4 22133065 22138217 5152
21 469 rs78287602 31654638 1 -2.5046024550357465e-4 31635452 31662152 26700
21 852 rs12483160 42941343 2 -2.5006008618851257e-4 42941189 42941420 231
21 175 rs9982120 21526261 1 2.4317524827718472e-4 21526261 21543098 16837
21 962 rs233278 45991929 1 -2.426653718864769e-4 45979255 45992131 12876
21 219 rs2826836 22808223 3 -2.2279978770003533e-4 22808223 22810077 1854
21 748 rs2026267 40711477 1 2.2114419164909744e-4 40656242 40711477 55235
21 150 rs1015566 20566037 1 -2.111674027690676e-4 20566037 20595409 29372
21 267 rs200687 24739422 1 2.1100275455358377e-4 24739422 24739422 0
21 187 rs2826336 21868881 1 -2.10492082586653e-4 21865566 21871727 6161
21 397 rs2830933 28798703 1 -2.102310919250938e-4 28796122 28801333 5211
21 249 rs2827484 23776582 1 2.095969181159012e-4 23771749 23776582 4833
21 73 rs2824065 18187408 1 -2.0268689603507008e-4 18171830 18187408 15578
21 120 rs7283555 19660053 1 -2.0059601684182293e-4 19660053 19663252 3199
21 260 rs198128 24548784 1 -2.00416648203216e-4 24536504 24555671 19167
21 871 rs12627125 43399915 1 1.996110756420485e-4 43393669 43399915 6246
21 104 rs2824499 19179271 2 1.9432331755621233e-4 19161689 19179271 17582
21 953 rs7354779 45670770 1 1.9221190984594971e-4 45665330 45670770 5440
21 572 rs12627083 35314725 1 1.9173045147530471e-4 35311557 35318454 6897
21 54 rs7279999 16889897 1 -1.914057262803364e-4 16883021 16892903 9882
21 277 rs2828286 24951271 1 1.88348533853529e-4 24942410 24951271 8861
21 400 rs2830981 28862137 1 -1.8222516195856052e-4 28846705 28865379 18674
21 285 rs207490 25214100 1 1.8212682896687164e-4 25209156 25214100 4944
21 211 rs2826662 22492431 1 -1.6950501376311833e-4 22487854 22492431 4577
21 290 rs16999153 25379620 1 -1.6137282637485297e-4 25377909 25379620 1711
21 129 rs8131046 19999399 1 1.6027915318964043e-4 19957829 19999399 41570
21 882 rs220146 43539293 1 1.5824863261892504e-4 43539287 43540047 760
21 51 rs2823269 16793467 2 1.5786511338428244e-4 16793467 16795418 1951
21 948 rs915877 45502844 1 -1.5782161846152152e-4 45502844 45508561 5717
21 206 rs2826648 22362499 1 1.4481977165027322e-4 22348985 22362499 13514
21 395 rs2830919 28778338 3 -1.3830581511939497e-4 28773868 28778338 4470
21 334 rs2829868 27065046 1 -1.3578771348060848e-4 27058163 27065046 6883
21 535 rs6517104 33912382 1 -1.3286018764404928e-4 33911707 33917903 6196
21 105 rs243629 19220798 1 1.312635217683698e-4 19204252 19231698 27446
21 610 rs2834730 36382552 1 1.2820625134821797e-4 36380852 36382552 1700
21 188 rs2826339 21884955 1 1.2702915429651677e-4 21884955 21884955 0
21 557 rs1131964 34610487 4 -1.2197308278500892e-4 34594878 34610487 15609
21 178 rs4818561 21635038 1 1.1873645063771244e-4 21635038 21636664 1626
21 339 rs383700 27298769 1 -1.1861455255149922e-4 27298769 27298769 0
21 638 rs6517312 37277069 2 1.1491129863763644e-4 37229471 37277069 47598
21 112 rs2824639 19494749 4 -1.122604189442069e-4 19494749 19497606 2857
21 438 rs372883 30717737 1 -1.0998992457241547e-4 30615513 30734388 118875
21 318 rs2829488 26332318 2 1.0657266123410512e-4 26294307 26332318 38011
21 642 rs2835203 37351180 1 -1.0599797566724718e-4 37345080 37351180 6100
21 140 rs9976396 20251287 1 -1.059376168440986e-4 20251287 20264466 13179
21 566 rs2834278 35220001 2 -1.0346912661337752e-4 35220001 35220001 0
21 383 rs1631667 28521499 1 8.859604589678185e-5 28505656 28525447 19791
21 306 rs2829159 25918197 1 -8.832407516131312e-5 25912293 25918197 5904
21 567 rs9636869 35227484 1 -8.728467711058109e-5 35227484 35227484 0
21 899 rs2839490 43789854 1 7.883974834769381e-5 43789854 43789854 0
21 6 rs433899 15603589 1 7.607951945767266e-5 15599354 15613985 14631
21 103 rs171477 19150133 2 -7.075349091636139e-5 19150133 19150133 0
21 918 rs2839584 44236622 1 7.004752033935694e-5 44236622 44269654 33032
21 1003 rs13051923 47489546 1 6.422111057834781e-5 47489546 47489546 0
21 53 rs2823307 16865946 1 6.231678206929125e-5 16865946 16865946 0
21 69 rs10048876 17817942 1 -5.992842602981754e-5 17815037 17817942 2905
21 1007 rs2249060 47773177 1 -5.5614250033161635e-5 47739146 47786524 47378
21 936 rs17004553 44872454 1 -5.448085273699225e-5 44872454 44873795 1341
21 312 rs2829337 26134220 1 -5.27408759217985e-5 26134220 26134220 0
21 795 rs2210268 41763258 1 5.008131304365012e-5 41763258 41765109 1851
21 745 rs2836902 40499467 1 4.4835346087335006e-5 40499166 40499467 301
21 319 rs4816995 26362354 1 -4.4532876049978945e-5 26362354 26362354 0
21 985 rs13047971 46778772 2 3.8182960884067946e-5 46778772 46780249 1477
21 676 rs62223645 38528987 1 -3.399360214162727e-5 38444881 38528987 84106
21 891 rs3788005 43702023 1 -3.108049176049313e-5 43699096 43702023 2927
21 706 rs2836281 39654166 6 -3.01839370817885e-5 39635549 39656505 20956
21 81 rs9979078 18347660 1 -2.05415941490838e-5 18347660 18347660 0
21 963 rs464504 45998768 1 1.8063658940156843e-5 45998768 45998768 0
21 577 rs2834351 35397502 1 -1.6741673691911093e-5 35390852 35397502 6650
21 678 rs7276515 38703319 1 1.5570468396082752e-5 38703319 38703319 0
21 293 rs2828789 25441375 1 1.4723387996026458e-5 25441375 25441897 522
21 729 rs2836720 40243237 2 1.1196130365677149e-5 40237762 40243924 6162
21 941 rs4566449 45219524 1 -1.0111732901415958e-5 45209559 45226304 16745
21 323 rs7282388 26535513 1 7.299801491821962e-6 26535513 26550364 14851
21 16 rs2205253 15725162 1 5.947946595867619e-6 15719063 15725868 6805
21 229 rs1735934 23073684 1 3.9557497804027504e-6 23053546 23101812 48266
21 986 rs4819077 46792424 4 -3.669409169230922e-6 46788299 46797389 9090
21 427 rs2831985 30097505 1 3.513206646483233e-6 30095754 30104861 9107
21 411 rs2831314 29360990 1 8.381572801184487e-7 29324934 29362621 37687
