CHR Group SNP.lead BP.lead Size W BP.min BP.max BP.width
19 567 rs3745516 50926742 2 0.1706622491745922 50926742 50926742 0
19 160 rs2304256 10475652 2 0.08922926679509458 10469975 10546771 76796
19 591 rs273634 51718837 2 0.05859304352684871 51718837 51738920 20083
19 566 rs1726801 50905074 2 0.0515237834092835 50855935 50905074 49139
19 241 rs8109466 17207011 3 0.04816540802346594 17148156 17212992 64836
19 361 rs10411210 33532300 8 0.0408324641798928 33532300 33630693 98393
19 60 rs243335 4402017 2 0.03938805219840978 4353174 4433412 80238
19 602 rs7260152 52160305 5 0.03577743688731458 52155449 52186517 31068
19 18 rs10417628 2251817 1 0.03228842529379927 2251817 2251817 0
19 449 rs61750953 41306650 5 0.03212445020224901 41274713 41324684 49971
19 383 rs8191371 34868776 1 0.03097283330951505 34833079 34985466 152387
19 303 rs12985572 28769462 5 0.03074490647979961 28718660 28817506 98846
19 215 rs116923487 15133803 6 0.02897684844908797 15131668 15143453 11785
19 243 rs2305767 17294296 2 0.02715908745274913 17283303 17306074 22771
19 663 rs17305311 54705641 3 0.02660641290427519 54705641 54707822 2181
19 435 rs1865093 39936134 4 0.02412170937486932 39913558 40000075 86517
19 398 rs11084813 35923858 2 0.02411465742129477 35897918 35923858 25940
19 522 rs12461639 48172671 6 0.02379249224889536 48128710 48198675 69965
19 85 rs778805 5832209 4 0.02378290922010969 5822490 5839746 17256
19 230 rs12710303 16282131 10 0.02370059064823718 16282131 16352403 70272
