CHR Group SNP.lead BP.lead Size W BP.min BP.max BP.width
19 92 rs3745516 50926742 8 0.21981891255321473 50699504 51040416 340912
19 32 rs2304256 10475652 20 0.11967182891487936 10219076 10608064 388988
19 48 rs3761041 18183917 16 0.07581805997280501 18038782 18454825 416043
19 45 rs8109466 17207011 10 0.07403760331267023 17108127 17469382 361255
19 98 rs273634 51718837 6 0.05940184004758209 51676299 51894738 218439
19 68 rs11084813 35923858 17 0.0542634471580608 35868773 36324324 455551
19 43 rs12710303 16282131 9 0.04915102622935891 16282131 16797415 515284
19 74 rs61750953 41306650 14 0.04852631400951696 41012190 41675162 662972
19 41 rs8110002 15963695 26 0.04596782522308039 15235879 16072037 836158
19 50 rs892035 19758190 21 0.04167541374612973 19136541 20488698 1352157
19 70 rs8102476 38735613 17 0.041077068661693 38478465 38983180 504715
19 14 rs243335 4402017 11 0.04093498753110943 4353174 4735663 382489
19 69 rs62109744 36546015 35 0.04051972074280788 36442117 38411090 1968973
19 33 rs4804148 11270867 22 0.0404536257846142 10668452 11417200 748748
19 12 rs45465594 3813906 2 0.03812710877630165 3813906 4147445 333539
19 85 rs12461639 48172671 13 0.03661838079104782 47549791 48198675 648884
19 25 rs72558007 7762440 9 0.03636097857122034 7758339 8106521 348182
19 62 rs7259371 33534641 13 0.0356149221396954 33532300 33760339 228039
19 53 rs811020 28393499 21 0.03488306462449081 23556852 28903629 5346777
19 63 rs16967952 33795241 14 0.03457008404655298 33791127 34177770 386643
19 99 rs7260152 52160305 15 0.03181814496485742 51907788 52204942 297154
19 122 rs1051500 58944402 6 0.03093101699888485 58547449 59069353 521904
19 6 rs10417628 2251817 5 0.02951962055070298 2113518 2438884 325366
19 18 rs778805 5832209 5 0.02898899708911452 5822490 6187800 365310
19 73 rs4490099 40731491 18 0.02851643926378437 40188968 40952148 763180
19 79 rs8108277 45205877 4 0.02771618845335779 45048323 45205877 157554
19 100 rs324125 52887282 23 0.02675724159978592 52246157 52887603 641446
19 109 rs17305311 54705641 7 0.02646584282520151 54545531 54797848 252317
19 57 rs77238711 31039669 8 0.02615963196942869 30625513 31057349 431836
19 101 rs3745101 53085813 9 0.02519259374251707 52928039 53233273 305234
19 72 rs10407035 39913634 7 0.02355339727170134 39761790 40169328 407538
19 65 rs8191371 34868776 5 0.02336536008299276 34833079 35298961 465882
19 107 rs9749510 54281322 2 -0.02310368698324309 54276241 54332061 55820
19 8 rs61754927 2917509 5 0.02268907104995124 2833431 2977638 144207
19 88 rs16982241 49202859 15 0.02169705330112167 48715269 49252989 537720
19 80 rs4803766 45371168 17 0.02121492641132243 45296806 45604163 307357
19 29 rs61732905 9070264 22 0.02033930289297318 8921033 9237542 316509
19 64 rs7256463 34366393 9 0.02009487156822796 34231542 34610341 378799
19 78 rs16976937 44470147 20 0.01924205236726786 44172188 45029208 857020
19 21 rs344560 6665020 4 -0.01895819493596842 6617161 6788907 171746
19 120 rs10403926 57588298 20 0.01876378056553272 57524031 57909872 385841
19 95 rs2659122 51363026 10 0.01778680645702938 51361315 51446530 85215
19 67 rs2853332 35746706 6 0.01715861718247745 35615995 35794775 178780
19 61 rs7253538 32834547 28 0.01712039617751921 32595038 33468067 873029
19 38 rs11670064 14447600 9 0.01695647419699032 13993457 14450812 457355
19 75 rs1800472 41847860 4 0.01619352253375107 41767987 42091163 323176
19 81 rs3745818 46095651 7 -0.0159563554543682 45767214 46141845 374631
19 23 rs7254060 7283414 5 0.0138891975194617 7167715 7298095 130380
19 87 rs251688 48600816 12 -0.01313042909084637 48518417 48678148 159731
19 7 rs4334421 2580057 2 0.01293122506826781 2514565 2668611 154046
19 59 rs56688754 31906847 23 0.01287775082979968 31401756 32053745 651989
19 76 rs10413359 42271006 6 -0.01283595612269178 42147477 43198035 1050558
19 17 rs1129046 5654449 6 0.01244703771806319 5393748 5663920 270172
19 106 rs4803150 54109807 4 -0.0119220138434546 54107677 54222824 115147
19 40 rs116923487 15133803 15 0.0117973566019372 14910321 15174953 264632
19 11 rs1985358 3729042 3 0.01179656639394917 3592730 3806837 214107
19 113 rs1058511 55859439 8 0.01163450381312685 55739515 56058737 319222
19 54 rs17716170 29489843 17 -0.01131335271835218 28948389 29762562 814173
19 30 rs2303100 9968434 5 0.0110844370332945 9289039 10017135 728096
19 24 rs7250572 7567757 6 -0.01107724885265752 7448832 7624391 175559
19 34 rs624899 11612498 2 0.01065284381211159 11502291 11651810 149519
19 86 rs12979616 48350011 9 0.01055420448195606 48263635 48472474 208839
19 66 rs1687983 35568212 8 0.01040057829666018 35357338 35570307 212969
19 112 rs890871 55672055 7 0.01029998991553145 55497843 55710074 212231
19 115 rs306481 56487603 13 0.01019414352742477 56369189 56571547 202358
19 110 rs35336528 54968038 9 0.00915514969341888 54849481 55159164 309683
19 28 rs7249094 8672000 5 0.00898854024360097 8633943 8808942 174999
19 1 rs8108922 691025 4 0.00873911136566595 682010 765568 83558
19 51 rs2081188 21388995 19 -0.00850097788116131 20731545 22036167 1304622
19 91 rs10418141 50360046 14 -0.00826593320344817 49948612 50563899 615287
19 97 rs2691273 51596136 2 0.00786400091713914 51561023 51628529 67506
19 26 rs8111372 8170591 7 0.00675761591133405 8136398 8242511 106113
19 108 rs10420331 54469068 3 0.00625059116307544 54390121 54486773 96652
19 103 rs6509701 53384185 1 -0.00574627561279139 53374907 53484360 109453
19 20 rs422981 6556778 3 0.00560507112558406 6520490 6588267 67777
19 84 rs425105 47208481 5 -0.00549816146790314 47207654 47455315 247661
19 117 rs3760849 56953585 8 0.00536661648970535 56765460 57126728 361268
19 52 rs16999232 22797775 11 0.00519789449031558 22062158 23408129 1345971
19 102 rs7252166 53293834 1 0.00508098698483495 53278953 53293834 14881
19 71 rs879689 39650830 12 0.00506500556832846 38996990 39743165 746175
19 121 rs2375145 58401342 18 0.0046250938990663 57955244 58518534 563290
19 37 rs346144 13834082 3 -0.00444587128516181 13581369 13951830 370461
19 31 rs889125 10120571 2 0.00436225669887866 10050184 10160578 110394
19 90 rs352823 49759494 8 -0.00430188537159573 49571957 49899076 327119
19 36 rs4926244 13374913 6 0.00411437827375423 13374913 13563952 189039
19 111 rs1654644 55373362 7 -0.00406183656873093 55216162 55447595 231433
19 9 rs3786947 3114229 7 0.00394458986017151 3030118 3256521 226403
19 56 rs3746314 30197155 3 0.00380789142072514 30164574 30566056 401482
19 83 rs8112461 47001373 8 0.00338976398955043 46797830 47104226 306396
19 58 rs10420813 31354223 8 0.00330220416528397 31099589 31370794 271205
19 94 rs919276 51231068 9 -0.00317206750890579 51231068 51323676 92608
19 82 rs8112309 46562773 8 -0.0031466254844273 46149886 46743245 593359
19 118 rs10425564 57312980 11 0.00300159451666975 57162288 57419586 257298
19 5 rs17684904 1933930 4 -0.00287723967284961 1926027 2039727 113700
19 39 rs2732796 14844775 10 0.00287306828658472 14494473 14854338 359865
19 42 rs8110325 16176940 3 0.00282332143149583 16116583 16245267 128684
19 104 rs1045764 53611473 9 0.00279308466085324 53554075 53793574 239499
19 15 rs12979279 4764306 5 0.00247098679819228 4742465 4900684 158219
19 49 rs10330 19017862 2 0.00220410621104898 18707048 19017862 310814
19 4 rs4426464 1765297 1 0.00215137043871536 1744203 1773999 29796
19 2 rs2072283 1116117 1 0.00208118212669887 844020 1116117 272097
19 89 rs11541192 49377424 5 -0.00205193289738342 49294862 49447713 152851
19 19 rs7253395 6401588 2 0.00186645005317191 6205825 6468907 263082
19 3 rs1875960 1537467 2 0.0018582674001881 1370526 1630341 259815
19 119 rs7258452 57447994 2 -0.0018450643903831 57433407 57485951 52544
19 47 rs3761055 17835831 4 0.00177073470703246 17768818 17927041 158223
19 16 rs892140 5352551 5 0.00161328921430353 4929473 5359211 429738
19 60 rs511811 32314430 4 0.00144932405135556 32183171 32501502 318331
19 0 rs2166359 342617 3 -0.00122527261180595 301619 508626 207007
19 116 rs175530 56685463 6 -9.656977713400736e-4 56583306 56745520 162214
19 27 rs3764570 8528277 8 -6.849376346033786e-4 8271721 8579011 307290
19 96 rs2569522 51455389 4 -6.785404346510203e-4 51455389 51546642 91253
19 44 rs11086039 17026448 3 -6.577230504335387e-4 16860558 17054492 193934
19 77 rs2302524 44156472 4 6.318734406365768e-4 43815568 44156472 340904
19 55 rs10411539 29972230 6 5.851680473081269e-4 29847162 30137035 289873
19 93 rs11665738 51148581 1 -5.361776867510632e-4 51073579 51159571 85992
19 13 rs888930 4288332 4 -4.934442599804757e-4 4182060 4342847 160787
19 22 rs422318 6951434 4 4.620301490858112e-4 6833777 7114213 280436
19 114 rs310436 56178559 2 4.386154697859458e-4 56134038 56332628 198590
19 46 rs76629753 17662616 3 2.5043643806025163e-4 17487620 17667970 180350
19 35 rs897811 11698757 26 -2.1376578332043053e-4 11687195 13059147 1371952
19 105 rs8104523 53829121 7 8.975617764713688e-5 53818436 54075317 256881
19 10 rs145723843 3478456 1 -1.6933961264868884e-5 3309021 3511709 202688
