CHR Group SNP.lead BP.lead Size W BP.min BP.max BP.width
14 240 rs8017161 103563195 13 0.20147352467025156 103009367 103584674 575307
14 129 rs3784099 68749927 10 0.11867313887087196 68749927 69039588 289661
14 195 rs17184313 93102251 5 0.07803954636047748 93064069 93372370 308301
14 62 rs712314 35408548 19 0.06782846917831875 34879025 35853388 974363
14 63 rs696 35871093 6 0.06276320509386811 35871093 36454851 583758
14 200 rs11621961 94769476 9 0.06187588175569238 94585064 94892438 307374
14 194 rs737522 93014672 4 0.04109601054558149 93005721 93047936 42215
14 239 rs62000389 102912150 12 0.03791522389232676 102094630 102933347 838717
14 111 rs311864 59214542 3 -0.03758828827867905 59169665 59447625 277960
14 13 rs3748366 22204911 15 0.03472657162144415 22022117 22377905 355788
14 246 rs3924892 105494262 7 0.03295581884009538 105368733 105752404 383671
14 178 rs12883250 88446876 10 0.03141698177291968 88256925 88695342 438417
14 164 rs11623789 82450632 13 0.03108836617694099 82075469 82505045 429576
14 120 rs8005319 63822521 6 0.03096119453718649 63591740 63857808 266068
14 86 rs7146952 49773025 12 0.03024689205803179 49331680 50164452 832772
14 188 rs1286083 91442779 6 0.03003077175593611 91189977 91642234 452257
14 179 rs1287662 89290630 17 0.0300165362454494 88734104 89393381 659277
14 141 rs2526896 73055107 7 0.02852749579578213 73052019 73329055 277036
14 49 rs2300835 33207522 6 0.02778749869111089 33041232 33237374 196142
14 131 rs12050161 69360631 12 0.02752064366473057 69328022 69780678 452656
14 101 rs4652 55605036 15 -0.02725797466054823 55236176 56197878 961702
14 144 rs2193596 75234101 10 0.02586335240230257 74860214 75558163 697949
14 177 rs8017892 87851097 8 0.02534870394262106 87546785 88206607 659822
14 93 rs1002132 52285373 7 0.02482096574866713 52250365 52425506 175141
14 159 rs7141420 79899454 7 0.02312266177551583 79698367 80176931 478564
14 90 rs11851025 51803928 12 -0.02291735100713824 51417886 51821239 403353
14 190 rs2202955 92118160 10 0.02262072843238301 91820372 92126827 306455
14 153 rs17811635 77573757 8 0.02214828769533636 77440979 77713146 272167
14 15 rs2178787 22604418 11 0.02166468036662525 22544393 22737591 193198
14 148 rs17783366 76543004 9 0.02072628262398818 76031313 76581121 549808
14 132 rs1275824 70194563 5 0.0203847827622161 69795199 70198189 402990
14 72 rs8005565 41097075 12 0.02000578355475321 40343703 41103660 759957
14 97 rs1424832 53702370 10 0.01951613585847925 53700341 54148442 448101
14 80 rs1367580 45644589 5 -0.01913080421880444 45289062 46079277 790215
14 47 rs11156725 32496696 10 -0.01909423781687708 32496696 32876958 380262
14 155 rs177143 78590808 8 0.0188623734095592 78390060 78608741 218681
14 77 rs2182977 44279080 21 0.0186881431895388 43367596 44535160 1167564
14 79 rs1959379 44974966 7 0.01808817529787121 44903433 45224071 320638
14 116 rs217676 62363763 7 0.01805475818242411 62065848 62375195 309347
14 189 rs1970911 91773494 8 -0.01752159016194126 91689496 91773494 83998
14 36 rs12887396 27749054 16 0.01712802392615996 27720455 28446721 726266
14 71 rs6571897 39587438 17 0.01657855948949773 39376359 40319433 943074
14 245 rs4247027 105139894 3 0.01577675873451174 105100021 105222037 122016
14 99 rs2358477 54607636 14 0.01575144479328095 54451302 55085624 634322
14 0 rs12882648 20492492 7 0.01572526865982287 20425051 20529177 104126
14 41 rs718545 30489623 5 0.01533301556412531 30230638 30524538 293900
14 187 rs1286496 91027608 4 0.01530134412777592 90983296 91183327 200031
14 193 rs10134832 92928693 8 0.01487824253421387 92849593 92959940 110347
14 48 rs1951187 32908192 5 0.01465384644857766 32903616 33033695 130079
14 225 rs2614471 99673278 7 -0.01457562539307376 99607842 99688743 80901
14 147 rs2300603 76005557 2 0.01450752425293901 75904660 76028680 124020
14 221 rs10484130 98565384 15 -0.01418678072419661 98503520 98964100 460580
14 134 rs41286548 70633411 7 0.01390698234004325 70401814 70648166 246352
14 28 rs854368 25264662 13 0.01389470902479638 25182686 25426899 244213
14 220 rs966047 98273349 10 0.01336341250144148 98273349 98498951 225602
14 156 rs918270 79018345 10 0.013322014873483 78641734 79018345 376611
14 83 rs10130720 48332395 12 -0.01293147694922998 47473866 48342605 868739
14 109 rs1535574 58140574 15 -0.0126393773872418 58054979 58446570 391591
14 123 rs2269308 65244950 18 -0.012614512149828 65230358 65649000 418642
14 12 rs7141803 21875476 4 -0.01230821263432397 21647420 21993498 346078
14 69 rs8021894 38706711 5 -0.01215097354210808 38539949 38706711 166762
14 112 rs216526 60650086 26 0.01146285370076727 59452572 60782370 1329798
14 169 rs1241906 84142036 8 0.01108852542480588 84094388 84265662 171274
14 122 rs11621026 64389502 22 0.01100619611934097 64232386 65174586 942200
14 231 rs12897601 101182284 10 0.01079634590799158 100800103 101224922 424819
14 152 rs7160583 77332408 5 -0.01067225587085833 77231722 77332408 100686
14 168 rs229776 83902685 11 0.01056970699026206 83437617 84062199 624582
14 124 rs2411915 65794692 5 0.01056796498400471 65659664 66283754 624090
14 43 rs179562 31224458 7 0.01014538754421716 30870187 31237170 366983
14 242 rs6575979 103841018 4 0.01014422454820517 103841018 104628406 787388
14 196 rs12435423 93459859 4 0.01010866051467755 93389030 93684814 295784
14 45 rs3945419 31989902 10 -0.00990735423277888 31351785 32368934 1017149
14 205 rs7147709 95480924 5 -0.00982278293841987 95422491 95523851 101360
14 135 rs12880777 70874695 5 -0.00953191606866058 70671567 71152433 480866
14 204 rs732964 95346359 6 -0.00936053595876012 95335491 95390794 55303
14 42 rs12436395 30706026 2 0.00923067215458287 30552778 30839557 286779
14 230 rs12588659 100587813 4 0.00914149303161309 100465652 100743421 277769
14 103 rs7153071 56408735 10 0.00903629232908258 56358841 56564144 205303
14 87 rs4900974 50462432 3 0.00858657557282095 50406826 50484040 77214
14 14 rs723879 22391433 3 0.00853395973685675 22381668 22483101 101433
14 33 rs10145137 26885912 1 -0.00840826318753847 26690571 26908201 217630
14 238 rs10144492 101991506 2 0.00836300826426587 101910778 101991506 80728
14 104 rs10149559 56882189 6 -0.00821019577476368 56594745 56920900 326155
14 21 rs17256141 23726814 2 0.00818238453915707 23632506 23845244 212738
14 70 rs2415482 38958967 15 0.00815687593257824 38721995 39370726 648731
14 213 rs8021984 96843590 5 -0.00814384744571682 96684959 96846092 161133
14 100 rs4898844 55122827 4 -0.00807553142167252 55122827 55211833 89006
14 17 rs12587781 22999617 3 -0.0077291036718451 22961102 23009999 48897
14 137 rs917065 71397846 3 0.00768294594185146 71352648 72183309 830661
14 241 rs2771396 103660158 3 0.00737748841423541 103617950 103811249 193299
14 130 rs1465788 69263599 11 0.0072719761555336 69060068 69273905 213837
14 88 rs7153562 51231298 6 -0.00712974617483141 50518636 51262092 743456
14 219 rs1350922 98246190 1 0.00712707071681334 98175467 98263147 87680
14 161 rs4899771 80962356 3 -0.0071261695570895 80792090 80971261 179171
14 209 rs7161223 96127082 13 -0.00710509314385598 96009307 96260801 251494
14 67 rs2682836 37356172 5 -0.00676743605341711 37288393 37442671 154278
14 145 rs741847 75722496 2 -0.00675727163024107 75709566 75782101 72535
14 167 rs7145839 83267946 8 -0.00672234795812493 83267946 83417466 149520
14 184 rs243202 90048612 2 0.00671607935393924 89983256 90066451 83195
14 39 rs7155255 29695661 4 0.00660082643295775 29203701 29896499 692798
14 75 rs1712719 43173574 1 0.00659610563481997 42731966 43173574 441608
14 127 rs10438155 67966400 7 -0.00654313514025681 67912792 67984540 71748
14 202 rs8004620 95263461 7 -0.00651747869503149 95096255 95263461 167206
14 38 rs7143032 29116116 4 -0.00648566873230827 29049457 29172829 123372
14 1 rs4981809 20652555 5 -0.0063984043667158 20568700 20694968 126268
14 125 rs6573638 66328997 4 0.00626395723014103 66294143 66475085 180942
14 175 rs1394706 86723836 8 0.00621455775244592 86722953 86995594 272641
14 119 rs10047855 63210345 6 -0.00619652383136188 63175105 63566055 390950
14 46 rs944464 32453861 2 -0.00609339752709172 32389856 32460060 70204
14 171 rs2765915 85224213 8 -0.00608503242932994 85046837 85548835 501998
14 52 rs17460823 33586563 4 0.00600922856230777 33555133 33825093 269960
14 197 rs960888 94160611 5 -0.00595293473609795 93708759 94240020 531261
14 102 rs12887389 56237212 6 -0.00591550638926101 56221073 56341221 120148
14 16 rs17255668 22747483 2 -0.00590410233861222 22741734 22930158 188424
14 34 rs1950399 27120136 5 -0.00577525402948272 26935221 27271382 336161
14 85 rs17120305 49063187 7 0.00571323067040006 49025952 49274102 248150
14 73 rs17111162 41279247 5 0.00546960602687286 41279247 41918350 639103
14 136 rs1990037 71314581 6 -0.00544825633899816 71179711 71343331 163620
14 186 rs3814848 90651033 4 -0.00528437219511689 90542118 90890278 348160
14 128 rs11158687 68204876 4 0.00517895838295987 68019608 68703741 684133
14 32 rs1956612 26436743 3 0.00509044624633022 26436743 26671662 234919
14 20 rs61745081 23564437 3 0.00506503743979303 23322613 23598976 276363
14 162 rs45541932 81744076 17 0.00501177342023617 81008723 81778644 769921
14 11 rs10146416 21519599 2 -0.00495856401235496 21519599 21629898 110299
14 108 rs268819 58032340 8 0.00489771221405048 57612996 58042753 429757
14 214 rs11847642 97153198 3 0.00483588565340106 96883969 97173569 289600
14 143 rs2336561 74288871 11 0.00479230279424474 74263752 74808105 544353
14 91 rs10147918 51898181 9 -0.00476542669181635 51838641 52044782 206141
14 223 rs1257613 99448000 3 0.00465454878023573 99147232 99474165 326933
14 149 rs11622068 76784609 6 -0.00463550507368746 76593690 76867629 273939
14 110 rs10144556 58560475 9 -0.00462978257728457 58460588 59112677 652089
14 138 rs10137011 72270801 6 -0.00457911110711434 72265949 72542119 276170
14 180 rs4904507 89577749 1 -0.00451166896144127 89417252 89577749 160497
14 26 rs7158744 24717791 10 0.00446114526986385 24653954 24852046 198092
14 18 rs970348 23069853 9 0.00438449452379317 23041656 23242828 201172
14 151 rs4142176 77039784 5 -0.0043631628063584 77039784 77225409 185625
14 2 rs8010116 20723695 8 0.00435424029879131 20712322 20863070 150748
14 247 rs4280141 107188715 2 -0.00431312686715206 107139583 107274052 134469
14 139 rs8010242 72739064 6 0.00416319410157375 72553387 72883078 329691
14 170 rs2026207 84342909 10 0.00400565367545778 84277147 85013821 736674
14 89 rs11157776 51341887 6 0.00399163360365951 51279108 51395384 116276
14 183 rs243224 89954050 1 0.00383249317085036 89910907 89954050 43143
14 201 rs12895360 95038922 8 0.00373047712424835 94910363 95089440 179077
14 105 rs4901702 57090588 2 0.00369481535940399 56972072 57122815 150743
14 60 rs1154110 34658420 1 -0.00358471588183292 34607464 34754717 147253
14 185 rs4904594 90122106 5 0.00351057224308033 90106316 90451500 345184
14 222 rs2145524 99049575 1 -0.00342387174436531 98996159 99137635 141476
14 191 rs12886909 92588192 8 -0.00335780846162939 92159558 92627138 467580
14 8 rs17308541 21210166 5 -0.00334764785627237 21203159 21265637 62478
14 117 rs1514928 62678303 6 0.00327888432869546 62435628 62678303 242675
14 98 rs7154164 54317110 9 -0.00314159953022186 54172855 54433533 260678
14 140 rs1548685 72958725 2 0.00299887740850416 72895442 73037708 142266
14 160 rs2293847 80327082 14 -0.0029482936592726 80187637 80770951 583314
14 57 rs1958058 34260635 3 0.00293832015615028 34239296 34311717 72421
14 163 rs8009171 81820060 4 -0.00284980345570503 81820060 82044026 223966
14 154 rs11622293 78203636 17 0.00283394563273747 77726516 78370261 643745
14 37 rs2224437 28990427 4 -0.00267184804594666 28473408 29007707 534299
14 181 rs8009301 89660987 1 -0.00255032193073733 89592955 89722699 129744
14 229 rs7152866 100253163 3 -0.00254387827520841 100248780 100404067 155287
14 61 rs4982171 34828738 2 -0.0025385889449283 34782336 34828738 46402
14 82 rs3007131 47320923 4 -0.00253639974660473 46777209 47447920 670711
14 94 rs10151177 52575512 10 0.00247256515953925 52433115 52670514 237399
14 226 rs11160509 99793564 2 -0.00245162410096605 99753792 99835434 81642
14 9 rs2771358 21422666 3 0.00235847497080842 21325687 21436124 110437
14 126 rs1434903 66703569 11 0.00232652890231874 66485947 67886781 1400834
14 114 rs872147 61778915 3 0.00229552899776231 61692955 61898580 205625
14 113 rs1955688 60989237 3 -0.00222509328767326 60789176 61665229 876053
14 173 rs985037 85981363 7 -0.00220141101500881 85870837 86037541 166704
14 207 rs4905315 95917231 4 0.0021525551831977 95844779 95917231 72452
14 166 rs7148115 83176013 4 -0.0021408075445001 82894760 83256589 361829
14 244 rs7147000 105007815 2 0.00212355463052966 104865071 105007815 142744
14 27 rs7144673 25152070 6 -0.00202964863020051 24883630 25162082 278452
14 24 rs8003627 24410092 3 -0.00201327258305175 24247710 24423007 175297
14 53 rs10148795 33845322 1 0.00200787313585562 33845322 33920274 74952
14 81 rs1266300 46227824 4 -0.00198071721404798 46091372 46738855 647483
14 212 rs12888576 96611391 2 0.0019473719607436 96574434 96661993 87559
14 68 rs177899 38139214 13 -0.00194276231289766 37449287 38438536 989249
14 23 rs7142207 24164243 1 0.00191700866767008 24117528 24202501 84973
14 157 rs11629205 79156785 6 0.00184886666571174 79029834 79226876 197042
14 158 rs149088 79390145 4 -0.00177268549719366 79384718 79661327 276609
14 224 rs2988105 99575709 8 0.00167599963406094 99479669 99582467 102798
14 30 rs11844629 26021281 5 -0.00165411488602819 25631999 26024780 392781
14 54 rs17499486 33990825 4 -0.0016192997251442 33937784 34030244 92460
14 228 rs12435918 100170895 2 -0.00160853526303489 100057672 100209154 151482
14 215 rs10145396 97255679 10 0.00148442867155133 97181785 97565056 383271
14 172 rs10149105 85615940 6 0.0014787008459472 85569284 85809911 240627
14 216 rs10131135 97717525 7 0.00141150089072178 97580724 97745959 165235
14 40 rs17115183 30137407 3 0.00135380416599829 29916912 30137407 220495
14 50 rs17099578 33285857 1 0.00125291970961907 33271488 33386759 115271
14 5 rs8011671 21020554 4 0.00115503685757363 20971784 21024786 53002
14 203 rs4418997 95281941 2 -0.00115464377368623 95273595 95317154 43559
14 84 rs2792572 48674062 9 0.00113562045955122 48356630 48999279 642649
14 176 rs1420813 87476592 9 0.00113190253655525 87039711 87494360 454649
14 133 rs1079903 70365001 5 0.00111826078822747 70226487 70366437 139950
14 198 rs1950968 94267113 9 -9.71338590263762e-4 94264690 94378321 113631
14 236 rs8013718 101689506 2 8.927507107139305e-4 101653358 101710360 57002
14 58 rs1026885 34428218 2 -8.760248832871739e-4 34401104 34431277 30173
14 31 rs17212261 26364940 3 -8.390236818779068e-4 26150510 26364940 214430
14 66 rs2764962 37228220 6 8.237412901513476e-4 37150160 37278964 128804
14 7 rs750142 21130632 1 7.986933008549406e-4 21130632 21189672 59040
14 182 rs4904551 89808740 4 -7.945690411841032e-4 89748882 89889586 140704
14 3 rs1953225 20897676 2 7.566862907943544e-4 20876189 20920250 44061
14 78 rs10220539 44586864 3 7.322551719170154e-4 44566484 44862795 296311
14 142 rs11158986 73358945 9 -7.042791251087649e-4 73335169 74250126 914957
14 22 rs8015781 23938813 2 6.494149935240426e-4 23861811 24017278 155467
14 174 rs10142730 86254416 8 -5.744759474241099e-4 86064367 86634681 570314
14 65 rs2073241 37128936 6 5.504442517662693e-4 36888567 37128936 240369
14 74 rs1957863 42302552 13 5.292824562347243e-4 41934289 42710883 776594
14 235 rs10144079 101639874 2 -5.227228817920374e-4 101585205 101639874 54669
14 107 rs7142995 57375058 7 -4.975025900947408e-4 57204584 57598022 393438
14 206 rs3742332 95645872 5 -4.427477275746076e-4 95645872 95823870 177998
14 64 rs12146978 36837037 2 4.269441145428753e-4 36469009 36843139 374130
14 56 rs944086 34177627 2 -4.0798841044120096e-4 34170982 34224530 53548
14 95 rs3783449 53154350 9 -3.814217795009029e-4 52700209 53154350 454141
14 233 rs17172 101429659 1 3.7838984525535787e-4 101349454 101459060 109606
14 35 rs4983213 27485187 1 -3.756475826121838e-4 27293442 27705881 412439
14 55 rs7141612 34140885 2 -3.7486422926053713e-4 34040582 34159969 119387
14 217 rs2781407 97959474 1 3.73065079907416e-4 97781834 97959474 177640
14 59 rs980464 34568993 3 3.6057351794470806e-4 34467340 34575688 108348
14 115 rs1957895 61908332 4 -3.2308681598586415e-4 61908332 62021879 113547
14 192 rs4904847 92718046 1 -2.5623784022152184e-4 92656568 92824871 168303
14 150 rs3813545 76967305 5 -2.2306666022902516e-4 76897213 76967305 70092
14 199 rs748762 94565150 1 -2.0393982490769235e-4 94432783 94572431 139648
14 118 rs2046811 63047648 15 -1.787466745978225e-4 62718847 63159182 440335
14 165 rs17116351 82580335 1 -1.090766089095675e-4 82542096 82857376 315280
14 19 rs1042704 23312594 1 9.062273299476814e-5 23259699 23313633 53934
14 6 rs17308457 21078596 2 6.352634616925564e-5 21051075 21109726 58651
14 96 rs17125944 53400629 7 4.490036194240406e-5 53196348 53690253 493905
14 232 rs8012953 101323211 1 -1.1675506156323136e-6 101275683 101323211 47528
14 92 rs11621312 52214983 1 -8.86792969157738e-7 52077089 52214983 137894
