CHR Group SNP.lead BP.lead Size W BP.min BP.max BP.width
18 1703 rs1790588 67535184 4 0.04163118303447644 67529014 67541588 12574
18 1440 rs17773430 57963117 3 0.0171760720015723 57962862 57963117 255
18 818 rs1540043 33691313 2 0.01454316224683423 33691313 33725931 34618
18 965 rs1835499 40335882 3 0.01425794618267516 40335882 40409146 73264
18 89 rs11665524 2978535 1 0.0138579491369731 2951876 2978535 26659
18 436 rs1893217 12809340 2 -0.01328765451669596 12797694 12817815 20121
18 274 rs1441002 7887531 1 -0.01233234152109806 7871278 7887531 16253
18 834 rs61735998 34289285 1 0.01144744217379334 34267997 34289285 21288
18 406 rs8088825 11512551 1 -0.01061099657785151 11512551 11512551 0
18 1587 rs12455246 63498880 1 0.01043092316798093 63485124 63498880 13756
18 661 rs8088478 26413621 2 0.0104042664001149 26362917 26481132 118215
18 1374 rs7238217 56227820 1 0.01029183687519755 56227820 56227820 0
18 1380 rs1059442 56416693 1 0.00992503107641731 56350532 56424837 74305
18 527 rs1565082 21692286 2 -0.00973588850796734 21689394 21702106 12712
18 1137 rs2000813 47093864 2 0.00967940184504545 47093864 47109955 16091
18 1408 rs17769526 57047921 2 -0.00936030344903891 57040920 57056907 15987
18 1397 rs17835556 56818766 2 0.00917065652421019 56817062 56826850 9788
18 145 rs8085726 4370882 1 0.00857793617758196 4370882 4376022 5140
18 1686 rs2364201 67088062 1 0.0084597855154093 67086620 67088062 1442
18 509 rs2278452 20774097 1 0.00823243999344191 20774097 20774097 0
18 1943 rs9951586 74857318 1 -0.00810567978323322 74848698 74857974 9276
18 1294 rs9945732 53593297 2 -0.00809691599543886 53577346 53606519 29173
18 974 rs555267 40992698 1 -0.00804883321111664 40992698 41052235 59537
18 682 rs9807803 27454863 3 -0.00796711769715734 27448256 27491494 43238
18 1384 rs7228600 56508351 2 0.00792089830235332 56508351 56518513 10162
18 1446 rs500817 58154350 1 -0.00765021487319107 58152634 58156977 4343
18 105 rs1785272 3314310 2 0.00760216004815355 3314310 3319915 5605
18 1600 rs8097294 63964551 1 -0.00750431242742016 63959330 63971905 12575
18 1746 rs649809 69160304 1 0.00730345055976534 69153026 69167172 14146
18 456 rs3859299 13462726 2 0.00714487370482196 13462726 13462726 0
18 405 rs7239176 11452145 1 0.00710751151504925 11452145 11486228 34083
18 513 rs2878879 20940588 2 -0.00701108530918164 20921129 20970706 49577
18 1896 rs7228334 73500233 1 0.00691501334430649 73500233 73508800 8567
18 1661 rs17078903 65982452 1 0.00677382602277455 65982452 65982452 0
18 529 rs35693789 21747400 1 0.00664267704891822 21747400 21749615 2215
18 1367 rs4309483 56085917 1 0.00658204130780819 56085917 56085917 0
18 310 rs4798712 8890011 1 0.00656310082012215 8876666 8897322 20656
18 1924 rs4365382 74356391 2 -0.00646975866614205 74351381 74356391 5010
18 1518 rs1005793 60890160 1 -0.00629975769528543 60890160 60892362 2202
18 381 rs12608436 10797856 3 0.00629062018553548 10784331 10809196 24865
18 1680 rs17080654 66898945 3 -0.00609562447915031 66898157 66935648 37491
18 430 rs2096847 12415136 2 0.00592867766333532 12415136 12415136 0
18 1332 rs12958967 55315959 2 0.00586797403788058 55315959 55326760 10801
18 1660 rs17078836 65950029 1 0.00582029856719033 65942408 65960802 18394
18 2026 rs497785 76747412 1 -0.00548549224138328 76741423 76754549 13126
18 806 rs1241077 33133859 2 -0.00544970173022776 33125529 33135111 9582
18 1771 rs4572503 69935826 2 0.00538953004753835 69908670 69935826 27156
18 824 rs2000662 33966135 1 -0.00505667415502393 33955044 33989375 34331
18 1373 rs17065127 56202231 1 0.00493705189244115 56198007 56205551 7544
18 305 rs55676538 8819246 1 0.00490405950301894 8815867 8819246 3379
18 42 rs8090522 1542523 3 0.00490059098918386 1512430 1567186 54756
18 189 rs7242770 5647875 1 0.00486348572733779 5646904 5655381 8477
18 1637 rs2448731 65376601 3 0.0048240171988362 65376601 65404933 28332
18 863 rs16969543 35602386 1 -0.00476902675945801 35584240 35614071 29831
18 521 rs1154232 21511034 2 0.00468291196358183 21496166 21515189 19023
18 1368 rs9319929 56115825 2 -0.00467089910060139 56101171 56118999 17828
18 246 rs8088532 7082526 1 0.00458348017654884 7076464 7082526 6062
18 1106 rs937019 45981769 3 0.00441806659009293 45981769 45994812 13043
18 1375 rs79863383 56246818 3 0.00435138765126314 56234031 56247976 13945
18 1107 rs12454113 46044052 1 0.00434352734574987 46044052 46044052 0
18 1485 rs567629 59641926 1 0.00430863092616395 59631654 59645371 13717
18 1023 rs10502868 43153949 1 0.00407725388551352 43149243 43153949 4706
18 2027 rs503501 76813245 3 -0.00391461353270908 76806843 76824045 17202
18 1095 rs1124349 45718309 1 -0.00382926219267152 45718309 45718309 0
18 723 rs8094212 29034304 2 0.00377839729515946 29033481 29038536 5055
18 558 rs8086988 22510457 1 -0.00353137382853423 22510457 22510457 0
18 765 rs1457880 31051882 1 -0.00344279303560977 31040071 31051882 11811
18 998 rs647155 42449305 3 -0.00335003561688706 42428724 42458434 29710
18 199 rs8088340 5836382 1 0.00332213075173368 5836382 5836382 0
18 6 rs618671 362199 2 -0.00330329104810458 362199 362199 0
18 821 rs1057251 33848581 1 0.00324783133352939 33841001 33852617 11616
18 1449 rs614729 58229212 3 -0.00324348168803266 58214288 58229503 15215
18 325 rs16955101 9429811 1 0.00323716902413246 9429811 9429811 0
18 1349 rs4528665 55715670 1 -0.00309941729218431 55709155 55723545 14390
18 1165 rs12959102 47786639 3 -0.00303902375240059 47763296 47802971 39675
18 491 rs1465501 19814796 5 0.00292588094693396 19786854 19823874 37020
18 1594 rs2715335 63671513 1 0.00291728329925545 63671513 63671513 0
18 1436 rs17066582 57768527 2 -0.00289798216656672 57732689 57793209 60520
18 955 rs7229024 39948375 1 0.00285346718609838 39936781 39954132 17351
18 361 rs12454438 10384633 1 -0.00281436562657633 10378142 10385097 6955
18 220 rs7233982 6574508 1 -0.00280008939808863 6574508 6574508 0
18 41 rs177953 1495271 1 -0.00277625630940816 1487818 1495271 7453
18 1738 rs17083850 68848130 2 0.00276710620671801 68842243 68848130 5887
18 677 rs6508610 27217230 3 0.00275558865417463 27205055 27223970 18915
18 2013 rs2931024 76502001 1 -0.00274776743152316 76502001 76502001 0
18 689 rs4420605 27907683 4 0.00274645004314029 27843203 27909598 66395
18 773 rs2000677 31338906 2 -0.00273761888169015 31320229 31374094 53865
18 722 rs8085523 29027757 1 -0.00272943633263324 29018114 29029768 11654
18 1074 rs4939797 45033486 2 0.00271988258186403 45025095 45034007 8912
18 1360 rs17064520 55909630 1 -0.00265540798467543 55906899 55912423 5524
18 515 rs11663645 21067076 1 0.00264130854559756 21067076 21068118 1042
18 1528 rs4261645 61239806 4 -0.00261415787496345 61183511 61246975 63464
18 1854 rs1573486 71955979 3 0.00256945708568893 71955979 71978495 22516
18 512 rs7238618 20913598 1 0.00253424275952535 20895049 20915791 20742
18 1265 rs17470798 51858197 2 -0.00253395702816596 51795329 51915449 120120
18 1869 rs522009 72394849 1 -0.00246596531430568 72394849 72414096 19247
18 857 rs8092743 35279922 2 -0.00245332757053122 35272360 35279922 7562
18 1403 rs10221422 56918480 1 -0.00244807305690637 56906961 56918480 11519
18 1530 rs6567383 61375683 1 0.00242644805691358 61364844 61387389 22545
18 607 rs470841 24286681 1 -0.00241246256357567 24286162 24294995 8833
18 1264 rs588705 51763722 1 0.00237474773704983 51763722 51773841 10119
18 136 rs1543229 4130516 1 0.00237129695559695 4130516 4130516 0
18 237 rs658121 6977044 2 -0.00236846322484833 6977044 6978770 1726
18 454 rs16940509 13431471 1 -0.00236272848115372 13431471 13434152 2681
18 554 rs6508330 22379964 1 0.00232115829355429 22379964 22408567 28603
18 203 rs6506355 5971493 1 0.00231796463590608 5971039 5973728 2689
18 1512 rs6567313 60702324 1 0.0022796436467171 60693026 60702324 9298
18 514 rs12456583 20999696 5 0.00227286910300849 20996401 21058967 62566
18 1422 rs1788897 57419473 1 0.00226903916005894 57398775 57419473 20698
18 690 rs8098127 27913203 4 0.00224881039672995 27913203 27935931 22728
18 414 rs787554 11862697 1 0.00222454339879101 11862697 11862697 0
18 861 rs12970162 35562926 2 0.00222077080252145 35557827 35562926 5099
18 701 rs1970694 28283411 3 0.00217310008153395 28263619 28283411 19792
18 1705 rs283765 67747484 1 -0.00216247751373262 67747484 67847323 99839
18 740 rs168058 29621938 2 -0.00213052792625694 29621938 29625685 3747
18 1103 rs1038670 45898195 3 0.00209338562649132 45888124 45898195 10071
18 1895 rs6565823 73486030 1 -0.00208750712577881 73486030 73486030 0
18 1049 rs732109 44135050 1 -0.00200767823542391 44135050 44135050 0
18 1989 rs953845 75967549 2 0.0019734443908559 75954881 75967549 12668
18 344 rs29132 9944960 1 -0.00196334196112949 9942075 9952670 10595
18 1858 rs1256723 72069279 3 0.00196296632646819 72067682 72073178 5496
18 464 rs3760533 13760290 1 0.00195525670473454 13745167 13780084 34917
18 1248 rs1431183 50822084 3 0.00194622662760586 50792090 50824005 31915
18 1321 rs8087849 54977324 1 -0.00193896875629441 54976972 54986641 9669
18 121 rs12457197 3680476 2 0.00192453468847821 3678632 3680476 1844
18 116 rs8083633 3522006 1 0.00191658700487658 3522006 3522006 0
18 942 rs1115001 39406192 1 -0.00191050473025365 39406192 39408516 2324
18 829 rs1390431 34119428 5 -0.00190596744466293 34098851 34120008 21157
18 1695 rs4891369 67321165 1 -0.00190306299859224 67319566 67323641 4075
18 30 rs1720464 1013959 1 -0.00189181771030013 968021 1013959 45938
18 1811 rs6566715 70986258 1 0.0018877091321671 70984900 70986258 1358
18 458 rs1940916 13510974 1 0.0018802747603371 13510974 13512266 1292
18 918 rs1436997 38288514 1 -0.0018802386100648 38288249 38335303 47054
18 1462 rs9950956 58879662 1 -0.00185299913655536 58855021 58880641 25620
18 478 rs785989 14902902 1 0.00180541619751644 14791236 14902902 111666
18 1820 rs1942788 71095826 2 0.00180007909081231 71095012 71108653 13641
18 335 rs7228240 9729894 2 0.00179875729595847 9725787 9732627 6840
18 1338 rs2850243 55453784 1 0.00177348871006279 55453784 55453784 0
18 1670 rs9963985 66407942 1 0.00175586813077521 66407942 66408427 485
18 943 rs987380 39448009 1 0.00172662504067071 39428052 39448009 19957
18 74 rs2139661 2460332 1 0.00171230643267527 2460332 2463095 2763
18 594 rs9955678 23759474 3 0.00170698492287339 23716903 23776435 59532
18 1674 rs745894 66542006 1 -0.00168462734900769 66513615 66542006 28391
18 411 rs16976596 11696613 2 0.00167207664654452 11696613 11696613 0
18 339 rs8082842 9814778 1 0.00166590514628983 9814778 9816653 1875
18 620 rs16943374 24761768 2 -0.00165915824013769 24713270 24761768 48498
18 1521 rs2850761 60966397 1 0.0016504664519501 60966397 60966397 0
18 1473 rs9945515 59291851 3 0.00164876930309761 59287860 59296381 8521
18 1964 rs11151064 75262263 1 -0.00163912476770962 75262263 75262263 0
18 739 rs12606084 29558592 1 0.00163655110557482 29551711 29558592 6881
18 1664 rs17078976 66040483 1 -0.00163650016689887 66040483 66055389 14906
18 1382 rs4940757 56461646 1 -0.00163414090797111 56457396 56461646 4250
18 613 rs10502479 24489222 2 -0.00156221655455539 24489062 24498807 9745
18 807 rs7240151 33222545 1 -0.00156084355599129 33187340 33222545 35205
18 360 rs206605 10335737 1 0.00155927687252184 10335737 10335737 0
18 1990 rs1505135 75982660 1 -0.00155560108810897 75982660 75988841 6181
18 1222 rs9951523 49867224 1 0.00155033039257234 49867224 49892325 25101
18 1110 rs3786180 46150975 2 0.00152730778282837 46142862 46150975 8113
18 435 rs888265 12750499 1 -0.00151456119566366 12747012 12750499 3487
18 737 rs11660777 29426669 1 0.00151115227163171 29413405 29432624 19219
18 1185 rs6508036 48359730 1 0.00149940505894275 48359730 48382668 22938
18 1906 rs17058811 73785500 1 0.00146795815068818 73782636 73785500 2864
18 1245 rs9945776 50617497 1 -0.00144482400203288 50617175 50643812 26637
18 1517 rs8098848 60857793 1 -0.00143797623230787 60857793 60860246 2453
18 938 rs16975117 39229518 1 -0.00143162862801221 39187170 39240054 52884
18 877 rs2033103 36097882 1 -0.00140721144610671 36083127 36102946 19819
18 1718 rs17082769 68204223 2 0.00139194997584451 68199224 68215453 16229
18 168 rs599322 5148001 3 0.00138676136739083 5145389 5152737 7348
18 1631 rs12954737 65220234 2 -0.00138161452727361 65220234 65242699 22465
18 1052 rs34589386 44157764 1 0.00137220159723224 44157764 44170452 12688
18 1884 rs12458682 73097909 1 0.00136679354328451 73097909 73097909 0
18 1638 rs8083791 65445674 1 -0.00136348106952144 65421671 65451083 29412
18 156 rs8086761 4812752 1 0.00136343014309424 4809233 4824346 15113
18 473 rs10513904 14023754 3 0.00135292450606604 14019830 14027616 7786
18 1909 rs1030567 73851672 2 -0.00135262722554387 73849753 73857171 7418
18 1495 rs6567272 60027171 5 -0.00133667080711518 60027171 60028655 1484
18 1701 rs949272 67466526 2 -0.00133487811705737 67451522 67469275 17753
18 1843 rs4552099 71610943 1 0.00132692915956503 71610943 71626962 16019
18 270 rs94312 7806492 1 -0.00132021872054886 7806492 7806492 0
18 14 rs2621167 458662 1 -0.00131250804261983 458662 458662 0
18 1941 rs966782 74772891 1 0.00130736366275736 74772891 74772891 0
18 1582 rs13380899 63271502 1 -0.0013011711653055 63240014 63275241 35227
18 1501 rs11152344 60111781 1 0.00128865077109825 60111781 60114270 2489
18 309 rs668620 8864811 1 0.00127793995654914 8864811 8869780 4969
18 1742 rs2597831 68997002 1 0.0012767200270846 68997002 69033385 36383
18 775 rs1493917 31392833 2 -0.0012759078997348 31392833 31392833 0
18 1761 rs9957008 69633468 1 0.00122330918115329 69633468 69640030 6562
18 1181 rs17805042 48324575 1 0.0012223696543886 48290668 48324575 33907
18 747 rs7237501 29919836 1 0.00120813441732851 29915261 29930576 15315
18 331 rs676629 9648130 2 -0.00119121619565714 9648130 9648419 289
18 31 rs789029 1053252 2 0.00117040245851321 1050812 1053252 2440
18 864 rs8090179 35626522 2 -0.00114617601122829 35623399 35661719 38320
18 1844 rs2850492 71680332 1 -0.00113465977671337 71671333 71680332 8999
18 1213 rs10048311 49500742 2 -0.00112366486209375 49500742 49524506 23764
18 987 rs3819128 41795393 1 0.00111426752967376 41793595 41796551 2956
18 479 rs786045 14949001 1 0.0011032892050488 14949001 14978677 29676
18 1162 rs6507965 47662494 1 0.00109085494764726 47641401 47678905 37504
18 948 rs623931 39724275 2 0.00108513957069289 39724275 39754490 30215
18 1092 rs8091725 45660778 1 -0.00107256265113903 45659367 45660778 1411
18 353 rs12954327 10199279 1 0.00106953362073519 10199279 10199279 0
18 865 rs17536346 35667915 1 -0.0010641409775204 35664687 35701204 36517
18 1493 rs9960450 60016875 1 0.00105826275587794 60014463 60016875 2412
18 1529 rs611263 61290257 2 -0.00105711645839741 61260510 61294936 34426
18 338 rs7238421 9785042 2 -0.00105135670198451 9785042 9787464 2422
18 288 rs12607517 8436239 1 0.00104188029016152 8436239 8439366 3127
18 135 rs7505745 4099242 2 -0.00103434136326992 4099242 4099242 0
18 1310 rs7233847 54451284 1 0.00102715047022189 54419696 54451284 31588
18 1407 rs9948716 56982982 1 0.00102496057527204 56982982 57032653 49671
18 1173 rs10502909 48130532 1 0.00102431411930199 48108003 48130532 22529
18 49 rs7227078 1804120 1 0.00101168334744095 1800231 1804120 3889
18 451 rs16940343 13309150 2 0.00101105166954302 13308950 13326749 17799
18 321 rs9973049 9055545 1 0.00100960193791122 9055545 9055545 0
18 1740 rs4243328 68886253 1 0.00100688077783381 68873558 68908351 34793
18 79 rs770221 2534877 1 -0.00100625864156057 2533130 2555008 21878
18 1907 rs7237886 73811509 2 -0.00100556532231441 73791260 73811509 20249
18 1774 rs7237580 70015831 1 -9.990119788198372e-4 70000592 70015831 15239
18 1894 rs8087114 73444982 1 -9.92430238929485e-4 73444982 73465168 20186
18 1184 rs9948324 48349191 1 9.910687614720097e-4 48345651 48349191 3540
18 2036 rs2460386 77417934 1 -9.878224474084568e-4 77417934 77417934 0
18 1457 rs11152273 58624573 1 -9.86638230520614e-4 58589127 58624573 35446
18 624 rs2339331 24922502 2 9.853253118387185e-4 24922502 24927434 4932
18 2 rs7226677 278796 2 9.837787414823794e-4 278796 286971 8175
18 1472 rs713485 59270925 2 -9.834238204096764e-4 59260468 59279581 19113
18 1279 rs2051293 52818009 1 9.808410972687396e-4 52769637 52821124 51487
18 278 rs12965261 8218296 2 9.727525482817196e-4 8207445 8218296 10851
18 369 rs16974966 10562575 1 -9.648444297814864e-4 10562575 10562575 0
18 1383 rs8092519 56468061 4 9.598653960144736e-4 56468061 56471617 3556
18 1055 rs1606889 44214176 1 -9.548280608614429e-4 44214176 44214176 0
18 182 rs1965652 5448728 3 9.531697893023208e-4 5444240 5449746 5506
18 1307 rs645976 54243554 1 -9.52124195629181e-4 54243554 54243554 0
18 1481 rs12604169 59583446 1 9.521040032638102e-4 59574836 59583446 8610
18 1195 rs321899 48910603 2 9.520786227828576e-4 48910603 48924702 14099
18 792 rs8098687 32519272 1 -9.383574256048164e-4 32519272 32527959 8687
18 914 rs12373493 38019899 2 -9.370891602303044e-4 38019899 38024748 4849
18 437 rs3737361 12831324 1 -9.339524437170914e-4 12821593 12870038 48445
18 222 rs11081250 6640510 2 9.293242619655048e-4 6635800 6640510 4710
18 1037 rs590694 43562102 1 9.225173231065544e-4 43562102 43567199 5097
18 1846 rs3737512 71816278 1 -9.187231426883423e-4 71816278 71816278 0
18 589 rs17799466 23471816 3 9.158823756433842e-4 23471816 23493361 21545
18 1770 rs4268850 69892689 1 9.002919099415025e-4 69892689 69892689 0
18 235 rs7244230 6939755 4 -8.997592390359945e-4 6939755 6942997 3242
18 1405 rs9973070 56954004 2 8.882809047876098e-4 56946086 56963119 17033
18 736 rs12962411 29391523 2 -8.725977706836768e-4 29378538 29395191 16653
18 835 rs4346268 34316204 3 8.706977047903095e-4 34316204 34324091 7887
18 1875 rs1828098 72857946 1 8.686636134401449e-4 72852959 72857946 4987
18 528 rs2278664 21719327 1 8.662488677289246e-4 21719327 21740192 20865
18 1438 rs489693 57882787 1 8.64133931782166e-4 57882787 57884750 1963
18 1779 rs1560557 70172683 2 -8.603621064443148e-4 70150939 70172683 21744
18 147 rs16946716 4425743 1 8.566465849088354e-4 4425743 4425743 0
18 1017 rs2612545 43033662 1 -8.558534441477948e-4 43033662 43039313 5651
18 1870 rs3861309 72502997 1 -8.535361763102493e-4 72490940 72519457 28517
18 413 rs11872939 11782521 1 -8.483287290252392e-4 11775522 11802991 27469
18 1435 rs1984337 57711489 2 -8.464861467381604e-4 57679365 57713553 34188
18 1090 rs9945161 45625272 1 8.3629078024221e-4 45624977 45625755 778
18 1112 rs5007091 46217774 1 -8.347495745121428e-4 46217774 46217774 0
18 516 rs11663558 21133937 1 8.31708242687438e-4 21112206 21162288 50082
18 975 rs2622781 41081332 1 8.266878607401144e-4 41073030 41083535 10505
18 1335 rs7234711 55408875 1 8.223765705056386e-4 55395811 55417745 21934
18 8 rs11663304 381704 1 8.09621000634508e-4 381704 381704 0
18 1845 rs1540032 71700987 1 8.093664026513723e-4 71700987 71704019 3032
18 988 rs16977934 41861706 2 -8.01959179443721e-4 41814969 41875201 60232
18 446 rs12968748 13240284 1 -7.846885384325778e-4 13238715 13240284 1569
18 1713 rs10513986 68081085 1 7.841737596069123e-4 68073690 68081085 7395
18 1784 rs9966507 70308101 1 7.641009296719895e-4 70308101 70308101 0
18 1144 rs1943973 47179516 1 7.516831827863215e-4 47174679 47179516 4837
18 202 rs626823 5952544 1 -7.462606949051167e-4 5952544 5956633 4089
18 783 rs2509595 32104830 1 -7.450136251608414e-4 32103169 32107383 4214
18 1687 rs2197164 67128571 2 7.423441951411369e-4 67110334 67134392 24058
18 303 rs603368 8792476 2 7.314649768474391e-4 8792044 8792476 432
18 774 rs9958421 31388438 1 7.312827216868953e-4 31383571 31388438 4867
18 1393 rs9948204 56756133 1 7.277650061103825e-4 56756133 56758171 2038
18 1302 rs11151630 53857981 1 -7.25337779295839e-4 53856288 53887306 31018
18 1615 rs9967525 64782143 1 7.190105253324012e-4 64767560 64782143 14583
18 2006 rs2002842 76409597 1 7.136454055909143e-4 76403650 76410533 6883
18 825 rs12457257 34008468 1 7.132499857949784e-4 34003734 34008468 4734
18 318 rs8092501 8991193 1 -7.11136147414932e-4 8991193 8991193 0
18 867 rs8094570 35775236 1 7.072239729780781e-4 35767744 35776298 8554
18 1376 rs7504154 56270997 2 7.018551790732682e-4 56261723 56270997 9274
18 714 rs4325646 28744391 4 6.982501926477027e-4 28732160 28765530 33370
18 902 rs307078 37642885 2 6.805332864869247e-4 37642885 37660737 17852
18 674 rs4502305 27150116 2 -6.793354964924604e-4 27118814 27150116 31302
18 894 rs1367840 36946848 1 -6.763017765442207e-4 36927794 36959010 31216
18 574 rs7240975 22989234 1 6.713741521680649e-4 22989234 22989234 0
18 629 rs608923 25144165 2 6.710842417148793e-4 25127608 25144165 16557
18 494 rs8083703 19890598 1 -6.688656276012975e-4 19890598 19890598 0
18 404 rs4796922 11417597 1 -6.534255536594058e-4 11417597 11422601 5004
18 1910 rs2116283 73869891 1 6.524347717013588e-4 73865195 73870880 5685
18 1805 rs8090073 70880006 2 6.497457330479634e-4 70868766 70885017 16251
18 798 rs11872966 32765310 1 6.397922844402166e-4 32740907 32765310 24403
18 1747 rs595562 69188891 1 6.378456042675344e-4 69178153 69188891 10738
18 134 rs12963271 4056394 2 6.378289968095665e-4 4056012 4056394 382
18 1295 rs1985049 53633786 1 -6.35070095589237e-4 53633786 53640779 6993
18 530 rs9959658 21762678 1 -6.348076305101905e-4 21762678 21762678 0
18 526 rs4043679 21653838 1 6.332670450844866e-4 21653838 21665224 11386
18 441 rs61740922 13057655 2 6.298492643338978e-4 12977206 13090982 113776
18 1135 rs7238552 47037399 3 -6.291625350903484e-4 47017820 47037399 19579
18 127 rs3915772 3848826 1 6.272873557191893e-4 3842566 3848826 6260
18 347 rs571890 10026087 2 -6.270003200044989e-4 10026087 10029510 3423
18 727 rs1791235 29126670 3 -6.261454698168003e-4 29104055 29126670 22615
18 9 rs9965609 407041 1 -6.095088373861834e-4 400766 418106 17340
18 1377 rs9960620 56296138 1 -6.092663714581127e-4 56296138 56296138 0
18 686 rs9959731 27735777 2 -6.090885752566169e-4 27676662 27792069 115407
18 604 rs17607947 24249965 1 -5.987854183897368e-4 24247450 24249965 2515
18 1048 rs1868711 44117578 2 5.850867115038189e-4 44103392 44126909 23517
18 767 rs11878169 31147930 1 5.777854689332847e-4 31147930 31164127 16197
18 1553 rs2193860 62053185 1 5.769975659872092e-4 62053185 62053185 0
18 843 rs488797 34970627 1 5.743915397606285e-4 34962842 34970627 7785
18 1234 rs7236766 50222796 2 5.722069062816953e-4 50204404 50224898 20494
18 399 rs8091999 11288105 1 5.717621457200234e-4 11282319 11288105 5786
18 1688 rs12606105 67152961 1 -5.637300687502066e-4 67139253 67153636 14383
18 1874 rs4891229 72813958 1 -5.597461417805876e-4 72813958 72813958 0
18 100 rs8091916 3192682 1 -5.597416862616885e-4 3192682 3192682 0
18 153 rs8089250 4772807 1 5.592199016727523e-4 4772807 4772807 0
18 658 rs1995494 26199361 5 -5.574556890861056e-4 26163921 26212187 48266
18 2029 rs7239390 77052242 3 5.533858101656054e-4 77013918 77052242 38324
18 875 rs10502693 36045712 2 -5.507374075749896e-4 36044726 36053643 8917
18 1560 rs8092484 62191825 1 5.461005881416406e-4 62181984 62194615 12631
18 412 rs7227421 11749198 1 5.437978939559888e-4 11749198 11761954 12756
18 1155 rs1787523 47460085 1 -5.411454018870615e-4 47460085 47465009 4924
18 1280 rs4800985 52829535 1 5.230562253575664e-4 52829535 52829535 0
18 784 rs2579799 32155796 1 -5.205426390810818e-4 32153364 32175059 21695
18 1008 rs12605591 42802408 2 5.140512044225976e-4 42791236 42814156 22920
18 1985 rs8084678 75858655 1 5.07449939607414e-4 75858655 75858892 237
18 1134 rs506426 46849333 1 5.046769842065188e-4 46786058 46943301 157243
18 1566 rs7227796 62502996 1 4.952982416443041e-4 62486236 62516332 30096
18 898 rs1444395 37238502 1 -4.922046301640117e-4 37238502 37286372 47870
18 873 rs2959219 35998626 2 4.8595037416392225e-4 35998626 36021822 23196
18 631 rs11083221 25225559 2 4.810321235014746e-4 25211720 25225633 13913
18 2042 rs1134231 77730807 1 -4.765870654257085e-4 77728135 77787419 59284
18 1810 rs1943825 70977587 1 4.758976914431353e-4 70974144 70978788 4644
18 726 rs2155948 29096919 1 -4.7542616017248534e-4 29096919 29096919 0
18 648 rs1785835 25684095 1 4.685827110999526e-4 25674859 25699060 24201
18 719 rs4239366 28927507 1 -4.6466908910569626e-4 28927507 28937474 9967
18 1778 rs17352438 70123101 1 -4.59022933243475e-4 70123101 70123101 0
18 1657 rs546735 65873229 2 -4.57785237387372e-4 65873103 65887287 14184
18 744 rs10502584 29797478 1 -4.5649986425512463e-4 29797478 29821160 23682
18 1032 rs8086499 43321412 2 -4.526863457844051e-4 43309911 43321412 11501
18 540 rs11659923 22108175 1 -4.494952706899772e-4 22104886 22109864 4978
18 1706 rs3862700 67862224 1 4.494789172699755e-4 67862224 67863844 1620
18 2012 rs2015066 76496620 1 4.47913056177363e-4 76496620 76496620 0
18 970 rs11664719 40640843 2 4.4103973352256393e-4 40629416 40666892 37476
18 878 rs2027730 36112086 1 -4.393796770473109e-4 36112086 36122427 10341
18 1277 rs4300734 52746868 1 -4.346838306343983e-4 52717725 52752017 34292
18 401 rs459329 11315010 2 4.306465047213812e-4 11315010 11320782 5772
18 1152 rs1942418 47383243 1 -4.252636901800343e-4 47358632 47383243 24611
18 650 rs1990416 25779523 3 -4.20183144068981e-4 25763595 25779542 15947
18 575 rs888285 23039616 1 -4.189018635130808e-4 23014701 23041828 27127
18 1929 rs7241806 74403367 1 -4.181914972169464e-4 74402402 74403367 965
18 38 rs8087377 1427930 1 -4.14219727507175e-4 1427930 1429364 1434
18 1563 rs8087195 62339224 1 -4.068402558428906e-4 62307715 62339224 31509
18 870 rs7227029 35938375 1 -4.035743571619515e-4 35895358 35938375 43017
18 1642 rs633865 65526817 2 -3.9865119735100455e-4 65506232 65532262 26030
18 1639 rs17077959 65455611 1 -3.9558997812745854e-4 65455611 65467862 12251
18 978 rs12455397 41231361 1 -3.948787394173199e-4 41221014 41253982 32968
18 595 rs7226601 23877833 2 -3.9310107404629153e-4 23825857 23877833 51976
18 315 rs7236054 8972284 1 3.924248704274435e-4 8972284 8972284 0
18 1479 rs8085961 59508211 1 3.819264674618758e-4 59501188 59508211 7023
18 962 rs11082289 40226942 1 3.813976682765651e-4 40218068 40255279 37211
18 1515 rs17070739 60819383 1 3.7648051087310375e-4 60819383 60819383 0
18 2021 rs4030882 76659706 1 3.750202371762306e-4 76641125 76661677 20552
18 822 rs7239113 33879397 1 3.74086514280661e-4 33873415 33885091 11676
18 1109 rs11875657 46141721 1 3.728070942662768e-4 46141721 46141721 0
18 671 rs8087422 26892709 1 -3.648895506715968e-4 26881864 26945081 63217
18 1458 rs1532486 58684235 2 3.647349220032302e-4 58679941 58717342 37401
18 388 rs7232149 10947468 1 -3.6321719108075673e-4 10947468 10949093 1625
18 244 rs483480 7031103 2 3.630304435466217e-4 7027438 7034508 7070
18 1954 rs1317578 75055781 1 -3.5579561467168226e-4 75055781 75055781 0
18 668 rs2056095 26753739 1 -3.5574525858508914e-4 26753739 26757855 4116
18 1996 rs609027 76116277 1 -3.503384081292877e-4 76095227 76116277 21050
18 907 rs9954991 37812658 1 -3.503343101009357e-4 37812658 37830317 17659
18 1369 rs2003159 56142499 1 -3.4924422538161064e-4 56138943 56151138 12195
18 755 rs1980034 30259109 1 3.4783650998176094e-4 30249433 30259109 9676
18 581 rs9304480 23305715 1 -3.431409230987408e-4 23304756 23305715 959
18 1289 rs17512836 53194961 1 3.379879349319489e-4 53193424 53201972 8548
18 1025 rs34461862 43204739 1 3.348454929982016e-4 43204739 43206985 2246
18 1489 rs61755362 59828420 1 -3.307659766609215e-4 59794491 59850686 56195
18 1612 rs4891585 64544318 1 -3.302013066376854e-4 64544318 64575231 30913
18 635 rs2851757 25313101 2 3.228626864832293e-4 25313101 25316814 3713
18 1207 rs3894774 49278632 1 3.2019204845312613e-4 49278632 49280868 2236
18 445 rs8093058 13184795 1 -3.170716002939219e-4 13183609 13191184 7575
18 1897 rs1380711 73515143 1 -3.068756126740661e-4 73515143 73515143 0
18 1976 rs2727046 75477351 1 3.064835327191498e-4 75477351 75485034 7683
18 19 rs10502288 631435 1 -3.0397439439346015e-4 631435 631435 0
18 1762 rs1487336 69651740 1 3.020779031351015e-4 69651740 69656941 5201
18 1176 rs2118370 48161544 2 3.016838688603761e-4 48154373 48166556 12183
18 584 rs1941232 23408770 1 2.9678785228399996e-4 23408770 23409343 573
18 205 rs565841 5990968 1 2.8811556025266563e-4 5986416 5990968 4552
18 1120 rs2337094 46403018 1 2.8733108990603e-4 46403018 46403018 0
18 1696 rs12604978 67346440 4 -2.865057899110888e-4 67343438 67359360 15922
18 1934 rs608433 74611127 1 2.800902195228258e-4 74562251 74627099 64848
18 27 rs12373400 923096 1 2.7993464106006833e-4 920151 923230 3079
18 251 rs4797283 7249740 2 -2.7444644043733365e-4 7246541 7249740 3199
18 1926 rs17564521 74374345 1 2.7239565972159336e-4 74372047 74378617 6570
18 486 rs7231221 19623097 1 -2.715147340392009e-4 19619693 19626195 6502
18 190 rs10502331 5658744 1 2.7141653315990004e-4 5658744 5676759 18015
18 1282 rs1261094 52868092 1 -2.691235692884909e-4 52868092 52877685 9593
18 1808 rs885093 70954741 1 2.6789520590823104e-4 70950526 70954741 4215
18 1122 rs4939826 46453406 1 2.677164689589397e-4 46453406 46453929 523
18 1138 rs12604221 47123122 1 -2.663540943303428e-4 47118923 47123122 4199
18 2040 rs4799099 77639585 1 -2.6468720730792375e-4 77630073 77639585 9512
18 1242 rs2156283 50430275 1 2.6383897874131246e-4 50416229 50454613 38384
18 1974 rs11662532 75432721 2 2.6376753140527865e-4 75432216 75434027 1811
18 1724 rs7238047 68491824 1 -2.6119359528529844e-4 68481094 68499702 18608
18 152 rs9807688 4706001 1 2.6101963085274345e-4 4653942 4718609 64667
18 474 rs3744821 14090271 1 2.565486095386879e-4 14090271 14090271 0
18 763 rs76952832 30969567 1 2.556817278361387e-4 30969567 30969567 0
18 1962 rs4890947 75226684 1 -2.5391731613280807e-4 75220303 75226899 6596
18 782 rs1573408 32000277 1 2.5219643668336655e-4 31984392 32000277 15885
18 1689 rs1372776 67160595 1 -2.4418485978333485e-4 67160595 67160595 0
18 268 rs9953589 7706347 1 -2.4058135850428807e-4 7706347 7706347 0
18 1344 rs4591234 55582254 3 2.405698692628903e-4 55582254 55584135 1881
18 641 rs8084703 25496945 1 -2.3841136837745303e-4 25496945 25496945 0
18 213 rs882838 6429648 1 2.3409990572371777e-4 6429648 6429648 0
18 922 rs16973847 38482587 1 -2.3330829054531865e-4 38463727 38501444 37717
18 830 rs12971018 34126650 3 -2.310863080667836e-4 34122682 34127383 4701
18 319 rs9941409 9006277 2 -2.2775818541858272e-4 9006277 9006277 0
18 1006 rs957001 42741032 1 -2.2706250110139832e-4 42741032 42768625 27593
18 1679 rs884006 66871719 1 2.253728681854436e-4 66871599 66873244 1645
18 82 rs17628390 2788323 1 -2.2492413737767547e-4 2787776 2788323 547
18 1445 rs9946357 58130414 1 -2.2141736997625936e-4 58130376 58142042 11666
18 915 rs1554945 38064757 1 -2.1734475230293513e-4 38047496 38076866 29370
18 872 rs1196939 35965413 1 -2.1581699211743028e-4 35965413 35977068 11655
18 1507 rs8095915 60406536 1 -2.148272929838789e-4 60396499 60406536 10037
18 485 rs4800343 19603013 1 2.1418642896440916e-4 19585607 19608303 22696
18 1608 rs9949882 64255420 1 2.1115079510324237e-4 64255420 64288596 33176
18 1806 rs1039474 70906826 1 2.083398005682475e-4 70906826 70906826 0
18 1522 rs2032343 61019455 3 2.0731313564565808e-4 60998401 61019455 21054
18 500 rs8095924 20160314 2 2.0605187762277476e-4 20160314 20223695 63381
18 1020 rs1421203 43092380 1 -2.0270634214648823e-4 43084185 43092380 8195
18 1949 rs1893829 74954315 1 1.9954501515716177e-4 74940312 74959841 19529
18 1325 rs570046 55144432 1 -1.948118733279225e-4 55139617 55144432 4815
18 198 rs9960331 5821072 1 1.9238358011300767e-4 5821072 5832745 11673
18 989 rs1511765 42052201 1 -1.9126199096242e-4 42044962 42090667 45705
18 1179 rs12968509 48226068 2 -1.892757154851008e-4 48220152 48226068 5916
18 375 rs113682091 10699129 1 -1.8804033612812996e-4 10699129 10699129 0
18 149 rs12958338 4483453 1 1.8349103361266656e-4 4483453 4488582 5129
18 470 rs11873019 13907526 1 1.810702889622374e-4 13907526 13913563 6037
18 167 rs292367 5096936 1 1.7977459512196796e-4 5096936 5097618 682
18 1798 rs1943659 70586186 1 -1.7950073186579548e-4 70582373 70613145 30772
18 106 rs1662304 3324419 1 -1.7551243002201903e-4 3324419 3330062 5643
18 776 rs11399467 31477790 1 -1.7409514524176022e-4 31434486 31477790 43304
18 1785 rs4892024 70335003 1 1.7365232569693993e-4 70335003 70335003 0
18 1537 rs9320032 61561211 1 -1.7120234135205997e-4 61516740 61570470 53730
18 1062 rs1970668 44523220 2 1.6600950130711756e-4 44421609 44560875 139266
18 398 rs7230244 11262321 1 -1.6445999741530095e-4 11262321 11266119 3798
18 567 rs4131294 22772210 1 1.575542497798778e-4 22772069 22774712 2643
18 702 rs2097048 28321803 1 -1.5500614058544486e-4 28321803 28321803 0
18 1177 rs3752087 48190440 1 -1.5426247047078755e-4 48177860 48190440 12580
18 1056 rs328173 44224447 1 -1.5421402483270627e-4 44222631 44229581 6950
18 1819 rs17087465 71075718 1 1.5283363940759773e-4 71075718 71082402 6684
18 112 rs4798095 3439156 1 -1.481434725323707e-4 3438823 3439156 333
18 1459 rs242673 58746681 1 1.4544680747322257e-4 58746681 58756320 9639
18 757 rs715401 30356647 1 -1.416098076365751e-4 30356647 30383426 26779
18 484 rs4632227 19513517 1 1.4046522422603245e-4 19513517 19540467 26950
18 99 rs1962519 3188976 1 1.4015695153431733e-4 3188976 3188976 0
18 1386 rs3826597 56648324 1 1.3992780754632344e-4 56610006 56648324 38318
18 1792 rs41418949 70442068 1 -1.390953076556554e-4 70442068 70456290 14222
18 20 rs1059393 672836 2 1.3803431716611714e-4 660383 683607 23224
18 1305 rs215029 54114020 1 1.321544601789999e-4 54050693 54118551 67858
18 1711 rs2711407 68027361 1 1.319288022290071e-4 68023049 68027361 4312
18 43 rs2345035 1585460 1 -1.2567751987798597e-4 1579479 1602082 22603
18 1324 rs17831395 55118992 1 -1.222990429805232e-4 55118992 55118992 0
18 281 rs9949149 8298633 1 1.2050031032211732e-4 8298633 8298633 0
18 1745 rs2068617 69131848 1 1.1907060395923662e-4 69109278 69131848 22570
18 120 rs3862168 3658838 1 -1.165980829401298e-4 3653422 3662879 9457
18 593 rs2959356 23590203 1 -1.1135363483084008e-4 23562519 23595985 33466
18 283 rs2279075 8343765 1 -1.1068713231362386e-4 8333852 8343765 9913
18 1923 rs3829636 74335247 1 1.0833086803938916e-4 74335247 74335247 0
18 1331 rs4940928 55267013 1 -1.0603654331467728e-4 55260070 55283236 23166
18 2007 rs12955300 76415963 1 1.0435084561069266e-4 76415963 76421267 5304
18 717 rs9959147 28887090 1 1.0401445723594916e-4 28850260 28898567 48307
18 56 rs1009238 2000079 1 1.0257555298995824e-4 1994943 2006123 11180
18 599 rs1557320 24111764 1 -1.008455905502188e-4 24111764 24111764 0
18 803 rs355325 33070491 1 -9.652900650281056e-5 33070491 33079697 9206
18 577 rs273730 23137574 1 -9.59205462482312e-5 23129625 23170686 41061
18 1975 rs12961272 75455105 1 -9.35262865690823e-5 75453275 75455105 1830
18 1814 rs11660744 71027541 1 -9.130489950107624e-5 71021568 71027541 5973
18 1322 rs2074320 55034359 1 9.0755260464304e-5 55021725 55034359 12634
18 1513 rs6567316 60717894 2 8.713129461713142e-5 60708726 60754772 46046
18 1201 rs322548 49137340 1 8.623664648341935e-5 49137340 49137340 0
18 659 rs16945069 26216302 1 8.401637327068779e-5 26215299 26256806 41507
18 241 rs12961939 6997818 1 8.164275267444049e-5 6997818 6997818 0
18 788 rs9956218 32366760 2 -8.162489682391613e-5 32350725 32386340 35615
18 22 rs34724061 706570 1 -7.975684681308206e-5 706570 709202 2632
18 1381 rs11663212 56445257 1 7.918650346332832e-5 56437043 56446902 9859
18 1720 rs1730539 68400771 1 -7.703322257687804e-5 68388018 68402593 14575
18 1216 rs9963534 49642058 1 7.639375864829269e-5 49642058 49664472 22414
18 1709 rs7230661 67948111 1 7.539801344665559e-5 67948111 67948111 0
18 45 rs2219125 1654053 2 -7.519868629874596e-5 1621927 1663417 41490
18 1358 rs7243662 55859854 3 -7.032249398550473e-5 55859854 55881103 21249
18 1009 rs16978310 42823514 1 -6.807418715086063e-5 42823514 42823514 0
18 1588 rs9959875 63538341 2 6.334964576524787e-5 63530016 63546551 16535
18 1341 rs11661567 55510523 1 -6.297620001316726e-5 55503451 55510523 7072
18 707 rs1313586 28586964 1 5.1632761498972016e-5 28584556 28587559 3003
18 1410 rs11152149 57127051 2 -4.994466300876019e-5 57127051 57128956 1905
18 53 rs312998 1901534 1 -4.943763648416364e-5 1880289 1901534 21245
18 1580 rs681307 63126211 2 4.7855246455054744e-5 63126211 63196837 70626
18 1005 rs1942574 42725529 1 -4.6591699791747466e-5 42725529 42731992 6463
18 15 rs12960148 473288 1 4.310453598684192e-5 473288 475155 1867
18 1247 rs8084351 50726559 1 -4.208476129933766e-5 50711414 50745236 33822
18 957 rs7231412 40105657 1 -3.9880674740014645e-05 40070199 40105657 35458
18 813 rs4799817 33416275 2 -3.5748792485403e-5 33403036 33461694 58658
18 748 rs931494 29953667 1 3.2413506898370524e-5 29953667 29973731 20064
18 1312 rs1787484 54664408 3 -2.8836353393091665e-5 54658824 54666994 8170
18 1238 rs10083941 50282122 2 -2.3105101062000392e-5 50282122 50282122 0
18 959 rs4633808 40158156 1 2.2909862107630384e-5 40156291 40158156 1865
18 1071 rs892576 44985973 3 -2.1748963559420494e-5 44983381 44986284 2903
18 337 rs9951109 9762933 1 2.0823606939249395e-5 9762933 9762933 0
18 1755 rs8088887 69334079 2 -2.0202422491597897e-5 69332402 69334079 1677
18 1883 rs10514167 73089996 1 -2.0121282382478135e-5 73086616 73094333 7717
18 967 rs671164 40512135 1 1.9848739252525182e-5 40512135 40515238 3103
18 708 rs2852003 28612229 1 -1.9033087501421696e-5 28597295 28612229 14934
18 979 rs11082339 41287746 2 1.8361369900368036e-5 41287603 41339382 51779
18 2043 rs12606139 77820172 1 -1.721634155632871e-5 77794810 77820172 25362
18 1649 rs4619506 65653137 1 -1.5350658799309292e-5 65653137 65657162 4025
18 1944 rs1667923 74885751 1 1.1246026939458736e-5 74879392 74885941 6549
18 1323 rs221877 55066546 1 9.97606313952364e-6 55052923 55066546 13623
18 1123 rs4464148 46459032 1 -8.72640097859376e-6 46459032 46459032 0
18 1817 rs961925 71063181 1 -8.379174458594146e-6 71062976 71067017 4041
18 1447 rs585663 58170883 2 -6.903109476348483e-6 58165167 58177942 12775
18 1514 rs17756073 60809783 2 6.2693107623717985e-6 60809783 60810812 1029
18 1876 rs7230037 72914280 1 -6.104550247328539e-6 72898905 72914280 15375
18 1194 rs876410 48895003 1 1.4974380616043745e-6 48895003 48900172 5169
18 1698 rs9963608 67368356 1 -1.0431148401009884e-6 67368356 67368356 0
