CHR Group SNP.lead BP.lead Size W BP.min BP.max BP.width
21 472 rs7283760 45640629 4 0.03958312610982423 45611950 45647421 35471
21 390 rs16999738 41780398 2 -0.03748301287576217 41780398 41792388 11990
21 278 rs2834109 34521087 3 0.035093848821501183 34515010 34535415 20405
21 239 rs565489 31523734 3 0.02334720997483395 31511924 31531438 19514
21 228 rs2832310 30768350 1 0.02112912510458765 30615513 30768350 152837
21 219 rs2831503 29481474 1 0.01865904046082008 29481474 29485359 3885
21 82 rs444223 20300576 1 -0.01600995648041204 20290322 20312086 21764
21 295 rs11911509 35841740 3 -0.01509267612050788 35838907 35858097 19190
21 284 rs9978223 34770358 3 -0.01477447794042792 34770358 35056247 285889
21 373 rs447480 41221971 6 0.01458616892530553 41136712 41225542 88830
21 250 rs762194 32493031 3 0.01306991291681668 32485200 32493031 7831
21 240 rs2832660 31593066 1 0.01304397035990356 31554936 31609467 54531
21 43 rs2824098 18235587 4 0.01284143544589965 18228575 18281526 52951
21 440 rs692544 43759441 5 -0.01190074391958646 43740749 43763726 22977
21 417 rs2280807 42821265 4 0.01159419214347535 42821113 42862936 41823
21 456 rs3737434 44437142 6 0.0107751004278674 44362904 44454301 91397
21 222 rs2831772 29772530 8 0.01066393248999064 29739928 29799861 59933
21 348 rs2836074 39346333 1 0.01032065519422267 39332384 39346333 13949
21 431 rs220229 43448797 1 0.00998954162054518 43448797 43453662 4865
21 38 rs1449525 17762328 3 0.00986128770060457 17759486 17762328 2842
21 416 rs2898449 42814495 2 -0.00927784976726774 42795027 42814495 19468
21 351 rs2836257 39635549 4 -0.00923540819925825 39631464 39696476 65012
21 360 rs992244 40252150 3 0.00900126256659648 40237762 40261157 23395
21 444 rs2254368 43862466 3 -0.00899200310389357 43829758 43862466 32708
21 350 rs2211860 39552192 6 0.00860579585658092 39493232 39626421 133189
21 47 rs11702385 18541509 2 -0.00823295066197256 18471041 18542872 71831
21 316 rs4817726 36943564 3 0.00804427211528937 36892781 36947659 54878
21 488 rs8129133 46454237 1 0.00752580550089712 46454237 46454237 0
21 36 rs2823748 17675675 1 0.00741488429347654 17675675 17675675 0
21 281 rs1131964 34610487 4 -0.00729247755691122 34594878 34610487 15609
21 274 rs10427540 34374530 1 0.00723398621090142 34374072 34375854 1782
21 171 rs7281937 26021230 2 0.0070441209050403 26017301 26021230 3929
21 212 rs2830981 28862137 2 -0.00703598524690181 28839532 28927839 88307
21 247 rs2833162 32296251 2 0.00672781286845687 32294481 32296251 1770
21 194 rs222935 27899198 1 -0.0064971902991671 27891664 27911452 19788
21 143 rs2027717 24407465 6 0.00615067156465818 24402455 24425226 22771
21 180 rs17001080 26908384 2 -0.00614295949901494 26908384 27027297 118913
21 244 rs2833124 32214655 1 -0.00607674315103463 32214655 32214655 0
21 189 rs1888428 27693547 2 -0.00574262965519974 27676401 27728434 52033
21 198 rs1111134 28167643 4 -0.00570122754620163 28162797 28194581 31784
21 298 rs2834585 36064321 1 0.00562865045182517 36015246 36071202 55956
21 175 rs2829535 26451776 2 0.00553618310443239 26386645 26453241 66596
21 67 rs2824646 19506651 2 0.0053215195287045 19506651 19522891 16240
21 428 rs6586336 43328071 1 -0.00531422587651441 43328071 43331362 3291
21 279 rs9305523 34545377 2 0.00523868696011382 34545377 34552200 6823
21 78 rs2825011 20078424 3 0.00513680604256013 20075866 20126875 51009
21 57 rs8129963 18989513 3 0.00507418140906308 18968320 19026337 58017
21 463 rs496300 44779680 2 0.00493998420908602 44779343 44788262 8919
21 13 rs1292747 16115679 1 0.00474736315275053 16077016 16115679 38663
21 434 rs220126 43531008 3 0.00459319066090397 43510427 43531632 21205
21 421 rs2247788 43067245 2 0.00446417906720628 43059884 43068319 8435
21 505 rs35785446 47614553 1 0.00435934311467898 47614553 47686152 71599
21 357 rs17194186 39967076 3 0.00435171012611346 39967076 40059292 92216
21 224 rs2831968 30080833 3 0.00422146097593267 30004254 30128595 124341
21 311 rs2008256 36583687 3 0.0041282713572932004 36565278 36597915 32637
21 152 rs9978900 24902807 5 0.0041240203826649 24902807 24951271 48464
21 423 rs9917486 43102097 1 0.00411452721921098 43102097 43107623 5526
21 497 rs944422 46982335 3 0.00405824383464962 46982335 46987198 4863
21 445 rs2276239 43875500 1 -0.00398565741263871 43875500 43875848 348
21 173 rs2829388 26174872 1 -0.00397894459815451 26119438 26174872 55434
21 317 rs2222959 36978680 3 0.00397241065701651 36978680 37054507 75827
21 296 rs8129311 35922006 3 0.00391601300589962 35880072 35934476 54404
21 90 rs2825628 20903523 1 -0.00381562346608402 20871728 20903523 31795
21 44 rs7276116 18318167 3 0.00374627789067355 18297166 18347660 50494
21 166 rs1119268 25798660 1 0.00372005959429917 25798591 25801836 3245
21 93 rs2825678 20986798 2 -0.00367348325373412 20986798 20996612 9814
21 450 rs373700 44039966 4 0.00357935979251355 44039013 44039966 953
21 495 rs2236462 46897221 1 0.00353361824212281 46883153 46897221 14068
21 145 rs20461 24521301 1 0.00349515671274579 24506241 24613586 107345
21 120 rs1028983 22457771 1 0.00349477285585529 22457771 22479797 22026
21 427 rs4920118 43319984 2 -0.00348797633117557 43306101 43319984 13883
21 345 rs9983351 39176328 4 0.00341427899028307 39176328 39217680 41352
21 382 rs2142123 41418208 1 0.00326523565784432 41417215 41437081 19866
21 174 rs1892732 26198457 4 0.00324787735805176 26183724 26362354 178630
21 115 rs1009164 22217613 1 0.00317835245262898 22217613 22237121 19508
21 117 rs2826605 22300960 2 0.0031546682156804 22300960 22362499 61539
21 458 rs2027745 44508020 3 0.0030489192774328 44508020 44519655 11635
21 483 rs2838677 46189767 1 0.00297604819009463 46189767 46226566 36799
21 369 rs1524930 40968460 3 -0.00293576393467988 40909706 40968460 58754
21 372 rs12233347 41084811 1 0.00293354213994255 41082511 41092950 10439
21 362 rs2836788 40336891 4 -0.00289931049870673 40323728 40349600 25872
21 392 rs11088518 41852932 8 0.00284842577410287 41823356 41884157 60801
21 439 rs4148137 43710052 2 -0.00282386703214591 43708018 43718611 10593
21 370 rs498027 41016873 1 0.0027999654288249 40987887 41016873 28986
21 412 rs441810 42698907 2 0.00277707907968878 42682644 42698907 16263
21 253 rs1855703 32753155 2 0.00275417567730729 32747521 32759208 11687
21 490 rs6518216 46610842 2 0.0027394752725205 46610842 46646005 35163
21 214 rs9976476 29017708 2 -0.00271693145534213 29015007 29112277 97270
21 5 rs10482852 15691984 1 -0.00270697165132828 15671024 15725868 54844
21 242 rs9636832 31763618 1 -0.00270674438460796 31763618 32038030 274412
21 14 rs7283943 16126805 2 0.00267180010620218 16126805 16128671 1866
21 359 rs457705 40191431 2 0.00264927003348159 40157281 40210516 53235
21 26 rs1736020 16812552 3 -0.0026481465712347 16793467 16815872 22405
21 492 rs2838899 46795214 4 0.00264476886263518 46778772 46797389 18617
21 210 rs2830919 28778338 2 0.00248575611143805 28769385 28791676 22291
21 40 rs13047224 18040023 2 0.00239391395530782 18040023 18048206 8183
21 292 rs2834440 35690499 3 -0.00231323676881662 35631938 35716371 84433
21 225 rs8131527 30196904 2 0.0023102951228869 30133077 30205143 72066
21 481 rs2838659 46128238 3 0.00230718197248149 46060222 46128238 68016
21 188 rs985456 27625716 2 0.00228173697328662 27616602 27666882 50280
21 506 rs2839315 47962186 6 -0.00228021204519846 47739146 47963149 224003
21 504 rs9978018 47526240 1 0.00224723394626852 47526240 47544838 18598
21 101 rs2826126 21651175 4 -0.00224705715349735 21649595 21711607 62012
21 352 rs970115 39721888 1 0.00223478976255131 39707132 39721888 14756
21 229 rs363501 30927772 2 0.00223038580756889 30861858 30927772 65914
21 232 rs420121 31146608 4 0.00222966259429279 31062070 31181420 119350
21 336 rs2277784 38380225 3 0.00220896420813997 38371327 38429389 58062
21 100 rs8130056 21591741 2 -0.00219456407372377 21472584 21636664 164080
21 122 rs2826672 22503372 1 0.00219367259627419 22503372 22503372 0
21 16 rs2178999 16247212 2 0.00219234722383288 16229925 16247212 17287
21 320 rs20572 37444973 9 0.00211718162626799 37312721 37460164 147443
21 12 rs458525 15970507 2 0.00211385460369946 15970507 16054626 84119
21 167 rs2829091 25831969 3 -0.0020746232396616 25811144 25896423 85279
21 200 rs229092 28255787 2 0.0020403475794337 28220730 28273228 52498
21 59 rs171477 19150133 2 0.00200796859614209 19139775 19150133 10358
21 19 rs975336 16451845 1 0.00199743087924794 16451845 16451845 0
21 321 rs9305578 37514155 2 0.00196824614315762 37490655 37538397 47742
21 267 rs2833697 33556137 5 0.0019491704795515 33548880 33669542 120662
21 186 rs10460695 27520111 3 -0.00194884400669493 27502468 27544041 41573
21 97 rs8134910 21117409 4 0.00190693035602726 21116540 21200612 84072
21 406 rs13050861 42485808 2 0.00190659141004607 42440714 42485808 45094
21 287 rs2298679 35247460 2 -0.00187083368250232 35227484 35254293 26809
21 118 rs7509723 22403814 3 0.00185253769102932 22403814 22430692 26878
21 482 rs2838666 46158738 1 -0.00185040906407331 46158738 46158738 0
21 288 rs4842 35281421 6 -0.0018407661222379 35265524 35355410 89886
21 366 rs2836889 40485574 1 -0.00179284936188386 40485574 40506194 20620
21 333 rs2850106 38134511 1 0.00177753906530459 38134511 38147602 13091
21 384 rs9982099 41527915 1 0.00175098721863702 41518280 41527915 9635
21 430 rs12627125 43399915 2 -0.00174445638792829 43393669 43438674 45005
21 342 rs1709838 39020113 2 -0.00171684788854622 38997701 39028531 30830
21 499 rs4819138 47061267 2 0.00169839692020156 47061267 47287226 225959
21 367 rs2297256 40558421 2 0.00168537509107618 40547310 40772484 225174
21 363 rs733623 40377215 2 -0.00168497806485194 40356648 40377215 20567
21 262 rs12165267 33364621 1 0.0016658882318397 33364621 33409932 45311
21 368 rs6517549 40823981 5 -0.00166041382649422 40780560 40887185 106625
21 419 rs9975623 42920296 1 -0.00161676504318936 42920296 42920296 0
21 165 rs7283527 25706768 2 0.00157407385381531 25691370 25770592 79222
21 137 rs2827373 23672710 1 0.00157193402300035 23654246 23681095 26849
21 395 rs9305700 41962473 3 -0.00156887755706724 41951756 41968812 17056
21 31 rs390503 17368852 1 -0.00153435528953117 17363428 17395270 31842
21 436 rs4148082 43619415 2 0.00151933748496113 43556691 43619415 62724
21 307 rs2834737 36396167 1 0.0014952804596644 36396167 36396167 0
21 177 rs2829558 26514597 2 0.00149410637240752 26514597 26616200 101603
21 293 rs34016792 35757915 2 -0.00149245564866815 35757915 35757915 0
21 130 rs2827079 23196432 7 0.00142229821113815 23173531 23236900 63369
21 361 rs2836757 40294024 1 0.00141581819406866 40289113 40315316 26203
21 144 rs2827827 24449684 5 -0.00138435940663762 24449684 24475368 25684
21 344 rs2835927 39120344 2 0.00137635361942235 39096903 39132864 35961
21 394 rs73364974 41917406 1 0.00133311345474598 41917406 41917406 0
21 94 rs17003202 21025259 1 -0.00133113997571628 21025259 21030200 4941
21 87 rs1158345 20645883 2 -0.00130658622611981 20537661 20676645 138984
21 452 rs4920137 44140117 1 0.00127897934599001 44112366 44145777 33411
21 127 rs1460077 22957596 1 -0.00127419681196729 22942136 23044990 102854
21 276 rs9984627 34471603 6 -0.00122551263468258 34436973 34499426 62453
21 69 rs2183557 19568520 1 -0.00122003617438506 19568520 19574901 6381
21 185 rs1041420 27443650 1 -0.00121830465730843 27430925 27465355 34430
21 329 rs2845795 38064902 1 -0.00121027775703474 38064902 38064902 0
21 500 rs439180 47362573 2 -0.00120387352943026 47342116 47383056 40940
21 354 rs3746880 39795202 2 0.00119708981648482 39776562 39797764 21202
21 211 rs239632 28818560 2 -0.00117073328006877 28796122 28818560 22438
21 280 rs2834135 34571716 2 -0.0011534720877186 34558232 34584544 26312
21 9 rs1735484 15867560 1 -0.00113012395144554 15867560 15897857 30297
21 258 rs2211781 33249294 1 -0.00111488059900964 33249294 33249294 0
21 220 rs7278583 29533040 2 0.00110863449122515 29533040 29590755 57715
21 226 rs2243521 30431730 6 0.0010976126958665 30221409 30494250 272841
21 131 rs4818644 23251216 1 0.00107697015344118 23251216 23264430 13214
21 375 rs2244084 41277049 1 0.00106016532307277 41265911 41277049 11138
21 107 rs2155889 21889841 1 0.00105853038706349 21884955 21889841 4886
21 155 rs2828463 25097968 4 -0.00104065444644957 25095694 25141149 45455
21 72 rs2824746 19707768 1 -0.00101921889030637 19707768 19707768 0
21 169 rs2829170 25946431 1 -0.00101428190631578 25946431 25946431 0
21 234 rs2832458 31239497 2 9.912634568758243e-4 31233994 31256868 22874
21 269 rs2833803 33795961 4 -9.776125765952306e-4 33782887 33832331 49444
21 161 rs2828789 25441375 2 -9.459551020382188e-4 25428737 25441897 13160
21 270 rs2833876 33917903 1 -9.361276132762274e-4 33884390 33917903 33513
21 125 rs233795 22835891 2 -9.336966919906344e-4 22821643 22868864 47221
21 377 rs4143343 41285481 3 -9.146773954052338e-4 41285481 41301355 15874
21 502 rs13051923 47489546 1 -9.120576204479944e-4 47473588 47489546 15958
21 489 rs729895 46515421 1 9.05329977017919e-4 46491341 46548611 57270
21 46 rs2824175 18384773 3 -8.686657690583612e-4 18381304 18457828 76524
21 163 rs12627020 25510293 1 8.482040011055849e-4 25510293 25544579 34286
21 402 rs2837870 42280092 4 8.441553337992791e-4 42277689 42307342 29653
21 425 rs1054761 43218520 2 -8.414487268799251e-4 43218520 43221826 3306
21 139 rs1501220 23848588 1 8.353941411914864e-4 23841677 23860926 19249
21 197 rs1893577 28112756 2 -8.06084507635692e-4 28111563 28139912 28349
21 337 rs2835686 38631629 2 -7.572594743962123e-4 38444881 38651111 206230
21 327 rs439888 37920907 2 -7.441942313064321e-4 37920907 37987916 67009
21 195 rs2830286 27954042 1 7.436134469656664e-4 27926088 28023370 97282
21 309 rs9975836 36514505 2 -7.32529456314827e-4 36469177 36514505 45328
21 4 rs1153303 15657711 3 -7.291044713862165e-4 15656052 15668384 12332
21 202 rs2830607 28368464 1 6.988615547545303e-4 28348083 28375935 27852
21 486 rs2838737 46335580 2 6.755554253048352e-4 46333802 46335580 1778
21 465 rs2838331 45026728 1 6.692619816599214e-4 45026728 45128454 101726
21 135 rs2827264 23540065 2 -6.578092484376594e-4 23508050 23542443 34393
21 68 rs2824671 19535979 1 -6.446916861124369e-4 19535979 19548232 12253
21 420 rs12483160 42941343 3 6.408188396764466e-4 42941189 42941420 231
21 383 rs2837426 41454734 1 6.28558070779599e-4 41454734 41454734 0
21 435 rs220146 43539293 1 -6.119162703259268e-4 43539287 43550518 11231
21 208 rs239695 28680314 1 5.945100303510289e-4 28661237 28704127 42890
21 89 rs2825560 20773423 1 -5.739715888038536e-4 20754462 20848066 93604
21 178 rs2829726 26764074 1 5.731268391854559e-4 26645083 26764074 118991
21 126 rs2826896 22917558 2 5.663619112299499e-4 22888198 22917558 29360
21 148 rs12483180 24720653 3 5.38092450852656e-4 24696982 24739422 42440
21 310 rs4459802 36530416 2 5.332378379977255e-4 36530416 36530556 140
21 248 rs2833192 32389498 2 5.298258347900488e-4 32325587 32389498 63911
21 168 rs2829159 25918197 1 -5.189278119150595e-4 25912293 25918197 5904
21 403 rs10222193 42324388 2 5.152947843811128e-4 42324388 42324388 0
21 442 rs2251362 43801075 1 -5.102581914896538e-4 43789854 43803167 13313
21 314 rs8132760 36771337 1 4.909638398146415e-4 36771337 36816352 45015
21 410 rs7278856 42598887 1 -4.846312110134019e-4 42598887 42598887 0
21 254 rs7282833 32868959 1 -4.837727660449877e-4 32832384 32919601 87217
21 332 rs2073601 38117308 1 -4.831365458008739e-4 38117308 38117308 0
21 371 rs2837113 41048124 1 -4.605629579858981e-4 41032740 41069260 36520
21 438 rs2234718 43697195 1 -4.508522826820759e-4 43678808 43702023 23215
21 302 rs2834655 36238507 1 -4.430392259836798e-4 36238507 36238507 0
21 39 rs13047709 17816981 1 -4.3896106076835186e-4 17789829 17826260 36431
21 15 rs2822942 16189981 1 4.350005345334036e-4 16145761 16189981 44220
21 457 rs2124458 44475680 3 -4.341630748176317e-4 44473062 44487404 14342
21 358 rs2836651 40103951 1 -4.321904535610721e-4 40087153 40103951 16798
21 184 rs7276036 27361704 3 -4.13995791564556e-4 27335022 27399541 64519
21 201 rs146717299 28305324 1 -4.1078025781592423e-4 28286853 28327495 40642
21 65 rs157060 19433596 2 -4.014657923780732e-4 19433441 19474777 41336
21 205 rs2830768 28572980 3 4.011065488464e-4 28568502 28576387 7885
21 319 rs6517312 37277069 2 -3.9990000057237105e-4 37164716 37301361 136645
21 66 rs2824639 19494749 3 -3.9663597562074457e-4 19487468 19497606 10138
21 24 rs2823227 16682922 1 3.832006775474484e-4 16682922 16691926 9004
21 325 rs170183 37848334 1 -3.7613653334351226e-4 37829040 37848334 19294
21 470 rs62229686 45391272 2 3.6825407045597096e-4 45391272 45398853 7581
21 256 rs2833516 33171449 1 -3.640219187601904e-4 33140026 33171449 31423
21 447 rs2839535 43905327 1 -3.511395187755221e-4 43905327 43943658 38331
21 503 rs2839102 47501261 1 3.442727631799784e-4 47501261 47501261 0
21 387 rs8133535 41664277 1 -3.2650168178348794e-4 41664277 41664277 0
21 297 rs2300387 35964093 2 -3.2238140338410905e-4 35950431 36009296 58865
21 114 rs9974471 22134353 1 3.1682375334959976e-4 22121510 22138217 16707
21 37 rs453644 17743767 3 3.139079913242063e-4 17743767 17744507 740
21 209 rs1452096 28738059 1 -3.059329926932439e-4 28721847 28755225 33378
21 164 rs2828918 25594326 1 -3.009591945149934e-4 25591352 25603521 12169
21 429 rs61731656 43362295 1 2.9448025828819326e-4 43359680 43362295 2615
21 391 rs718099 41816354 1 2.843139684787392e-4 41813127 41816354 3227
21 246 rs2833135 32224934 1 2.8201422841910603e-4 32224934 32272902 47968
21 156 rs207490 25214100 1 2.787433746596911e-4 25163987 25214100 50113
21 182 rs2829934 27205540 1 2.737535830881847e-4 27195389 27264584 69195
21 116 rs2826587 22255696 1 2.622726848332475e-4 22255663 22264996 9333
21 328 rs2734394 38014652 4 -2.5365448437094165e-4 38009239 38034172 24933
21 235 rs465555 31293409 1 -2.5340691703984523e-4 31289931 31302472 12541
21 399 rs2210270 42132802 4 -2.4607105091017847e-4 42110235 42168325 58090
21 237 rs2832547 31410125 2 -2.4296458734241052e-4 31391595 31410125 18530
21 79 rs8129581 20136039 3 2.356372926742636e-4 20133449 20186304 52855
21 272 rs4817502 34175240 3 2.3123394652545335e-4 33998027 34199847 201820
21 223 rs2831893 29899760 2 -2.3103684048824384e-4 29833572 29912452 78880
21 150 rs200705 24809444 1 -2.3020008009827105e-4 24807495 24809444 1949
21 266 rs2833670 33505090 2 2.2978861591331327e-4 33487695 33523381 35686
21 299 rs2834623 36121293 1 -2.1661585268318708e-4 36105589 36121293 15704
21 261 rs9305481 33347434 1 -2.1381802909363083e-4 33339340 33351149 11809
21 484 rs235280 46283669 1 -2.127873545292739e-4 46246940 46298869 51929
21 53 rs208894 18814568 2 2.0688178701174753e-4 18814568 18814568 0
21 61 rs2824512 19222174 2 -1.999947972936825e-4 19204252 19231698 27446
21 104 rs1735894 21814838 1 1.9293190820107172e-4 21811981 21814838 2857
21 313 rs2834912 36705740 1 -1.8336626975667305e-4 36702489 36730471 27982
21 249 rs7282590 32438284 2 1.7816612699171326e-4 32415227 32454561 39334
21 2 rs431864 15548739 1 1.730746715104586e-4 15463956 15554030 90074
21 408 rs7276900 42532075 1 -1.6954142771743807e-4 42510744 42532075 21331
21 17 rs2256417 16295354 1 -1.6658914938099073e-4 16295354 16295354 0
21 11 rs2822787 15954660 1 1.4479972526536307e-4 15954660 15954660 0
21 203 rs2830694 28477886 1 -1.4021406876657015e-4 28419053 28489705 70652
21 75 rs996702 19924011 1 -1.3186369443910618e-4 19871219 19924011 52792
21 355 rs1041795 39852396 2 -1.3175565895282758e-4 39838825 39897553 58728
21 379 rs926081 41371229 2 -1.2194174114825124e-4 41354868 41371229 16361
21 181 rs2829868 27065046 1 -1.1538441127620089e-4 27058163 27065046 6883
21 252 rs845959 32700227 1 -1.0877059736989336e-4 32695264 32735471 40207
21 230 rs7282163 31002803 1 1.0709783518218164e-4 30981245 31020875 39630
21 128 rs1735934 23073684 2 9.273577252024458e-5 23053546 23101812 48266
21 124 rs2826826 22764211 1 -9.193336511312726e-5 22661090 22810077 148987
21 60 rs2824499 19179271 2 -9.141443437896832e-5 19161689 19179271 17582
21 110 rs2826401 21939786 1 9.129195121240954e-5 21939786 21970649 30863
21 95 rs11088748 21050002 2 -9.052197306312088e-5 21047468 21050002 2534
21 494 rs2838920 46841398 1 -8.672083405685701e-5 46841398 46848326 6928
21 28 rs9976620 16922965 2 -7.256299903029455e-5 16883021 16922965 39944
21 291 rs4817616 35444498 4 -7.232897222993228e-5 35444498 35551600 107102
21 27 rs2823307 16865946 1 6.381031175370125e-5 16865946 16865946 0
21 221 rs8130371 29703656 1 -6.310564095019099e-5 29603623 29706134 102511
21 376 rs3819595 41282698 2 -6.128011210194387e-5 41282698 41282698 0
21 306 rs2834730 36382552 1 5.934563128811116e-5 36378571 36382552 3981
21 259 rs2833555 33285149 1 -5.428075827313649e-5 33285149 33322819 37670
21 335 rs2843637 38332768 1 5.3717569088033934e-5 38302769 38351913 49144
21 378 rs1629521 41344489 3 -3.895094289065596e-5 41322812 41344489 21677
21 364 rs2410100 40424619 1 3.678404381751416e-5 40389724 40434499 44775
21 455 rs2839584 44236622 1 3.437177003997901e-5 44236622 44324365 87743
21 339 rs12483205 38740824 3 -3.009081110520316e-5 38721309 38918608 197299
21 42 rs2824091 18219506 1 -2.7153177793139517e-5 18171830 18219506 47676
21 418 rs2838053 42912973 1 -2.333289149534209e-5 42872751 42912973 40222
21 496 rs141599346 46934932 1 -2.028142306917276e-5 46931109 46958299 27190
21 151 rs1354481 24836014 1 1.8812127026310808e-5 24824466 24836014 11548
21 129 rs1155463 23140523 1 1.2753698867738374e-5 23140523 23141845 1322
21 80 rs7276040 20235268 2 7.883862463915978e-6 20202738 20235268 32530
21 215 rs3844464 29129610 1 -5.023885363781112e-6 29129610 29213323 83713
21 432 rs2839452 43466047 1 -1.3053802232700383e-6 43466047 43492329 26282
