CHR Group SNP.lead BP.lead Size W BP.min BP.max BP.width
18 91 rs4309483 56085917 18 0.05382702816324848 55859854 56518513 658659
18 113 rs1790588 67535184 6 0.05253550318761741 67493884 68027361 533477
18 49 rs2278664 21719327 16 0.03344435808980818 20879217 21762678 883461
18 65 rs61735998 34289285 12 0.02991760407558115 33802526 34810178 1007652
18 69 rs989885 38464855 13 -0.02315750813581651 37945427 39408516 1463089
18 95 rs17773430 57963117 5 0.02287763351111214 57529291 58067037 537746
18 111 rs17080654 66898945 9 0.02214523817389704 66800137 67160595 360458
18 0 rs1893134 450102 9 -0.01883366996826775 139767 491967 352200
18 45 rs3859299 13462726 8 0.01855134152906283 13458063 14090271 632208
18 57 rs8088478 26413621 16 0.01681845037039706 25941461 27223970 1282509
18 70 rs1835499 40335882 19 0.01593191265656838 39428052 41083535 1655483
18 8 rs11665524 2978535 2 0.01405757436901828 2951876 3133302 181426
18 18 rs117900256 5478295 4 -0.01341187244695354 5351610 5590926 239316
18 109 rs17078903 65982452 3 0.0128826124428861 65848177 66175662 327485
18 56 rs2851757 25313101 7 -0.01283069319518282 25313101 25904868 591767
18 78 rs12454113 46044052 11 0.01148136310231244 45821540 46217774 396234
18 92 rs17835556 56818766 7 0.0109719118732918 56578953 56828687 249734
18 89 rs12958967 55315959 8 0.01073540257826767 55247454 55682592 435138
18 102 rs6567383 61375683 7 0.0107272321078159 60966397 61631447 665050
18 62 rs11399467 31477790 10 -0.01068485433690667 30268788 31763797 1495009
18 106 rs12455246 63498880 8 0.01060800216704845 63204981 64205891 1000910
18 55 rs11659941 24494344 9 -0.01047956878312931 24489062 25298983 809921
18 115 rs649809 69160304 14 0.00984172425257196 68723356 69334079 610723
18 93 rs17769526 57047921 11 0.00960044342757364 56849429 57212391 362962
18 87 rs1792741 53887306 4 -0.00933463086523713 53813720 54243554 429834
18 14 rs8085726 4370882 1 0.00925761961116995 4237574 4376022 138448
18 116 rs4572503 69935826 4 0.00883918500040668 69401163 70054042 652879
18 54 rs1823366 24375745 3 -0.00862405312676101 24111764 24414687 302923
18 19 rs7242770 5647875 6 0.00843853649833806 5643417 5843069 199652
18 58 rs4420605 27907683 12 0.00838095325299179 27239696 28545570 1305874
18 48 rs2278452 20774097 3 0.00760636487460515 20010336 20819090 808754
18 31 rs4798712 8890011 8 0.00732856858310737 8711942 8950560 238618
18 9 rs1785272 3314310 5 0.00713559880740074 3162390 3347813 185423
18 67 rs12970162 35562926 11 0.00656414619679788 35078723 36060187 981464
18 81 rs11082811 47763296 9 0.00651928151391249 47566647 48226068 659421
18 40 rs7239176 11452145 7 0.00648358048706781 11232515 11583447 350932
18 38 rs12608436 10797856 7 0.00639856079418459 10663094 10843483 180389
18 28 rs1441002 7887531 2 0.00632365463477814 7706347 8135770 429423
18 25 rs8088532 7082526 1 0.00601380785820389 7054431 7169723 115292
18 53 rs12458331 23825857 14 0.00601180312446714 23014701 24062211 1047510
18 96 rs1532486 58684235 8 0.00555398568928966 58104556 58809023 704467
18 103 rs17072879 62017237 3 -0.00552852850480626 61663317 62085800 422483
18 71 rs1540502 41207839 11 -0.00530448769814294 41168311 42298323 1130012
18 3 rs2027669 939338 3 -0.00523531221503086 920151 1466512 546361
18 125 rs7228334 73500233 7 0.0050608473876481 72943863 73515143 571280
18 13 rs1543229 4130516 3 0.00467905974696243 4056012 4201153 145141
18 41 rs16976596 11696613 2 0.00459806300736942 11666215 11878535 212320
18 132 rs11151086 75512736 4 -0.00443001993744604 75390648 75822359 431711
18 52 rs4131294 22772210 1 -0.00433391229596109 22772069 22989234 217165
18 50 rs1945168 22124418 3 -0.00421149091027917 21800299 22124418 324119
18 4 rs8090522 1542523 7 -0.00415165082510764 1481898 1901534 419636
18 64 rs1540043 33691313 2 0.00396518858791563 33063368 33781725 718357
18 100 rs6567313 60702324 10 0.00388366586948957 60014463 60754772 740309
18 32 rs16955101 9429811 8 0.00383624656812892 8972284 9685268 712984
18 60 rs8094212 29034304 9 0.00382070665901459 29018114 29558592 540478
18 47 rs1465501 19814796 6 0.00381586043166859 18570235 19954143 1383908
18 119 rs1943825 70977587 9 -0.00375123039912389 70741699 71239581 497882
18 63 rs1589477 32103169 9 -0.0037499264069459 31906011 32891656 985645
18 83 rs7227761 49293769 3 -0.00325878191722114 49043350 49777309 733959
18 110 rs9962959 66234749 5 -0.00300408887808695 66234749 66600079 365330
18 77 rs1124349 45718309 3 0.00288452330150932 45624977 45793917 168940
18 46 rs785989 14902902 3 0.00268550666868089 14352092 14978677 626585
18 84 rs9951523 49867224 1 0.00255672224326743 49804768 50135346 330578
18 129 rs6420510 74527153 3 -0.00254716247252265 74496416 74782069 285653
18 21 rs2042721 6455243 4 -0.00247676535644671 6283038 6487465 204427
18 99 rs567629 59641926 8 -0.00245317709945558 59472346 60000477 528131
18 11 rs12457197 3680476 1 0.00237492217901206 3606272 3693772 87500
18 20 rs6506355 5971493 1 0.00237107678983052 5926216 6092335 166119
18 85 rs1431183 50822084 6 0.00236321412973109 50158120 51183679 1025559
18 128 rs4365382 74356391 5 0.00231841506397673 74327084 74449883 122799
18 98 rs9964155 59287860 2 0.00223635242406983 59246069 59404286 158217
18 16 rs12606863 4960022 4 -0.00222703500239427 4772807 5079328 306521
18 26 rs461096 7192456 2 -0.00221069768245079 7188754 7360317 171563
18 80 rs2000813 47093864 10 -0.00213189723105149 46564559 47521160 956601
18 120 rs11662822 71459511 2 -0.00212744240630919 71294169 71472843 178674
18 37 rs206605 10335737 3 0.00208261233271098 10323659 10597874 274215
18 131 rs4356557 75348779 1 -0.00196263458241139 75127574 75377547 249973
18 122 rs1573486 71955979 8 0.00189703861743568 71671333 72073178 401845
18 107 rs8099213 64952213 3 -0.00188506026603625 64255420 65263773 1008353
18 94 rs1788897 57419473 1 0.0018782953683761 57218840 57503378 284538
18 61 rs7237501 29919836 5 0.00187272927974939 29621938 30259109 637171
18 29 rs9966297 8402646 5 0.00159606836911844 8207445 8410522 203077
18 59 rs17799201 28610506 8 -0.00156809898607207 28584556 28988468 403912
18 33 rs7228240 9729894 2 0.00154049280045504 9710554 9787464 76910
18 43 rs527839 13087815 12 0.00138325800762728 12300936 13271319 970383
18 134 rs4799159 76280463 6 -0.00136193427644182 76242139 76502001 259862
18 44 rs16940343 13309150 3 0.00134862442015545 13294262 13434152 139890
18 73 rs10502868 43153949 5 0.00132677200112329 42973922 43840064 866142
18 34 rs8082842 9814778 2 0.00131519182109176 9814778 10029510 214732
18 17 rs599322 5148001 4 -0.00129865709436094 5096936 5298759 201823
18 30 rs12607517 8436239 1 0.0012472179408947 8436239 8656598 220359
18 6 rs2139661 2460332 1 0.00123738776602759 2308245 2639451 331206
18 117 rs9966507 70308101 3 0.00121045905727951 70099656 70488219 388563
18 75 rs12150739 45028821 11 -0.00117438033965962 44335724 45118805 783081
18 90 rs4528665 55715670 3 0.00110011057033737 55709155 55839162 130007
18 108 rs2448731 65376601 10 0.00108360359816077 65290714 65804001 513287
18 10 rs8083633 3522006 3 -0.00108022753166012 3373062 3522006 148944
18 82 rs2442959 48844773 7 9.705435977412314e-4 48250288 48974344 724056
18 51 rs6508344 22646735 5 -8.540167013656877e-4 22135024 22731360 596336
18 121 rs4552099 71610943 1 8.337352244956568e-4 71499151 71626962 127811
18 112 rs4891764 67320971 7 8.146774470843285e-4 67180067 67469275 289208
18 72 rs957001 42741032 5 -7.199352421280782e-4 42313262 42966587 653325
18 104 rs7227796 62502996 4 6.895722673152436e-4 62100203 62540568 440365
18 76 rs10502885 45155501 2 -6.657227875277094e-4 45132081 45599434 467353
18 130 rs1893829 74954315 2 6.596697884844139e-4 74848698 75108039 259341
18 136 rs891488 77637424 4 6.44648117303374e-4 77232709 77916015 683306
18 12 rs3915772 3848826 1 6.336001790097451e-4 3736629 4025719 289090
18 114 rs17082769 68204223 4 6.237343711448276e-4 68062874 68695033 632159
18 101 rs12457700 60860246 3 6.21384401360237e-4 60809783 60936047 126264
18 39 rs7235865 11041332 1 -6.108981773454497e-4 10849597 11136739 287142
18 88 rs754789 55201461 6 5.825402635091753e-4 54265847 55201461 935614
18 118 rs8092114 70573772 1 -5.303068119004272e-4 70512587 70704474 191887
18 123 rs516410 72407862 2 4.671094698777351e-4 72081736 72774673 692937
18 27 rs16951791 7448196 1 -4.476121239120551e-4 7377381 7635681 258300
18 23 rs7231122 6687257 1 -4.294308049550912e-4 6635800 6834651 198851
18 133 rs2898713 75926254 3 -4.061551971464453e-4 75858655 76187084 328429
18 36 rs12954327 10199279 1 3.982076721916895e-4 10167139 10295284 128145
18 97 rs9950956 58879662 1 3.62413670180579e-4 58824736 59166541 341805
18 79 rs4939832 46465665 2 -2.8930530518269575e-4 46263316 46539469 276153
18 86 rs588705 51763722 15 -2.3339881703723572e-4 51213366 53729156 2515790
18 15 rs12958338 4483453 4 1.8055870458978576e-4 4400387 4718609 318222
18 24 rs607230 6980523 5 -1.3508190163555658e-4 6851557 7034508 182951
18 68 rs307078 37642885 7 -1.2693430314928225e-4 36083127 37896596 1813469
18 126 rs8092429 73990475 6 -1.2062616762511124e-4 73528080 74055588 527508
18 74 rs34589386 44157764 4 1.027615997594971e-4 43897107 44292598 395491
18 135 rs4030882 76659706 4 3.604470212404629e-5 76512308 77147472 635164
18 105 rs681307 63126211 1 3.318723557095467e-5 62608159 63196837 588678
18 5 rs1940646 2002665 1 -2.644870501514519e-5 1970379 2200876 230497
18 124 rs1828098 72857946 3 2.357361392467828e-5 72813958 72933187 119229
18 66 rs488797 34970627 1 5.477116448475354e-6 34882659 35062163 179504
