CHR Group SNP.lead BP.lead Size W BP.min BP.max BP.width
14 8374 rs8017161 103563195 1 0.13479200577210768 103563195 103563195 0
14 7290 rs737522 93014672 2 0.04071946996669449 93014672 93014672 0
14 4774 rs3784099 68749927 2 0.04063614887269901 68749927 68749927 0
14 7307 rs17184313 93102251 2 0.03464097456886384 93102251 93102251 0
14 1511 rs712314 35408548 1 0.03432991342637082 35408548 35408548 0
14 1568 rs696 35871093 1 0.03108178283098984 35871093 35871093 0
14 7168 rs2202955 92118160 1 -0.03061760477704182 92118160 92118160 0
14 5457 rs2193596 75234101 1 0.0276392725493669 75234101 75234101 0
14 6251 rs11623789 82450632 1 0.02647354094653797 82450632 82450632 0
14 255 rs3748366 22204911 1 0.02617937370267395 22204911 22204911 0
14 1277 rs2300835 33207522 1 0.02416929367947537 33207522 33207522 0
14 3120 rs7152036 52331224 1 -0.02349120936660432 52331224 52331224 0
14 7121 rs1286077 91446384 1 -0.02323787806409879 91446384 91446384 0
14 7845 rs10145396 97255679 1 -0.02219261489807379 97255679 97255679 0
14 1758 rs177899 38139214 2 -0.02168817719270035 38139214 38139214 0
14 142 rs3827903 21211315 1 -0.0216858418805434 21211315 21211315 0
14 7073 rs10147469 91043669 1 -0.02109919341354065 91043669 91043669 0
14 7453 rs11621961 94769476 2 0.01943601477215256 94769476 94769476 0
14 6915 rs1287662 89290630 1 0.01907672280714096 89290630 89290630 0
14 5205 rs847342 72736038 1 -0.01797313983557064 72736038 72736038 0
14 8341 rs62000389 102912150 1 0.01742665207335075 102912150 102912150 0
14 7306 rs4904964 93099867 2 0.01681827912886409 93099867 93099867 0
14 8215 rs3742384 100800103 2 -0.01676665064500328 100800103 100800103 0
14 7311 rs3829947 93118038 1 0.01675181302665156 93118038 93118038 0
14 3758 rs1950996 58236413 1 -0.01653658738107387 58236413 58236413 0
14 8337 rs118141823 102900956 1 0.01644728975765913 102900956 102900956 0
14 7749 rs4328368 96275153 1 -0.01616331446197692 96275153 96275153 0
14 6551 rs10149105 85615940 1 -0.01591946138732512 85615940 85615940 0
14 2357 rs1959379 44974966 1 0.01584678130392513 44974966 44974966 0
14 7472 rs28929474 94844947 1 0.0157407075114184 94844947 94844947 0
14 1232 rs1951187 32908192 2 0.01538034020982194 32908192 32908192 0
14 6772 rs8017892 87851097 1 0.01533242272577363 87851097 87851097 0
14 4351 rs8005319 63822521 1 0.01529894322239557 63822521 63822521 0
14 3571 rs7153071 56408735 1 0.0151792743078737 56408735 56408735 0
14 4777 rs9323505 68786787 2 0.01476431420220585 68786787 68786787 0
14 6942 rs10133171 89592955 1 -0.01467882682910233 89592955 89592955 0
14 359 rs17255668 22747483 1 -0.01451178447359837 22747483 22747483 0
14 4495 rs2269308 65244950 1 -0.01429008793608352 65244950 65244950 0
14 6404 rs229776 83902685 2 0.01417938385569127 83902685 83902685 0
14 5963 rs7141420 79899454 1 0.01393946572293545 79899454 79899454 0
14 4775 rs911263 68753593 1 -0.01364798131811468 68753593 68753593 0
14 3727 rs268821 58033552 1 -0.01325055135957936 58033552 58033552 0
14 5827 rs177143 78590808 1 0.01313853148399338 78590808 78590808 0
14 5504 rs2300603 76005557 2 0.01298871281189253 76005557 76005557 0
14 1887 rs6571897 39587438 1 0.01298475756618838 39587438 39587438 0
14 15 rs12882648 20492492 1 -0.01294948804227722 20492492 20492492 0
14 4937 rs1275824 70194563 1 0.01284519671271309 70194563 70194563 0
14 5742 rs11622293 78203636 1 -0.01264736727964983 78203636 78203636 0
14 6311 rs7148115 83176013 2 0.01260252299263452 83176013 83176013 0
14 4659 rs1434903 66703569 1 0.0125740982571523 66703569 66703569 0
14 5658 rs17811635 77573757 2 0.01252463772634944 77573757 77573757 0
14 387 rs970348 23069853 1 0.01240150377105878 23069853 23069853 0
14 1073 rs718545 30489623 1 0.01239624511085409 30489623 30489623 0
14 5545 rs11621363 76530921 1 0.01222515115327986 76530921 76530921 0
14 1555 rs10147645 35802483 1 -0.01217487432260832 35802483 35802483 0
14 4589 rs2411915 65794692 1 0.01201963022266176 65794692 65794692 0
14 5857 rs11159346 78750987 1 -0.01181180119297207 78750987 78750987 0
14 1203 rs11622364 32661232 1 -0.01179384943648716 32661232 32661232 0
14 7979 rs7144501 98495938 2 0.01178576980118528 98495938 98495938 0
14 5547 rs17783366 76543004 1 0.01176068054427077 76543004 76543004 0
14 2927 rs10139934 50987481 1 0.01162459870675745 50987481 50987481 0
14 6881 rs8018774 88798458 1 0.01150148908631825 88798458 88798458 0
14 3033 rs11851025 51803928 1 -0.0114904053366586 51803928 51803928 0
14 4623 rs6573638 66328997 2 0.01133939580542882 66328997 66328997 0
14 4870 rs12050161 69360631 1 0.01131306813275047 69360631 69360631 0
14 8465 rs3924892 105494262 1 0.01121025336420302 105494262 105494262 0
14 7390 rs4905086 94236801 1 -0.01118357600816662 94236801 94236801 0
14 8444 rs4247027 105139894 2 0.01114605153777939 105139894 105139894 0
14 7822 rs17244398 97150802 1 -0.01112373564165554 97150802 97150802 0
14 4344 rs8008058 63777253 1 0.01108772817629793 63777253 63777253 0
14 5090 rs917065 71397846 1 -0.01105906072741302 71397846 71397846 0
14 1122 rs179562 31224458 1 0.01105267777640878 31224458 31224458 0
14 8232 rs12897601 101182284 1 0.01088744184420488 101182284 101182284 0
14 2052 rs8005565 41097075 2 0.01086989506350165 41097075 41097075 0
14 4394 rs11621026 64389502 1 0.01064252213590276 64389502 64389502 0
14 5263 rs2526896 73055107 1 0.01060843862399127 73055107 73055107 0
14 8110 rs1257613 99448000 1 0.01060796328582767 99448000 99448000 0
14 1032 rs7155255 29695661 1 0.01056653515554031 29695661 29695661 0
14 3671 rs862152 57244671 1 -0.01054820634336996 57244671 57244671 0
14 1192 rs11156725 32496696 1 0.01052121698765407 32496696 32496696 0
14 1488 rs2275147 35271874 1 -0.01051727342109508 35271874 35271874 0
14 2889 rs4900974 50462432 2 0.01049140818921646 50462432 50462432 0
14 4013 rs216526 60650086 2 0.01048021649297751 60650086 60650086 0
14 7355 rs12895695 93595051 1 -0.01025214717200669 93595051 93595051 0
14 8370 rs7149097 103539669 1 0.01018568680588728 103539669 103539669 0
14 3413 rs1950208 54761459 1 -0.01018376545597089 54761459 54761459 0
14 2837 rs7146952 49773025 1 0.01017121840396887 49773025 49773025 0
14 1189 rs4981146 32454372 1 -0.01011051798655133 32454372 32454372 0
14 7510 rs1955652 95041478 1 -0.01004428013352665 95041478 95041478 0
14 8197 rs1212695 100530629 1 -0.00997301377815466 100530629 100530629 0
14 1309 rs17460823 33586563 1 0.00984537909792545 33586563 33586563 0
14 4951 rs7142362 70416718 2 -0.00970647158877834 70416718 70416718 0
14 1569 rs8904 35871217 1 0.00969146888384883 35871217 35871217 0
14 1597 rs7147797 36449424 2 0.00965806115246998 36449424 36449424 0
14 7932 rs1350922 98246190 2 0.00953511411271674 98246190 98246190 0
14 2877 rs3007030 50086563 1 -0.00951377428066835 50086563 50086563 0
14 8378 rs2771396 103660158 1 0.00946996269538933 103660158 103660158 0
14 4795 rs10132294 68887667 2 0.00946677358285565 68887667 68887667 0
14 4569 rs945015 65612620 1 -0.00944299773941513 65612620 65612620 0
14 4000 rs7154819 60087380 1 -0.00941256835007862 60087380 60087380 0
14 7164 rs1397163 92104196 1 0.00904583024788059 92104196 92104196 0
14 7132 rs12589587 91611001 2 0.00899080416986642 91611001 91611001 0
14 325 rs2178787 22604418 1 0.00898320891151341 22604418 22604418 0
14 3834 rs311817 59079985 1 -0.00878214922049403 59079985 59079985 0
14 8285 rs10144492 101991506 1 0.00876952406590124 101991506 101991506 0
14 767 rs1956612 26436743 1 0.00873588505619252 26436743 26436743 0
14 2055 rs17111162 41279247 1 0.00870136246397822 41279247 41279247 0
14 8322 rs7152164 102536073 1 0.00869810845542451 102536073 102536073 0
14 8392 rs6575979 103841018 1 0.00864407495288467 103841018 103841018 0
14 4918 rs11622064 69810354 1 0.00858271494927006 69810354 69810354 0
14 2833 rs2790581 49732227 1 -0.00851456931864948 49732227 49732227 0
14 3953 rs755011 59815040 2 -0.00842307700539608 59815040 59815040 0
14 8452 rs1048257 105404384 1 0.00842278879399799 105404384 105404384 0
14 1274 rs10146185 33200055 1 0.00833698697419653 33200055 33200055 0
14 6828 rs12883250 88446876 2 0.00832621754413651 88446876 88446876 0
14 7937 rs966047 98273349 2 0.00823305475112886 98273349 98273349 0
14 4910 rs2185492 69765077 1 0.00820644966354568 69765077 69765077 0
14 1553 rs17536892 35760062 2 0.0081610105768976891 35760062 35760062 0
14 883 rs12887396 27749054 1 -0.00801660266788694 27749054 27749054 0
14 6242 rs4904036 82349283 1 0.00796622826728553 82349283 82349283 0
14 918 rs17112865 28038607 1 0.00795142615662744 28038607 28038607 0
14 64 rs17106351 20692305 1 -0.00791760739895939 20692305 20692305 0
14 1683 rs8010088 37190065 1 -0.00790212618381209 37190065 37190065 0
14 3632 rs10149559 56882189 1 0.00789264817167973 56882189 56882189 0
14 8206 rs12588659 100587813 1 0.00786064061395307 100587813 100587813 0
14 6012 rs2293836 80307290 1 -0.00777475463228518 80307290 80307290 0
14 120 rs8011671 21020554 1 -0.00777140268292072 21020554 21020554 0
14 3481 rs8009181 55583424 1 0.00776771086267489 55583424 55583424 0
14 8463 rs3204172 105476853 1 -0.00774219047774456 105476853 105476853 0
14 676 rs17109307 25384645 1 0.00768660672009341 25384645 25384645 0
14 3391 rs2358477 54607636 1 0.00767448873658994 54607636 54607636 0
14 2748 rs1371793 48903488 1 -0.00766391079716374 48903488 48903488 0
14 4511 rs170680 65271311 1 0.00761413544979315 65271311 65271311 0
14 4727 rs17782775 68204433 1 -0.0075854479799142 68204433 68204433 0
14 4144 rs217671 62360464 1 0.00750085031407026 62360464 62360464 0
14 3346 rs10147611 54234753 1 0.00749543505542214 54234753 54234753 0
14 6186 rs3813535 81744736 1 -0.00749114831496686 81744736 81744736 0
14 5612 rs3813545 76967305 1 0.00745241302752396 76967305 76967305 0
14 8125 rs1257499 99566723 2 -0.00744916669034779 99566723 99566723 0
14 3434 rs115333865 55004449 1 0.0074196415944257 55004449 55004449 0
14 4858 rs1465788 69263599 2 0.00740330604767441 69263599 69263599 0
14 2186 rs1712719 43173574 1 0.00740298834681076 43173574 43173574 0
14 2986 rs12881920 51458889 1 -0.00737990285672876 51458889 51458889 0
14 8063 rs4900413 99083042 1 -0.00736629817562711 99083042 99083042 0
14 5650 rs7160583 77332408 1 -0.00732804543345853 77332408 77332408 0
14 8043 rs8021007 98943569 1 0.00728424131241142 98943569 98943569 0
14 8218 rs2273800 100847707 1 -0.00720985618268056 100847707 100847707 0
14 2286 rs2182977 44279080 2 0.00718908229487182 44279080 44279080 0
14 6759 rs2533005 87627303 2 0.00714763842866955 87627303 87627303 0
14 7722 rs7161223 96127082 1 0.0071466033131544196 96127082 96127082 0
14 2239 rs1389565 43836526 1 0.00706467614335798 43836526 43836526 0
14 2867 rs12435094 49992347 1 0.0070531545429565 49992347 49992347 0
14 8448 rs1132975 105222037 2 0.00705136518480857 105222037 105222037 0
14 171 rs10146416 21519599 2 -0.00700711063561929 21519599 21519599 0
14 5001 rs41286548 70633411 1 0.00700380485183704 70633411 70633411 0
14 6875 rs419634 88753328 1 -0.00699084040766022 88753328 88753328 0
14 7899 rs10131135 97717525 1 0.00698712768955916 97717525 97717525 0
14 399 rs11624867 23128339 1 -0.00694602075249997 23128339 23128339 0
14 1888 rs9322993 39605542 1 0.0068630494983862 39605542 39605542 0
14 5289 rs11622224 73304565 1 -0.00685034368413978 73304565 73304565 0
14 307 rs2874146 22374399 2 0.00681694472483132 22374399 22374399 0
14 4358 rs12435569 63832174 1 0.00679734521071919 63832174 63832174 0
14 4911 rs4902713 69770939 1 0.00676868840881312 69770939 69770939 0
14 8297 rs7141459 102258662 1 0.00675378969418607 102258662 102258662 0
14 6438 rs2026207 84342909 1 0.00673424866883464 84342909 84342909 0
14 1831 rs2415482 38958967 2 -0.00665026178759795 38958967 38958967 0
14 6982 rs243202 90048612 1 0.00660748060646274 90048612 90048612 0
14 7446 rs8015878 94606570 1 -0.00660174155738384 94606570 94606570 0
14 532 rs7158744 24717791 1 0.00659412206113649 24717791 24717791 0
14 7999 rs10484125 98660236 1 0.00658916100746462 98660236 98660236 0
14 3112 rs1002132 52285373 1 0.00658612829735131 52285373 52285373 0
14 2763 rs17120305 49063187 1 0.00657354577623334 49063187 49063187 0
14 6185 rs45541932 81744076 1 0.0065630102376983 81744076 81744076 0
14 8356 rs2403102 103306215 1 0.00646959049665172 103306215 103306215 0
14 2896 rs142236510 50558441 1 -0.00643978441268875 50558441 50558441 0
14 5901 rs918270 79018345 1 0.00639285742831679 79018345 79018345 0
14 2915 rs10143848 50844119 1 -0.00639138727558394 50844119 50844119 0
14 2000 rs1951325 40352541 1 -0.00637586085656738 40352541 40352541 0
14 6201 rs11499034 81972441 2 -0.00621152025304812 81972441 81972441 0
14 6970 rs243224 89954050 1 0.0061783320801659 89954050 89954050 0
14 4913 rs9672058 69775860 2 0.00611939236148856 69775860 69775860 0
14 3558 rs945272 56336645 1 -0.0061058766395354 56336645 56336645 0
14 4206 rs1514928 62678303 1 0.00604277170335693 62678303 62678303 0
14 7072 rs1286496 91027608 1 0.00592576527232635 91027608 91027608 0
14 6425 rs7157077 84223384 1 -0.00592572138779793 84223384 84223384 0
14 6322 rs7145839 83267946 1 -0.00590847170389565 83267946 83267946 0
14 4712 rs2064928 68025448 1 -0.00587599696505282 68025448 68025448 0
14 6398 rs162654 83778352 1 0.00587187634729671 83778352 83778352 0
14 2701 rs698331 48536772 1 -0.00583995853937533 48536772 48536772 0
14 6754 rs1420813 87476592 1 0.00580534952128408 87476592 87476592 0
14 8181 rs7152866 100253163 1 0.00560316092874404 100253163 100253163 0
14 3635 rs1307538 56920207 2 -0.00556624289730189 56920207 56920207 0
14 4106 rs2181985 61940910 1 0.00545329881913046 61940910 61940910 0
14 327 rs7150327 22606250 1 0.00545051546323501 22606250 22606250 0
14 431 rs3742486 23568376 2 -0.00542777859763139 23568376 23568376 0
14 7447 rs1956451 94620193 1 0.00542605575312926 94620193 94620193 0
14 5982 rs1544726 80041983 1 -0.0053994706124484 80041983 80041983 0
14 6991 rs4904594 90122106 1 0.00537295825038297 90122106 90122106 0
14 3252 rs17125646 53147143 1 -0.00536542289697445 53147143 53147143 0
14 4136 rs10129270 62181954 1 0.00535895160075298 62181954 62181954 0
14 366 rs4982619 22844970 1 -0.00533146707152658 22844970 22844970 0
14 3327 rs7149928 54098459 1 0.00529131012741509 54098459 54098459 0
14 3845 rs311864 59214542 1 -0.00525444899507528 59214542 59214542 0
14 400 rs943889 23169536 1 0.00521121219363067 23169536 23169536 0
14 8132 rs1257424 99652561 1 -0.00516249922148932 99652561 99652561 0
14 1072 rs12431442 30489157 2 -0.00515668206021233 30489157 30489157 0
14 4781 rs9989153 68796192 1 0.00511615472729309 68796192 68796192 0
14 1103 rs12436395 30706026 2 0.00507401632118313 30706026 30706026 0
14 3495 rs17672364 55705904 1 -0.00504976716680508 55705904 55705904 0
14 3039 rs10149162 51821239 1 -0.00503398797433022 51821239 51821239 0
14 2671 rs9672030 48387621 1 -0.00503129757887827 48387621 48387621 0
14 6154 rs917986 81470655 1 0.00501052229088046 81470655 81470655 0
14 7102 rs10137818 91239728 1 -0.00498993769363969 91239728 91239728 0
14 3308 rs1954332 53889138 1 -0.00498670359995096 53889138 53889138 0
14 7213 rs12886909 92588192 1 0.00497421636610819 92588192 92588192 0
14 1004 rs1002750 29145878 1 0.004964514729726 29145878 29145878 0
14 260 rs4329837 22237187 1 -0.00496048832001469 22237187 22237187 0
14 7642 rs1187751 95894578 1 -0.00493636280106099 95894578 95894578 0
14 1104 rs6571342 30802421 1 0.0049355830154667 30802421 30802421 0
14 6841 rs4899932 88486054 1 -0.00492741417660759 88486054 88486054 0
14 8007 rs1271087 98700689 1 -0.00490701811046155 98700689 98700689 0
14 621 rs206222 25189197 1 0.00486943532529392 25189197 25189197 0
14 3050 rs10147918 51898181 1 0.00481723348671759 51898181 51898181 0
14 8461 rs894039 105461067 2 0.00481611301348427 105461067 105461067 0
14 4707 rs10873203 67974505 2 0.00477099513290565 67974505 67974505 0
14 448 rs17256141 23726814 1 0.00474198320831853 23726814 23726814 0
14 3328 rs210381 54107791 1 -0.00473499681191073 54107791 54107791 0
14 3854 rs856221 59249294 1 -0.00470770681039693 59249294 59249294 0
14 1378 rs12881368 33979974 1 0.00468916165939693 33979974 33979974 0
14 16 rs2039864 20495913 1 0.00465504120368625 20495913 20495913 0
14 5908 rs11629205 79156785 1 0.00462650734425492 79156785 79156785 0
14 5853 rs7158445 78719220 1 0.00457795278095863 78719220 78719220 0
14 1117 rs10143215 31111860 2 -0.00456811423638672 31111860 31111860 0
14 4840 rs1275049 69184322 1 0.0044933189795232 69184322 69184322 0
14 3347 rs10498453 54238642 1 0.00445517744332166 54238642 54238642 0
14 4039 rs1956556 60818257 1 -0.00445373143411354 60818257 60818257 0
14 4434 rs3915546 64617958 1 -0.004429138695205 64617958 64617958 0
14 430 rs61745081 23564437 1 0.0043743174534439 23564437 23564437 0
14 2387 rs61753893 45636328 1 0.00433056662121778 45636328 45636328 0
14 4029 rs8004280 60780429 1 0.00432453598644165 60780429 60780429 0
14 7350 rs12435423 93459859 2 0.00432135204026596 93459859 93459859 0
14 7508 rs12895360 95038922 1 0.00424647634820535 95038922 95038922 0
14 2724 rs10140204 48675018 1 -0.00422578987720317 48675018 48675018 0
14 1407 rs1958058 34260635 1 0.00421945268116982 34260635 34260635 0
14 2103 rs1957863 42302552 1 0.00421074025111441 42302552 42302552 0
14 6911 rs10136653 89134686 2 -0.00414427301084923 89134686 89134686 0
14 3420 rs10483632 54796968 1 -0.00413014843455256 54796968 54796968 0
14 1963 rs9944043 40113638 1 -0.00411150491049142 40113638 40113638 0
14 9 rs12147889 20484740 1 -0.0041079559198692 20484740 20484740 0
14 1564 rs8016947 35832666 2 0.00408651282470163 35832666 35832666 0
14 1572 rs8008601 35887431 2 0.00408484224974019 35887431 35887431 0
14 660 rs854342 25339449 1 0.00408326602127553 25339449 25339449 0
14 4699 rs3818468 67862371 1 0.00407609150012017 67862371 67862371 0
14 3544 rs12887389 56237212 1 0.00407099134246661 56237212 56237212 0
14 1509 rs1712349 35400075 1 -0.00401647802812334 35400075 35400075 0
14 4470 rs745686 64930632 1 0.00400725036717096 64930632 64930632 0
14 5365 rs17782124 74203789 1 0.00397297441539263 74203789 74203789 0
14 7939 rs2781400 98282225 2 -0.00397153585255627 98282225 98282225 0
14 3919 rs3759700 59563136 2 0.00394964755993113 59563136 59563136 0
14 6837 rs2165570 88474122 1 0.00393218154801525 88474122 88474122 0
14 8122 rs7147065 99529685 1 0.00393125714591067 99529685 99529685 0
14 445 rs11629105 23721880 1 0.0039215752301355 23721880 23721880 0
14 5777 rs7141888 78394566 2 -0.00389516326977948 78394566 78394566 0
14 5715 rs17105930 78007165 1 0.00383138519889989 78007165 78007165 0
14 4317 rs6573491 63591740 1 -0.00375050351551886 63591740 63591740 0
14 1790 rs10498337 38577801 1 -0.00372403071952549 38577801 38577801 0
14 1829 rs6650500 38940508 1 0.00372263700154299 38940508 38940508 0
14 4350 rs10134021 63811438 1 0.00366522629662082 63811438 63811438 0
14 5808 rs12590451 78541015 1 0.00365872210455797 78541015 78541015 0
14 4861 rs393673 69328441 1 -0.00364568384353582 69328441 69328441 0
14 3157 rs3825594 52507206 1 -0.00362148538345329 52507206 52507206 0
14 3248 rs11623917 52921896 1 -0.00361345663891683 52921896 52921896 0
14 317 rs2222928 22483101 1 -0.00360452340879906 22483101 22483101 0
14 2959 rs11157776 51341887 1 0.00359587977694555 51341887 51341887 0
14 5262 rs2526901 73052703 1 0.00359570763744647 73052703 73052703 0
14 4512 rs2277503 65271780 2 0.00358536029358905 65271780 65271780 0
14 2276 rs10141219 44202232 1 -0.00352097660046906 44202232 44202232 0
14 7399 rs4905092 94300230 2 -0.00351409711025646 94300230 94300230 0
14 3184 rs10151177 52575512 1 0.00351060465925603 52575512 52575512 0
14 4862 rs412638 69328594 1 -0.0035055190546763 69328594 69328594 0
14 5370 rs2336561 74288871 1 0.00350090842317733 74288871 74288871 0
14 3806 rs7140492 58520500 2 0.00348571294651585 58520500 58520500 0
14 599 rs10873219 25101706 1 0.00348132031013393 25101706 25101706 0
14 917 rs2022881 28037037 1 0.00347736551492092 28037037 28037037 0
14 6566 rs12879844 85699685 1 -0.00347099502998118 85699685 85699685 0
14 6725 rs1289253 87039711 1 -0.00346618702664249 87039711 87039711 0
14 1998 rs8013386 40343703 1 0.00346243361232935 40343703 40343703 0
14 2836 rs6572562 49770953 1 -0.00345324425220675 49770953 49770953 0
14 4897 rs45557240 69704434 1 0.0034529753882396 69704434 69704434 0
14 439 rs910795 23632506 1 -0.00344510251145581 23632506 23632506 0
14 5965 rs4903859 79904519 2 -0.00343583359631648 79904519 79904519 0
14 1702 rs6571765 37324368 1 -0.00341915773946333 37324368 37324368 0
14 340 rs17198047 22690191 2 -0.00341187636175921 22690191 22690191 0
14 828 rs6575139 27174402 1 0.00338773424227425 27174402 27174402 0
14 3251 rs17125639 53132847 1 -0.00337203941877024 53132847 53132847 0
14 7109 rs743201 91277252 1 0.0033334467893143 91277252 91277252 0
14 3656 rs4901702 57090588 1 0.00330667587867637 57090588 57090588 0
14 8477 rs3825762 105752404 2 -0.00327479157016444 105752404 105752404 0
14 1567 rs1951276 35853388 1 -0.0032606677461802 35853388 35853388 0
14 8140 rs2693693 99676186 1 -0.00323647084777118 99676186 99676186 0
14 6581 rs4904245 85789611 1 -0.00322417889212156 85789611 85789611 0
14 1944 rs1980523 40016353 2 -0.00322008699887718 40016353 40016353 0
14 659 rs4983025 25330915 1 0.0032182912500054 25330915 25330915 0
14 3986 rs112952088 60027907 1 0.00320804710602027 60027907 60027907 0
14 7283 rs12434016 92938553 2 0.00319312081512741 92938553 92938553 0
14 205 rs1061026 21967109 1 0.00315975716480272 21967109 21967109 0
14 8441 rs7147000 105007815 1 0.00315757367486985 105007815 105007815 0
14 2324 rs10220539 44586864 1 0.00315513855265387 44586864 44586864 0
14 6684 rs1394706 86723836 2 0.00314180162966049 86723836 86723836 0
14 6368 rs12437252 83491618 1 0.00312621460519591 83491618 83491618 0
14 2299 rs7153178 44373149 1 0.00312565391019305 44373149 44373149 0
14 8116 rs4905794 99479669 1 -0.00312483224782509 99479669 99479669 0
14 2773 rs2585352 49124236 1 -0.0030946969694961 49124236 49124236 0
14 8283 rs7156106 101947144 1 0.0030846601301956 101947144 101947144 0
14 2208 rs12888788 43517553 1 0.00307551715438076 43517553 43517553 0
14 3922 rs11851538 59569224 1 0.00304232850848367 59569224 59569224 0
14 656 rs854333 25328867 1 0.00303821570881053 25328867 25328867 0
14 4146 rs217676 62363763 2 0.00303103439563047 62363763 62363763 0
14 7395 rs11626249 94267755 2 -0.00302544264188934 94267755 94267755 0
14 6517 rs2765912 85175316 1 0.00302416226573831 85175316 85175316 0
14 6380 rs10131371 83587297 1 0.00302129726038635 83587297 83587297 0
14 3646 rs8011927 57032809 1 -0.00300646203063605 57032809 57032809 0
14 2254 rs2009767 43980703 1 0.00299977659005636 43980703 43980703 0
14 644 rs8007588 25287011 1 -0.00297614133928378 25287011 25287011 0
14 2350 rs438402 44948461 2 -0.00294868545924376 44948461 44948461 0
14 7374 rs1242772 93928351 1 -0.00294236212659818 93928351 93928351 0
14 1364 rs10148795 33845322 1 0.00293454599868893 33845322 33845322 0
14 1472 rs7154505 34994629 1 -0.00293079287057892 34994629 34994629 0
14 4087 rs872147 61778915 1 0.00292001164932467 61778915 61778915 0
14 5606 rs12435564 76911211 1 -0.00290444817667045 76911211 76911211 0
14 7272 rs10134832 92928693 2 -0.00289844513790457 92928693 92928693 0
14 2396 rs4900672 45897330 1 -0.00289089030854091 45897330 45897330 0
14 1109 rs720046 30978745 1 0.00287946011000018 30978745 30978745 0
14 8231 rs7152943 101174159 1 0.00286162965129743 101174159 101174159 0
14 3811 rs8017387 58593283 1 -0.00286127999674551 58593283 58593283 0
14 945 rs8007099 28367958 1 0.00285931289258226 28367958 28367958 0
14 1237 rs7140949 32913332 2 -0.00284692024399921 32913332 32913332 0
14 7771 rs11845882 96565323 1 -0.00282753747918346 96565323 96565323 0
14 2020 rs7158539 40698064 1 -0.00281443985623599 40698064 40698064 0
14 4025 rs7146234 60744634 1 0.00281258358178996 60744634 60744634 0
14 531 rs34354104 24707479 1 -0.00280954689513369 24707479 24707479 0
14 406 rs6572731 23237835 2 -0.00280565976656137 23237835 23237835 0
14 8371 rs11844761 103547430 1 0.00279707990144093 103547430 103547430 0
14 2033 rs1000203 40896108 2 0.0027957315527543 40896108 40896108 0
14 947 rs10220568 28429366 1 0.00277320642825748 28429366 28429366 0
14 1946 rs6571943 40025246 1 -0.00276718767288292 40025246 40025246 0
14 4853 rs11621104 69239751 1 -0.00270367683540879 69239751 69239751 0
14 1545 rs8015175 35714499 1 0.00267204821357488 35714499 35714499 0
14 1551 rs10137019 35748036 2 -0.00266942034359507 35748036 35748036 0
14 8037 rs8022566 98929902 1 -0.0026664361329776 98929902 98929902 0
14 7070 rs1294577 91015725 1 -0.00265033039427725 91015725 91015725 0
14 916 rs1892555 28027925 2 -0.0025819620944898 28027925 28027925 0
14 0 rs10484218 20425051 1 -0.00257850744532221 20425051 20425051 0
14 6908 rs11159863 89108778 2 -0.00257029055353504 89108778 89108778 0
14 6920 rs10134036 89334166 1 -0.002566064589676 89334166 89334166 0
14 4709 rs7161368 67983868 1 0.00252952352873423 67983868 67983868 0
14 73 rs8010116 20723695 1 0.00251874312548079 20723695 20723695 0
14 529 rs2295322 24679877 1 -0.00251569343189431 24679877 24679877 0
14 4432 rs10151658 64612858 1 0.0025011404122806 64612858 64612858 0
14 8266 rs8013718 101689506 1 -0.00247751003526863 101689506 101689506 0
14 713 rs11159148 25682271 1 0.00247397296341579 25682271 25682271 0
14 6245 rs12184964 82368440 2 0.00245634610076228 82368440 82368440 0
14 3051 rs10148432 51898666 1 -0.00245359096659285 51898666 51898666 0
14 5881 rs10483901 78898025 1 -0.00244332889398254 78898025 78898025 0
14 225 rs4982475 22101945 1 0.00244182849570073 22101945 22101945 0
14 2921 rs17780143 50901768 1 -0.00241375464555443 50901768 50901768 0
14 2941 rs2984277 51197147 2 0.0024130767209477 51197147 51197147 0
14 7884 rs17094912 97537371 1 -0.00239434294573629 97537371 97537371 0
14 4389 rs12893838 64365757 1 -0.00238772991077669 64365757 64365757 0
14 4691 rs17104103 67661952 1 -0.00238532257433626 67661952 67661952 0
14 1570 rs3138045 35877721 2 -0.00237127408830751 35877721 35877721 0
14 6822 rs415076 88411295 1 -0.00235579209688977 88411295 88411295 0
14 7154 rs4904785 91956870 1 -0.00234614205177518 91956870 91956870 0
14 6800 rs1288742 88132761 1 -0.00234214589597167 88132761 88132761 0
14 1208 rs17098611 32695421 1 -0.00233183574661462 32695421 32695421 0
14 3735 rs1745690 58073401 2 0.00231529935427755 58073401 58073401 0
14 3974 rs2774052 59900020 1 0.0023145014094649 59900020 59900020 0
14 8372 rs11849097 103547484 1 0.00230508815486736 103547484 103547484 0
14 7897 rs943587 97636701 1 0.00228868036371564 97636701 97636701 0
14 1305 rs8010723 33555319 1 0.00227717706322071 33555319 33555319 0
14 1868 rs17108549 39376359 1 0.00227706662464607 39376359 39376359 0
14 3188 rs7141394 52586244 1 0.00227237170471255 52586244 52586244 0
14 7832 rs11624336 97193512 1 -0.0022524940686689 97193512 97193512 0
14 8473 rs2816661 105596010 2 0.00223546160229442 105596010 105596010 0
14 7417 rs10142728 94464489 1 -0.0022182221157471 94464489 94464489 0
14 879 rs7145616 27705881 1 -0.00221383140943413 27705881 27705881 0
14 4889 rs7144924 69472159 1 -0.00219727586927772 69472159 69472159 0
14 3073 rs11852062 51952408 2 0.00219414698739669 51952408 51952408 0
14 164 rs2771358 21422666 1 0.00219388547590224 21422666 21422666 0
14 5121 rs11158907 71987065 1 0.0021787875854064 71987065 71987065 0
14 3128 rs10133203 52355387 1 0.00217691560232886 52355387 52355387 0
14 2849 rs2183617 49838397 1 0.0021757158838134902 49838397 49838397 0
14 2015 rs11157110 40625255 1 -0.00215870754695615 40625255 40625255 0
14 2892 rs12892774 50478328 2 0.00215146925216208 50478328 50478328 0
14 6787 rs10142090 87926629 1 0.00213394720929328 87926629 87926629 0
14 4933 rs12589913 70092489 1 -0.00212925349952755 70092489 70092489 0
14 6849 rs10130801 88528910 2 0.00210066330888604 88528910 88528910 0
14 649 rs1241650 25313964 1 -0.00209318262695025 25313964 25313964 0
14 266 rs12897392 22246805 1 0.00207714776111049 22246805 22246805 0
14 3288 rs1424832 53702370 2 -0.00206936884488029 53702370 53702370 0
14 7128 rs4900070 91590988 1 0.00206748814703954 91590988 91590988 0
14 8300 rs1678019 102328945 2 -0.00206556026934227 102328945 102328945 0
14 3261 rs4898765 53281883 1 -0.00205698482520862 53281883 53281883 0
14 6008 rs8003909 80300198 1 0.00203537604722183 80300198 80300198 0
14 8126 rs1257501 99567351 1 -0.00202790809367751 99567351 99567351 0
14 1059 rs17115183 30137407 1 0.00202016223491831 30137407 30137407 0
14 5294 rs17781655 73325384 1 0.00199315054081378 73325384 73325384 0
14 4405 rs9944035 64447776 1 0.00198699242463861 64447776 64447776 0
14 3464 rs3783637 55348118 1 0.00196459415704794 55348118 55348118 0
14 1406 rs7141728 34239296 1 -0.00195410413831537 34239296 34239296 0
14 6247 rs1959139 82396190 1 -0.00195221768963283 82396190 82396190 0
14 7528 rs8023057 95097556 1 -0.0019490862353984 95097556 95097556 0
14 7136 rs2540879 91708195 1 -0.0019413657127232 91708195 91708195 0
14 1381 rs17101417 33982311 1 -0.00193922879605219 33982311 33982311 0
14 121 rs1243647 21024619 1 -0.00193586629546583 21024619 21024619 0
14 1814 rs7149898 38752752 2 0.00193095113831921 38752752 38752752 0
14 4145 rs912377 62361902 1 0.00192297160021819 62361902 62361902 0
14 4270 rs2046811 63047648 1 0.00192047671476532 63047648 63047648 0
14 1507 rs799661 35390146 1 -0.00190524876538891 35390146 35390146 0
14 8265 rs6575836 101679255 1 -0.001893712022311 101679255 101679255 0
14 4336 rs10483767 63726715 1 -0.00189011902660758 63726715 63726715 0
14 3137 rs10498440 52413573 1 0.00187985966088432 52413573 52413573 0
14 3333 rs210367 54136462 1 -0.00186790870072983 54136462 54136462 0
14 7353 rs2749509 93528114 1 0.00186351175133343 93528114 93528114 0
14 4156 rs7156151 62457053 1 -0.00186137960120621 62457053 62457053 0
14 3575 rs7145347 56433709 1 -0.0018605143417545 56433709 56433709 0
14 4147 rs217677 62364085 2 0.00185466510086826 62364085 62364085 0
14 1428 rs980464 34568993 1 0.00185162706790442 34568993 34568993 0
14 7554 rs8016615 95187870 1 0.00185093696809228 95187870 95187870 0
14 4711 rs12433356 68019608 1 -0.00181979608007165 68019608 68019608 0
14 7066 rs7152250 90983296 1 0.00179865090108456 90983296 90983296 0
14 3421 rs10483633 54798595 1 -0.0017809848210533 54798595 54798595 0
14 3719 rs389413 58022595 2 0.00177105319779992 58022595 58022595 0
14 8183 rs8181926 100283248 1 -0.00177015529692959 100283248 100283248 0
14 970 rs9671720 28714229 1 -0.00176924582180849 28714229 28714229 0
14 4827 rs12890235 69089903 2 0.00174902700263212 69089903 69089903 0
14 1789 rs2415438 38577533 2 0.00174043400577305 38577533 38577533 0
14 6006 rs7156557 80297163 1 0.00173438129910874 80297163 80297163 0
14 5033 rs12880777 70874695 1 -0.00173245388522621 70874695 70874695 0
14 2392 rs17115982 45783546 1 -0.00172507700782308 45783546 45783546 0
14 5966 rs4903860 79905726 1 0.00171925130018183 79905726 79905726 0
14 5747 rs11159290 78289694 1 -0.00171904687958701 78289694 78289694 0
14 5695 rs45527334 77844265 1 -0.00171585626361556 77844265 77844265 0
14 8006 rs1780864 98694584 1 0.00169974719873741 98694584 98694584 0
14 5366 rs13379043 74250126 1 0.00168842079484844 74250126 74250126 0
14 5506 rs10483869 76028680 1 0.00166525872728042 76028680 76028680 0
14 6206 rs7160681 82044026 1 -0.00165897827448716 82044026 82044026 0
14 1727 rs12050275 37469378 1 0.00164851578132821 37469378 37469378 0
14 5254 rs1548685 72958725 1 0.00163964065132943 72958725 72958725 0
14 6025 rs7147199 80417718 2 -0.0016311532953321 80417718 80417718 0
14 1870 rs6571880 39388881 1 -0.00162888295580086 39388881 39388881 0
14 1412 rs10137683 34308644 1 -0.00161296146897946 34308644 34308644 0
14 492 rs7142207 24164243 2 0.00160923739971625 24164243 24164243 0
14 6909 rs2033417 89118691 1 -0.00159031336145515 89118691 89118691 0
14 1724 rs911008 37462847 1 0.00158735282184759 37462847 37462847 0
14 6764 rs8010039 87765589 2 0.00158390324559849 87765589 87765589 0
14 5134 rs10137011 72270801 1 -0.00157896701883794 72270801 72270801 0
14 3398 rs1953743 54652479 1 0.00157307061103897 54652479 54652479 0
14 3852 rs10149208 59243338 2 -0.0015684385173178 59243338 59243338 0
14 6783 rs10140280 87913934 1 0.00156655196581622 87913934 87913934 0
14 6474 rs4904166 84638109 1 -0.00156463055607936 84638109 84638109 0
14 1200 rs10483395 32638913 1 -0.00154361840910886 32638913 32638913 0
14 6665 rs11159732 86257811 1 0.00154216534206789 86257811 86257811 0
14 4797 rs1570107 68904059 2 0.00153906326502718 68904059 68904059 0
14 3117 rs2983088 52302092 1 -0.00153760324829743 52302092 52302092 0
14 6027 rs1158314 80427732 1 -0.00153709075870417 80427732 80427732 0
14 7687 rs12878813 96061964 1 -0.00153610367924432 96061964 96061964 0
14 7680 rs11621926 96054262 1 -0.00153516126368644 96054262 96054262 0
14 4478 rs1453009 64995694 1 0.00153402166213497 64995694 64995694 0
14 2497 rs1381645 47212110 1 -0.00153313274143368 47212110 47212110 0
14 5144 rs36453 72334903 1 0.00152923641996666 72334903 72334903 0
14 126 rs17308457 21078596 1 0.00152820962547181 21078596 21078596 0
14 2336 rs10136083 44820190 1 -0.00152668744050012 44820190 44820190 0
14 7917 rs2781407 97959474 1 -0.00152268898524086 97959474 97959474 0
14 3289 rs763328 53707009 1 -0.00151997696574687 53707009 53707009 0
14 2973 rs3783273 51395083 1 0.00151543609383422 51395083 51395083 0
14 3417 rs9323262 54794214 1 -0.00151543319158518 54794214 54794214 0
14 3812 rs17094363 58602550 2 -0.00151200442501882 58602550 58602550 0
14 19 rs17122640 20503541 1 0.00150918195118293 20503541 20503541 0
14 4893 rs2056153 69574999 1 -0.00150864016547692 69574999 69574999 0
14 7627 rs942328 95823078 1 -0.00149969019109923 95823078 95823078 0
14 3721 rs268803 58026839 2 -0.00149669809303046 58026839 58026839 0
14 5546 rs11159170 76540682 1 0.00149653253941746 76540682 76540682 0
14 1315 rs4143873 33619522 1 -0.00149576083646309 33619522 33619522 0
14 156 rs1885318 21244696 1 -0.00149068190080186 21244696 21244696 0
14 4952 rs6573919 70422682 1 0.00148878871054086 70422682 70422682 0
14 7560 rs10134903 95229777 1 -0.00148779111824093 95229777 95229777 0
14 2194 rs7144495 43398252 1 0.00148191875845135 43398252 43398252 0
14 6689 rs10133064 86774395 1 0.00148155170452614 86774395 86774395 0
14 1684 rs11847459 37199161 2 -0.00147163334574326 37199161 37199161 0
14 3047 rs1890697 51892138 2 0.00146500886445687 51892138 51892138 0
14 3142 rs11844663 52437224 1 -0.00142756590780566 52437224 52437224 0
14 2114 rs10872958 42339461 2 0.0014235076998488 42339461 42339461 0
14 316 rs3827932 22481705 1 0.00142163639178244 22481705 22481705 0
14 2804 rs2352918 49460174 2 -0.00141014246634381 49460174 49460174 0
14 5259 rs4903031 73019236 1 0.0013884800973269 73019236 73019236 0
14 1489 rs7145614 35290846 1 -0.00138224255729287 35290846 35290846 0
14 1465 rs4982180 34921900 2 0.00137521249124854 34921900 34921900 0
14 5393 rs765719 74541484 1 0.0013711440050051 74541484 74541484 0
14 7801 rs8016592 97055234 1 -0.00135980965974878 97055234 97055234 0
14 1822 rs961777 38848399 1 -0.00134889550264037 38848399 38848399 0
14 108 rs1953225 20897676 1 0.00134816603661038 20897676 20897676 0
14 2397 rs8011302 45969242 1 0.00133747119221453 45969242 45969242 0
14 353 rs6572351 22736298 1 0.00133715138310982 22736298 22736298 0
14 4946 rs1079903 70365001 2 -0.00133393697543062 70365001 70365001 0
14 4813 rs999737 69034682 2 0.00132586257212104 69034682 69034682 0
14 5467 rs10083386 75347585 1 0.0013240325482776 75347585 75347585 0
14 7596 rs12147295 95478036 1 0.00132223531696585 95478036 95478036 0
14 4269 rs1844455 63036495 1 0.00131814385231542 63036495 63036495 0
14 42 rs2150328 20595252 1 0.00131323477061613 20595252 20595252 0
14 6187 rs6574636 81745495 1 -0.00131221761611443 81745495 81745495 0
14 3416 rs7154391 54793975 1 -0.00131178501326273 54793975 54793975 0
14 1102 rs17096456 30704421 1 -0.00130662650082416 30704421 30704421 0
14 7631 rs1209079 95846967 1 -0.00130191211592886 95846967 95846967 0
14 2555 rs4900734 47744407 1 0.00130161697058734 47744407 47744407 0
14 4441 rs1268656 64647646 1 -0.00130159456633954 64647646 64647646 0
14 7409 rs12587750 94339156 1 0.0013014187919898 94339156 94339156 0
14 6199 rs1051193 81945991 1 -0.00129673368130021 81945991 81945991 0
14 2156 rs7160686 42706983 1 -0.00128398971360248 42706983 42706983 0
14 4697 rs3784085 67858153 1 -0.00127964023269953 67858153 67858153 0
14 4695 rs10144417 67826910 1 0.00127508553330895 67826910 67826910 0
14 4551 rs7148144 65499450 1 -0.00127212369134023 65499450 65499450 0
14 8286 rs1190708 102094630 1 0.00126745960164671 102094630 102094630 0
14 1123 rs179558 31225025 1 0.00126679645409936 31225025 31225025 0
14 7519 rs6119 95054012 1 0.00126602108931923 95054012 95054012 0
14 4864 rs12590404 69331653 1 0.00126509729208688 69331653 69331653 0
14 5384 rs2302117 74454813 1 -0.00126300781977265 74454813 74454813 0
14 4058 rs767602 61098624 1 -0.00126199137616408 61098624 61098624 0
14 8363 rs10140685 103455008 1 0.00126171153924375 103455008 103455008 0
14 6045 rs10483943 80551109 1 -0.0012604555367689 80551109 80551109 0
14 1533 rs8014760 35587767 1 -0.00125895131405496 35587767 35587767 0
14 2107 rs12884688 42321934 2 -0.00125538978703666 42321934 42321934 0
14 351 rs6572347 22736111 1 0.00125062632322403 22736111 22736111 0
14 8375 rs7145735 103584674 2 0.00123803924671172 103584674 103584674 0
14 6601 rs7144487 85969521 1 0.00123394256451741 85969521 85969521 0
14 4210 rs1913627 62725776 1 0.00123266665473306 62725776 62725776 0
14 7320 rs17128633 93306484 2 0.00123020850635528 93306484 93306484 0
14 651 rs12880667 25315877 1 -0.00122355170665338 25315877 25315877 0
14 6171 rs2080306 81576139 1 0.00122349256711899 81576139 81576139 0
14 2233 rs8005238 43799094 1 0.00121290235552335 43799094 43799094 0
14 7696 rs4905346 96080404 1 -0.00120321502492021 96080404 96080404 0
14 4932 rs4899308 70081956 2 0.00120207639197957 70081956 70081956 0
14 4787 rs12889770 68871549 1 0.00120125172219291 68871549 68871549 0
14 7773 rs1889374 96603723 2 -0.00119001181348742 96603723 96603723 0
14 1188 rs944464 32453861 1 -0.00118936527675086 32453861 32453861 0
14 354 rs12881142 22736520 1 0.00118210179000983 22736520 22736520 0
14 1219 rs732543 32781804 1 -0.00118080792098933 32781804 32781804 0
14 4634 rs17103156 66441939 1 0.00117960850697741 66441939 66441939 0
14 4420 rs10140978 64528071 2 -0.00116963225258106 64528071 64528071 0
14 4018 rs216518 60683430 1 0.00116961317507495 60683430 60683430 0
14 8076 rs12589791 99212979 1 -0.00116780471439377 99212979 99212979 0
14 2994 rs61755582 51489582 1 0.00116324490297047 51489582 51489582 0
14 6406 rs10498564 83962878 1 0.00116180067800566 83962878 83962878 0
14 1988 rs1953200 40267514 1 0.00114831395412823 40267514 40267514 0
14 7913 rs2129026 97894909 1 -0.00114256004750839 97894909 97894909 0
14 6075 rs4899771 80962356 1 -0.00113798276234005 80962356 80962356 0
14 7215 rs2295726 92600798 1 0.00113351335027786 92600798 92600798 0
14 6984 rs243175 90051591 1 -0.00113229541859335 90051591 90051591 0
14 8422 rs1557012 104581072 2 0.00113093100730107 104581072 104581072 0
14 2770 rs17120372 49094915 1 0.00111441268088601 49094915 49094915 0
14 7737 rs1951990 96206984 1 0.00110850671639452 96206984 96206984 0
14 4260 rs17100015 62953711 2 0.00110501860699732 62953711 62953711 0
14 93 rs2104978 20837033 1 0.00110023634860357 20837033 20837033 0
14 877 rs17112354 27655779 1 -0.00109251983477884 27655779 27655779 0
14 5017 rs4899343 70752646 1 0.00109121084644502 70752646 70752646 0
14 4534 rs11623705 65405722 2 0.00108354740109343 65405722 65405722 0
14 1674 rs2073241 37128936 1 0.00108185827194068 37128936 37128936 0
14 7583 rs1243561 95369886 1 0.00108116671138606 95369886 95369886 0
14 4575 rs11622328 65640434 1 0.00107821720429084 65640434 65640434 0
14 5559 rs888476 76581121 1 -0.00106273062272359 76581121 76581121 0
14 7534 rs12886622 95116465 1 -0.00106084372795004 95116465 95116465 0
14 3111 rs7140624 52285125 1 -0.00105859679112891 52285125 52285125 0
14 3339 rs169748 54186083 1 -0.0010580565410519 54186083 54186083 0
14 5704 rs149849326 77944624 1 0.00105518650815391 77944624 77944624 0
14 1284 rs17099578 33285857 2 0.00104880613096311 33285857 33285857 0
14 4276 rs2101551 63181642 1 0.00104537690279699 63181642 63181642 0
14 935 rs4143693 28333418 2 0.00104390100986211 28333418 28333418 0
14 8114 rs1257630 99471115 1 -0.00103300431397477 99471115 99471115 0
14 4710 rs1555397 67984540 2 0.0010270714085791 67984540 67984540 0
14 7145 rs941916 91820372 1 -0.00102113571749395 91820372 91820372 0
14 8108 rs2094718 99434288 1 -0.00101503830175725 99434288 99434288 0
14 1764 rs8016889 38246440 2 0.00100621133776025 38246440 38246440 0
14 5269 rs2526932 73081068 1 0.00100607199412342 73081068 73081068 0
14 4436 rs3866741 64622232 1 -0.00100467209991378 64622232 64622232 0
14 257 rs12434054 22221211 1 0.00100359323780618 22221211 22221211 0
14 161 rs12587462 21265637 1 -9.994908277828356e-4 21265637 21265637 0
14 1676 rs4477602 37151655 1 9.99385214223466e-4 37151655 37151655 0
14 6721 rs1954195 86978489 1 9.978652184850529e-4 86978489 86978489 0
14 3249 rs11625685 52931884 1 -9.953395564561095e-4 52931884 52931884 0
14 770 rs12432901 26494469 1 -9.864467124520622e-4 26494469 26494469 0
14 3730 rs12896635 58055281 2 -9.752339335575666e-4 58055281 58055281 0
14 328 rs1474476 22607502 1 9.737855591522382e-4 22607502 22607502 0
14 1066 rs1958988 30334967 2 -9.658766238007454e-4 30334967 30334967 0
14 4482 rs2123458 65059157 1 -9.632394052186206e-4 65059157 65059157 0
14 1467 rs12892302 34966936 1 -9.549460724965155e-4 34966936 34966936 0
14 6037 rs1160549 80464509 1 -9.547767433016994e-4 80464509 80464509 0
14 1643 rs7150635 36826423 1 -9.51411678131749e-4 36826423 36826423 0
14 8355 rs7143963 103304425 1 9.489523815322588e-4 103304425 103304425 0
14 6431 rs10137825 84265662 1 9.475865441916278e-4 84265662 84265662 0
14 4252 rs17749359 62938313 1 -9.463017748477608e-4 62938313 62938313 0
14 5271 rs994759 73096614 2 -9.461435442074092e-4 73096614 73096614 0
14 7148 rs755102 91855011 2 -9.437257972017852e-4 91855011 91855011 0
14 6166 rs1017141 81569678 1 9.42029583607592e-4 81569678 81569678 0
14 1880 rs6571891 39534909 1 9.358909310789588e-4 39534909 39534909 0
14 7410 rs11848280 94358100 1 9.297228697270574e-4 94358100 94358100 0
14 6180 rs8012466 81641464 1 -9.295439550994124e-4 81641464 81641464 0
14 228 rs6571976 22112594 1 -9.178356044011174e-4 22112594 22112594 0
14 4214 rs11625068 62734152 1 9.167978971142064e-4 62734152 62734152 0
14 6713 rs2022773 86923106 1 -9.106743305201656e-4 86923106 86923106 0
14 3983 rs1253105 59951982 2 -9.10665731857218e-4 59951982 59951982 0
14 8041 rs2776499 98936745 1 9.077099034898124e-4 98936745 98936745 0
14 4442 rs1255989 64658226 1 -9.076354551126544e-4 64658226 64658226 0
14 572 rs11625819 24910973 1 -9.068263540866424e-4 24910973 24910973 0
14 8129 rs8022744 99582467 1 -8.998135747172343e-4 99582467 99582467 0
14 38 rs17277088 20580112 1 -8.892025497951114e-4 20580112 20580112 0
14 950 rs9783674 28446721 1 8.883289802403494e-4 28446721 28446721 0
14 2202 rs17113715 43433419 2 8.767703278213135e-4 43433419 43433419 0
14 1466 rs12433953 34958175 1 8.708816306072176e-4 34958175 34958175 0
14 1756 rs7144658 38061742 1 -8.693571492996617e-4 38061742 38061742 0
14 2649 rs17119157 48295447 1 -8.662380299828461e-4 48295447 48295447 0
14 818 rs8008779 27089482 1 -8.652377447854178e-4 27089482 27089482 0
14 989 rs2224437 28990427 2 -8.584081149105896e-4 28990427 28990427 0
14 8238 rs1956743 101219652 1 -8.583569092526944e-4 101219652 101219652 0
14 2193 rs1349249 43392409 1 -8.581404615902001e-4 43392409 43392409 0
14 6308 rs17678072 83116478 1 -8.576080828448792e-4 83116478 83116478 0
14 1686 rs2764962 37228220 1 -8.543381078452754e-4 37228220 37228220 0
14 2868 rs11157691 50000879 1 8.524598874729518e-4 50000879 50000879 0
14 1241 rs1111692 32942539 1 -8.50313642158355e-4 32942539 32942539 0
14 8237 rs17099646 101218241 2 -8.468435807304547e-4 101218241 101218241 0
14 6473 rs7147015 84635493 2 -8.462527207327538e-4 84635493 84635493 0
14 7901 rs10134764 97732592 1 8.444200990460442e-4 97732592 97732592 0
14 88 rs1760921 20818131 1 8.440008055780937e-4 20818131 20818131 0
14 6407 rs2372464 83979888 1 -8.434238481617375e-4 83979888 83979888 0
14 5462 rs8014204 75322794 1 -8.434100732668405e-4 75322794 75322794 0
14 1962 rs4243636 40110065 1 -8.42200510298512e-4 40110065 40110065 0
14 4492 rs747860 65239894 1 -8.401934345494607e-4 65239894 65239894 0
14 227 rs10146821 22102800 1 -8.329058476088782e-4 22102800 22102800 0
14 2940 rs10140023 51188341 1 -8.280237371002441e-4 51188341 51188341 0
14 8130 rs1273226 99607842 1 8.230235643609991e-4 99607842 99607842 0
14 1229 rs3784182 32876958 1 8.177202390534388e-4 32876958 32876958 0
14 5419 rs3742800 74761584 1 8.13487337455355e-4 74761584 74761584 0
14 5790 rs1955571 78455537 1 8.12917454068214e-4 78455537 78455537 0
14 1149 rs927704 31752664 1 8.109154778440932e-4 31752664 31752664 0
14 5937 rs8012310 79443296 1 -8.082035450825415e-4 79443296 79443296 0
14 4850 rs17757282 69219654 1 -8.062793591406934e-4 69219654 69219654 0
14 3744 rs2146620 58126139 1 -8.044898644433085e-4 58126139 58126139 0
14 3903 rs17255150 59504389 1 -8.003864248727276e-4 59504389 59504389 0
14 5007 rs17107965 70679898 1 -7.955102546822938e-4 70679898 70679898 0
14 6403 rs17118564 83875349 1 7.913595063708662e-4 83875349 83875349 0
14 5586 rs755212 76792505 1 -7.871353584243566e-4 76792505 76792505 0
14 6215 rs10129518 82136840 1 7.868807240565539e-4 82136840 82136840 0
14 7090 rs1742098 91168417 1 7.861892710298336e-4 91168417 91168417 0
14 8133 rs1257427 99654322 2 -7.854116850431354e-4 99654322 99654322 0
14 1738 rs8019489 37544293 1 -7.833172031281134e-4 37544293 37544293 0
14 4901 rs2105269 69747234 1 7.786199399956306e-4 69747234 69747234 0
14 7292 rs12893289 93017539 2 7.758243913499848e-4 93017539 93017539 0
14 5359 rs78901745 73989145 1 7.758145055463022e-4 73989145 73989145 0
14 6083 rs8008286 81033179 1 -7.72496500707525e-4 81033179 81033179 0
14 4096 rs17098304 61873725 1 -7.638508898472867e-4 61873725 61873725 0
14 6028 rs2205214 80428180 1 7.635456322103024e-4 80428180 80428180 0
14 6753 rs17259299 87377092 1 7.625031278579205e-4 87377092 87377092 0
14 7480 rs10139932 94910363 1 -7.563000033667843e-4 94910363 94910363 0
14 6294 rs10131165 83048812 1 -7.502974989090073e-4 83048812 83048812 0
14 5311 rs17569474 73433450 1 7.490932120267099e-4 73433450 73433450 0
14 8391 rs4246 103811249 1 -7.4880494165577e-4 103811249 103811249 0
14 2870 rs8016300 50006929 1 7.473682402204814e-4 50006929 50006929 0
14 6224 rs11848725 82198414 1 7.456377526565604e-4 82198414 82198414 0
14 103 rs2945461 20863070 1 7.424984931992835e-4 20863070 20863070 0
14 6209 rs7159156 82109836 1 7.377124699193369e-4 82109836 82109836 0
14 3270 rs1958909 53444727 2 7.372670743268563e-4 53444727 53444727 0
14 5369 rs17091941 74283202 1 7.370200340431307e-4 74283202 74283202 0
14 7628 rs755566 95823870 1 -7.304644303965024e-4 95823870 95823870 0
14 6492 rs11624797 84917069 1 -7.301109117648762e-4 84917069 84917069 0
14 3260 rs11625099 53218399 1 -7.275330161695193e-4 53218399 53218399 0
14 404 rs8572 23236524 1 -7.240770618542679e-4 23236524 23236524 0
14 6221 rs17115779 82186101 1 -7.240269077462608e-4 82186101 82186101 0
14 98 rs2228041 20852267 1 7.232782663481856e-4 20852267 20852267 0
14 7723 rs1748963 96133913 1 -7.223442751088519e-4 96133913 96133913 0
14 6223 rs11848661 82198081 2 -7.216924158598625e-4 82198081 82198081 0
14 6313 rs2039478 83196006 1 -7.211730344016482e-4 83196006 83196006 0
14 4594 rs8017202 65854958 1 -7.141721333332803e-4 65854958 65854958 0
14 3570 rs8020688 56402278 1 7.133470899395103e-4 56402278 56402278 0
14 3116 rs11157862 52297407 1 7.12182478425754e-4 52297407 52297407 0
14 3670 rs198228 57242420 1 -7.108812305871606e-4 57242420 57242420 0
14 3169 rs35657569 52520746 1 7.067947274905792e-4 52520746 52520746 0
14 383 rs1154155 23002684 1 -7.048410676468158e-4 23002684 23002684 0
14 3332 rs10141869 54132654 2 7.027048734724278e-4 54132654 54132654 0
14 5646 rs117254981 77294729 1 7.02162884333673e-4 77294729 77294729 0
14 146 rs17211691 21215600 1 -6.975508334214752e-4 21215600 21215600 0
14 7775 rs12888576 96611391 2 6.944465503251074e-4 96611391 96611391 0
14 1210 rs8011923 32701864 1 -6.915174259030701e-4 32701864 32701864 0
14 5655 rs17105232 77518302 1 6.8988597661232e-4 77518302 77518302 0
14 5768 rs8009433 78358692 1 -6.84533274286444e-4 78358692 78358692 0
14 7646 rs4905315 95917231 2 6.805584000684989e-4 95917231 95917231 0
14 2955 rs1951473 51317820 1 -6.790658299505013e-4 51317820 51317820 0
14 3825 rs2230098 58830978 1 -6.785796456649466e-4 58830978 58830978 0
14 2118 rs8013963 42431239 2 -6.774744979579643e-4 42431239 42431239 0
14 4502 rs6573568 65249815 1 -6.758716583062079e-4 65249815 65249815 0
14 3720 rs432788 58024280 1 -6.732180462897305e-4 58024280 58024280 0
14 1226 rs2031106 32861709 1 -6.728719302774215e-4 32861709 32861709 0
14 1470 rs7151142 34990567 1 -6.682271380829243e-4 34990567 34990567 0
14 2362 rs12893426 44998349 1 6.620885703910123e-4 44998349 44998349 0
14 3682 rs7161116 57309063 1 6.58357560428293e-4 57309063 57309063 0
14 8094 rs17542671 99307384 1 -6.582865502750666e-4 99307384 99307384 0
14 3488 rs10134983 55635323 1 6.577243819414632e-4 55635323 55635323 0
14 1656 rs17104630 37000049 1 6.527107796322943e-4 37000049 37000049 0
14 7785 rs4905470 96693211 1 6.500018153641048e-4 96693211 96693211 0
14 6992 rs2181663 90123507 1 6.495821395418752e-4 90123507 90123507 0
14 6691 rs1106098 86794215 1 -6.423388542383413e-4 86794215 86794215 0
14 1563 rs17103240 35831836 1 6.383525667938368e-4 35831836 35831836 0
14 132 rs750142 21130632 1 6.378301003583202e-4 21130632 21130632 0
14 6659 rs8017097 86226430 1 6.357847445652287e-4 86226430 86226430 0
14 674 rs12885474 25381377 1 6.339454284902254e-4 25381377 25381377 0
14 2653 rs2416120 48301760 1 6.303423295720763e-4 48301760 48301760 0
14 1655 rs1956965 36999637 1 -6.284179570029982e-4 36999637 36999637 0
14 2056 rs6572042 41372086 1 6.270067296539698e-4 41372086 41372086 0
14 3589 rs1756626 56492996 1 6.229204973967897e-4 56492996 56492996 0
14 8250 rs17172 101429659 1 6.209525584709747e-4 101429659 101429659 0
14 3049 rs1962561 51894552 1 -6.203191377535993e-4 51894552 51894552 0
14 7393 rs927236 94266671 2 6.200775106650544e-4 94266671 94266671 0
14 3536 rs7145545 56185501 1 -6.150862621240307e-4 56185501 56185501 0
14 2338 rs7143770 44829276 1 6.146041708550279e-4 44829276 44829276 0
14 233 rs10146733 22132807 2 -6.144638392737995e-4 22132807 22132807 0
14 6323 rs1959017 83269601 1 -5.982373443687877e-4 83269601 83269601 0
14 5930 rs31437 79415313 1 -5.965207986888581e-4 79415313 79415313 0
14 7623 rs8003642 95796020 1 5.950173507184398e-4 95796020 95796020 0
14 3106 rs11621312 52214983 1 -5.949877122022951e-4 52214983 52214983 0
14 547 rs3212251 24809185 1 5.938644594283871e-4 24809185 24809185 0
14 7659 rs11160258 96016792 1 5.930544929331873e-4 96016792 96016792 0
14 313 rs723879 22391433 2 -5.920473303329165e-4 22391433 22391433 0
14 3216 rs1390375 52761693 2 -5.898209056153821e-4 52761693 52761693 0
14 6347 rs1959732 83412065 1 5.886370288845065e-4 83412065 83412065 0
14 4016 rs216504 60674699 2 5.831827155151553e-4 60674699 60674699 0
14 2245 rs8015410 43878866 1 -5.829272922149161e-4 43878866 43878866 0
14 6459 rs7157753 84445263 1 -5.752504918257973e-4 84445263 84445263 0
14 2647 rs1956311 48293464 1 -5.712647280092059e-4 48293464 48293464 0
14 715 rs12587387 25721716 2 5.700777957874047e-4 25721716 25721716 0
14 6968 rs2401823 89889586 1 -5.683705743154009e-4 89889586 89889586 0
14 6423 rs17635227 84210672 1 5.636760323523651e-4 84210672 84210672 0
14 350 rs7141113 22735897 2 5.605888022808098e-4 22735897 22735897 0
14 5878 rs8020758 78895048 1 -5.602017432190415e-4 78895048 78895048 0
14 2346 rs1953572 44931593 1 5.560430421921493e-4 44931593 44931593 0
14 2820 rs12879285 49575029 1 -5.519194697445266e-4 49575029 49575029 0
14 1715 rs712399 37389296 1 5.469126791987835e-4 37389296 37389296 0
14 7786 rs2069586 96706076 1 -5.447995875761245e-4 96706076 96706076 0
14 994 rs1074664 29068832 1 -5.398904252277683e-4 29068832 29068832 0
14 5989 rs9806079 80080001 1 5.389974534589033e-4 80080001 80080001 0
14 1022 rs10483346 29574530 1 -5.348163982895545e-4 29574530 29574530 0
14 335 rs7140942 22668928 1 -5.347977592078869e-4 22668928 22668928 0
14 1161 rs2378932 31983754 2 5.332537257047919e-4 31983754 31983754 0
14 1218 rs732545 32781166 1 -5.327219475334871e-4 32781166 32781166 0
14 5558 rs759707 76576494 1 5.309787568726634e-4 76576494 76576494 0
14 4805 rs12587397 68920095 1 5.309507023595196e-4 68920095 68920095 0
14 4685 rs7151086 67501555 1 -5.281911246962508e-4 67501555 67501555 0
14 2085 rs17181601 42187932 1 -5.155220250393124e-4 42187932 42187932 0
14 2053 rs1959261 41102907 1 5.139348694952705e-4 41102907 41102907 0
14 1377 rs12889063 33978572 1 5.128789304294397e-4 33978572 33978572 0
14 548 rs3212247 24809795 1 5.126752646666023e-4 24809795 24809795 0
14 5922 rs8020920 79226876 1 5.115991871733454e-4 79226876 79226876 0
14 3254 rs1977232 53151348 1 5.079640748757871e-4 53151348 53151348 0
14 2191 rs12436530 43380552 2 5.070559000272807e-4 43380552 43380552 0
14 901 rs10139103 27870844 1 -5.031243332046525e-4 27870844 27870844 0
14 6142 rs2284720 81443167 2 -5.012377023680993e-4 81443167 81443167 0
14 6557 rs1442572 85668179 1 5.000163939818723e-4 85668179 85668179 0
14 6951 rs7140560 89776720 1 -4.985275043477393e-4 89776720 89776720 0
14 7902 rs10145587 97732625 1 -4.97784682782167e-4 97732625 97732625 0
14 3954 rs17834014 59816026 1 4.964470996303557e-4 59816026 59816026 0
14 5851 rs8003110 78716226 1 -4.960617375409616e-4 78716226 78716226 0
14 3250 rs8016794 53000646 1 4.929893776676458e-4 53000646 53000646 0
14 5021 rs6573953 70799706 1 -4.919300086179644e-4 70799706 70799706 0
14 652 rs854321 25321902 1 -4.882623165422259e-4 25321902 25321902 0
14 7981 rs12590389 98497054 1 4.867925526934408e-4 98497054 98497054 0
14 320 rs8022578 22570185 2 -4.867319013708256e-4 22570185 22570185 0
14 3560 rs7148125 56358841 1 4.86664121688589e-4 56358841 56358841 0
14 4341 rs17100956 63741113 1 -4.859022687904585e-4 63741113 63741113 0
14 4935 rs1295826 70116909 1 4.847869786343246e-4 70116909 70116909 0
14 5993 rs184347 80131977 1 4.7831939566435306e-4 80131977 80131977 0
14 1759 rs11850839 38179163 2 4.776596285651033e-4 38179163 38179163 0
14 7270 rs62623445 92922782 1 -4.771691844016922e-4 92922782 92922782 0
14 1464 rs10129766 34916957 1 -4.7586783116736057e-4 34916957 34916957 0
14 4327 rs1467422 63684625 1 -4.744536031793279e-4 63684625 63684625 0
14 7990 rs10484134 98529107 1 4.693003729359218e-4 98529107 98529107 0
14 3256 rs3783449 53154350 1 4.689986696229963e-4 53154350 53154350 0
14 4843 rs11626345 69193965 1 4.682224470643697e-4 69193965 69193965 0
14 8298 rs2296153 102302907 1 -4.6660871552500294e-4 102302907 102302907 0
14 2821 rs12894351 49609056 1 -4.660427168173104e-4 49609056 49609056 0
14 6589 rs10498593 85884306 2 -4.651541251761485e-4 85884306 85884306 0
14 4176 rs17735026 62564742 1 4.644519031320138e-4 62564742 62564742 0
14 6077 rs7144755 80966305 1 -4.600211440303243e-4 80966305 80966305 0
14 4342 rs718362 63742585 1 4.5965842279157264e-4 63742585 63742585 0
14 7671 rs1570265 96035911 1 4.584161070122326e-4 96035911 96035911 0
14 7607 rs3742332 95645872 2 4.566783150633641e-4 95645872 95645872 0
14 814 rs1473722 26990356 1 -4.5636433179780105e-4 26990356 26990356 0
14 637 rs854368 25264662 1 4.560983785025137e-4 25264662 25264662 0
14 4273 rs8016446 63143743 1 4.5574777140242154e-4 63143743 63143743 0
14 6702 rs8010573 86862533 1 -4.557271885124844e-4 86862533 86862533 0
14 8148 rs710087 99791385 1 4.547406131731944e-4 99791385 99791385 0
14 578 rs12323581 24944564 1 4.479251106358245e-4 24944564 24944564 0
14 7861 rs10873477 97362657 1 -4.469532262857712e-4 97362657 97362657 0
14 7178 rs10498632 92290744 1 -4.46325028938123e-4 92290744 92290744 0
14 2270 rs7143314 44178201 1 -4.450358023584544e-4 44178201 44178201 0
14 1151 rs28396248 31790886 1 4.443565118823096e-4 31790886 31790886 0
14 1641 rs3762904 36790795 1 4.4234962606919435e-4 36790795 36790795 0
14 6426 rs1958453 84223764 2 4.415977037904784e-4 84223764 84223764 0
14 6412 rs12887744 84104059 1 -4.411401742310544e-4 84104059 84104059 0
14 382 rs1154153 23001547 1 4.4082235009210017e-4 23001547 23001547 0
14 1049 rs1191545 30003238 1 4.405201015748668e-4 30003238 30003238 0
14 604 rs10148494 25105891 1 4.386368358702939e-4 25105891 25105891 0
14 6333 rs10150720 83311943 1 -4.286301439818679e-4 83311943 83311943 0
14 773 rs12432888 26538918 1 4.27461315360042e-4 26538918 26538918 0
14 3787 rs17094010 58429071 2 4.234792163844746e-4 58429071 58429071 0
14 3427 rs3783635 54894792 1 4.208927838278614e-4 54894792 54894792 0
14 1096 rs1956458 30663050 1 4.1935567521736775e-4 30663050 30663050 0
14 3540 rs1953352 56197159 1 -4.1832339319801696e-4 56197159 56197159 0
14 6087 rs17110817 81050435 1 4.1459010528052486e-4 81050435 81050435 0
14 5774 rs2302944 78390880 1 4.134992719612675e-4 78390880 78390880 0
14 75 rs2318860 20743269 1 4.126091558465911e-4 20743269 20743269 0
14 6805 rs11848779 88275924 1 -4.1109772875659096e-4 88275924 88275924 0
14 5800 rs177237 78494334 1 4.1080034357607694e-4 78494334 78494334 0
14 4102 rs1957895 61908332 2 4.1056758904067217e-4 61908332 61908332 0
14 8049 rs10151617 98996159 1 -4.063373192033642e-4 98996159 98996159 0
14 2169 rs1499378 42930316 1 4.052017999407691e-4 42930316 42930316 0
14 3008 rs8012734 51526789 1 -4.050053340296816e-4 51526789 51526789 0
14 3439 rs7155636 55067637 2 -4.049699459976984e-4 55067637 55067637 0
14 8269 rs10139797 101708609 1 -4.032576292221855e-4 101708609 101708609 0
14 8033 rs1952876 98841680 1 -4.030512813141728e-4 98841680 98841680 0
14 4580 rs1679879 65659664 1 4.026908976111579e-4 65659664 65659664 0
14 2703 rs698335 48539010 1 -4.016249834917412e-4 48539010 48539010 0
14 3052 rs3813399 51899149 1 4.0142314615382584e-4 51899149 51899149 0
14 2088 rs17181636 42196975 1 -4.001216224039738e-4 42196975 42196975 0
14 8200 rs1190967 100536101 1 -3.989696810270402e-4 100536101 100536101 0
14 5446 rs2028377 75010561 1 3.988302248162536e-4 75010561 75010561 0
14 8009 rs2211585 98704602 1 3.979432749699354e-4 98704602 98704602 0
14 501 rs11626329 24263944 1 -3.947395907706904e-4 24263944 24263944 0
14 2953 rs8016526 51310466 1 3.942312314417682e-4 51310466 51310466 0
14 209 rs78874473 22038644 1 -3.92777076234334e-4 22038644 22038644 0
14 3037 rs1890694 51820910 1 -3.920667014745522e-4 51820910 51820910 0
14 3040 rs4901113 51838641 1 -3.91310371169326e-4 51838641 51838641 0
14 1318 rs8004626 33663668 1 3.9104686978395616e-4 33663668 33663668 0
14 2771 rs1953900 49095344 1 3.9024518173149064e-4 49095344 49095344 0
14 167 rs1263871 21484086 1 3.883436721705556e-4 21484086 21484086 0
14 6263 rs10135954 82703080 1 3.873403263649559e-4 82703080 82703080 0
14 1956 rs7141430 40080967 1 3.812851178018314e-4 40080967 40080967 0
14 5445 rs6574180 74997193 1 -3.804236310733914e-4 74997193 74997193 0
14 6921 rs9323835 89343321 1 -3.803739278232303e-4 89343321 89343321 0
14 7327 rs881550 93354201 1 -3.797614172955582e-4 93354201 93354201 0
14 6526 rs12436420 85226205 1 -3.789453749147849e-4 85226205 85226205 0
14 5665 rs158105 77629681 2 3.7501518620181495e-4 77629681 77629681 0
14 2747 rs12896750 48891210 1 3.7481559754106944e-4 48891210 48891210 0
14 714 rs17278020 25715736 2 -3.734405187617825e-4 25715736 25715736 0
14 8262 rs10144079 101639874 1 3.727148125421338e-4 101639874 101639874 0
14 7577 rs732964 95346359 1 3.7261651347864766e-4 95346359 95346359 0
14 1118 rs230340 31125745 1 -3.707697598787582e-4 31125745 31125745 0
14 1195 rs17098491 32531485 1 -3.6946962728009303e-4 32531485 32531485 0
14 2077 rs12878670 41952148 1 -3.691615401225312e-4 41952148 41952148 0
14 7636 rs11160244 95854937 1 -3.679453380274805e-4 95854937 95854937 0
14 5739 rs17825440 78161131 1 3.6792239216406714e-4 78161131 78161131 0
14 6080 rs8018254 81010253 1 3.63324831345312e-4 81010253 81010253 0
14 4701 rs3742855 67912792 1 -3.622727156656395e-4 67912792 67912792 0
14 5002 rs1999052 70647191 1 3.614859926002195e-4 70647191 70647191 0
14 189 rs8021748 21770914 1 -3.6090499195581496e-4 21770914 21770914 0
14 6701 rs8009946 86862385 1 -3.59554899916499e-4 86862385 86862385 0
14 4264 rs4899081 62968343 1 -3.570526529213949e-4 62968343 62968343 0
14 1142 rs10149122 31553136 1 3.563244547109898e-4 31553136 31553136 0
14 3393 rs811153 54619316 1 3.562560704519095e-4 54619316 54619316 0
14 5791 rs3861629 78459047 1 -3.5559036015553764e-4 78459047 78459047 0
14 5706 rs77534020 77951143 1 3.537185988661313e-4 77951143 77951143 0
14 5208 rs8010242 72739064 1 3.5352201941419805e-4 72739064 72739064 0
14 3335 rs1967871 54139808 1 3.529662326793977e-4 54139808 54139808 0
14 640 rs11550670 25281568 1 -3.5104673312502134e-4 25281568 25281568 0
14 5880 rs17107557 78897596 1 3.496029976152742e-4 78897596 78897596 0
14 3053 rs4597233 51900329 1 -3.491557891245348e-4 51900329 51900329 0
14 581 rs5247 24976574 1 -3.4736733938871446e-4 24976574 24976574 0
14 1801 rs2812080 38654018 1 3.470698912516645e-4 38654018 38654018 0
14 826 rs1955838 27164087 1 3.417337328951788e-4 27164087 27164087 0
14 7326 rs4905002 93350376 1 3.401916904823563e-4 93350376 93350376 0
14 6658 rs12050395 86210504 1 3.3756100298900623e-4 86210504 86210504 0
14 8267 rs1615947 101697422 1 -3.374757407207834e-4 101697422 101697422 0
14 6211 rs962660 82122702 1 -3.3632272282058335e-4 82122702 82122702 0
14 5318 rs12880210 73467759 1 -3.3615182799621546e-4 73467759 73467759 0
14 2268 rs4906500 44162164 1 3.3608048614102543e-4 44162164 44162164 0
14 7500 rs11160187 94978997 1 -3.3085678590381255e-4 94978997 94978997 0
14 7461 rs1950654 94805411 1 3.298908602724236e-4 94805411 94805411 0
14 5699 rs12435136 77856184 1 3.272389277289353e-4 77856184 77856184 0
14 8273 rs7145788 101757281 1 3.1961382621163877e-4 101757281 101757281 0
14 261 rs7143791 22238121 1 -3.188068791388625e-4 22238121 22238121 0
14 2688 rs17119479 48430295 1 3.181509707453338e-4 48430295 48430295 0
14 7135 rs933528 91705188 2 -3.152526906582332e-4 91705188 91705188 0
14 3367 rs12323369 54389587 1 3.1515985348314247e-4 54389587 54389587 0
14 3822 rs941752 58799361 1 3.129610551292377e-4 58799361 58799361 0
14 2289 rs7154595 44292051 1 3.125879898297238e-4 44292051 44292051 0
14 8354 rs2075771 103242725 2 3.112859301500001e-4 103242725 103242725 0
14 4613 rs11627578 66234448 1 3.111108939607682e-4 66234448 66234448 0
14 7647 rs12434921 95932223 1 -3.1026398281131125e-4 95932223 95932223 0
14 8001 rs4905653 98682107 1 3.093881362331564e-4 98682107 98682107 0
14 1038 rs12433083 29895001 2 -3.063700039945057e-4 29895001 29895001 0
14 3135 rs17124753 52408380 1 3.0132179702139025e-4 52408380 52408380 0
14 418 rs1042704 23312594 1 3.001693665467479e-4 23312594 23312594 0
14 6418 rs1241906 84142036 2 -2.96097498387932e-4 84142036 84142036 0
14 7550 rs7143120 95163142 1 -2.939870155118262e-4 95163142 95163142 0
14 1417 rs1026885 34428218 2 2.933912145830785e-4 34428218 34428218 0
14 546 rs34106261 24806902 1 2.9145786485410853e-4 24806902 24806902 0
14 5789 rs7141752 78454005 1 2.877035856368503e-4 78454005 78454005 0
14 2316 rs1950543 44468798 1 2.855878710386574e-4 44468798 44468798 0
14 7321 rs10147312 93314692 1 -2.851426542697079e-4 93314692 93314692 0
14 1355 rs1111533 33790609 1 2.8464687015645123e-4 33790609 33790609 0
14 6562 rs12431900 85687371 1 -2.820391046127642e-4 85687371 85687371 0
14 7481 rs1885137 94912896 1 2.8111918587466313e-4 94912896 94912896 0
14 5985 rs975728 80064529 1 -2.785161051842829e-4 80064529 80064529 0
14 5313 rs2286836 73442192 1 2.77981891945131e-4 73442192 73442192 0
14 7151 rs1285838 91877512 1 2.764926569104974e-4 91877512 91877512 0
14 2155 rs2129071 42705668 1 -2.7419712676691956e-4 42705668 42705668 0
14 1497 rs1208461 35331828 1 -2.711730414082535e-4 35331828 35331828 0
14 2198 rs12432952 43429734 1 2.7000460848897883e-4 43429734 43429734 0
14 8039 rs2753971 98935175 1 -2.689363097534413e-4 98935175 98935175 0
14 2961 rs28564871 51368610 1 2.6618096546301604e-4 51368610 51368610 0
14 99 rs1760903 20852817 1 -2.656953954867446e-4 20852817 20852817 0
14 7171 rs965868 92119360 1 -2.64749079865211e-4 92119360 92119360 0
14 6335 rs10149794 83348276 1 2.632729597480138e-4 83348276 83348276 0
14 423 rs4982704 23363537 1 2.631351377096879e-4 23363537 23363537 0
14 6462 rs2372554 84465999 1 -2.610591706066104e-4 84465999 84465999 0
14 4155 rs11629169 62454394 1 2.604263204968198e-4 62454394 62454394 0
14 6155 rs17545310 81471139 1 -2.601937647012955e-4 81471139 81471139 0
14 1248 rs8015914 33033695 1 2.5777813996339467e-4 33033695 33033695 0
14 2150 rs12895935 42698006 1 -2.572761200500001e-4 42698006 42698006 0
14 8358 rs8004192 103337253 1 -2.54763292037311e-4 103337253 103337253 0
14 7674 rs17092794 96038299 2 2.5268625262298895e-4 96038299 96038299 0
14 7122 rs1286147 91467567 1 -2.5155493460927807e-4 91467567 91467567 0
14 1867 rs4902228 39370726 1 2.510179193340813e-4 39370726 39370726 0
14 7047 rs11159958 90716051 1 -2.4609217719727443e-4 90716051 90716051 0
14 526 rs7146310 24653954 1 2.432062042165164e-4 24653954 24653954 0
14 5416 rs3742801 74759006 1 2.4267313452286076e-4 74759006 74759006 0
14 310 rs733203 22377905 1 2.4091885203012068e-4 22377905 22377905 0
14 357 rs3811266 22747055 1 -2.35575912746006e-4 22747055 22747055 0
14 7373 rs6575335 93904178 1 -2.339952143646368e-4 93904178 93904178 0
14 537 rs10134537 24760764 1 2.337566645469085e-4 24760764 24760764 0
14 45 rs11850259 20645916 1 -2.305861679936736e-4 20645916 20645916 0
14 1501 rs12434654 35339046 1 2.2957283727235495e-4 35339046 35339046 0
14 662 rs1270756 25345898 1 -2.2908529525588695e-4 25345898 25345898 0
14 1984 rs1958964 40164269 1 2.290683355639343e-4 40164269 40164269 0
14 3705 rs7151364 57822974 1 -2.2499997473567431e-4 57822974 57822974 0
14 6529 rs17186197 85233791 1 -2.249281511239254e-4 85233791 85233791 0
14 701 rs2031937 25580391 1 2.2458902394316497e-4 25580391 25580391 0
14 8303 rs1904298 102356475 1 -2.2405311248571675e-4 102356475 102356475 0
14 912 rs11844978 28012163 1 2.236713723931621e-4 28012163 28012163 0
14 6619 rs1950179 86028594 1 2.2195853838167016e-4 86028594 86028594 0
14 6135 rs2234919 81422178 1 2.2169359573909455e-4 81422178 81422178 0
14 7635 rs7151825 95854309 1 -2.2009137878311325e-4 95854309 95854309 0
14 407 rs1061040 23242828 1 -2.1935686687393055e-4 23242828 23242828 0
14 1282 rs2300850 33271488 1 -2.1844743827613937e-4 33271488 33271488 0
14 4415 rs11628107 64518321 1 -2.1752086971385965e-4 64518321 64518321 0
14 2517 rs17117914 47492549 1 -2.166192524924643e-4 47492549 47492549 0
14 3897 rs10047930 59461017 1 -2.1538190679522732e-4 59461017 59461017 0
14 5914 rs1158081 79173250 1 2.1500734465616537e-4 79173250 79173250 0
14 7982 rs4900384 98498951 1 -2.1307429361347696e-4 98498951 98498951 0
14 3661 rs4901704 57103986 1 2.1272762410462905e-4 57103986 57103986 0
14 4032 rs4901977 60789176 1 2.1148632667027453e-4 60789176 60789176 0
14 7938 rs8022330 98278254 1 -2.0956148712163516e-4 98278254 98278254 0
14 263 rs4982506 22242293 1 -2.0766056959023072e-4 22242293 22242293 0
14 2184 rs12882557 43135974 1 2.032711074798366e-4 43135974 43135974 0
14 7601 rs12891219 95497723 1 2.0081241002104224e-4 95497723 95497723 0
14 1873 rs4899126 39420693 1 2.0072391179787655e-4 39420693 39420693 0
14 1596 rs17103699 36437005 1 2.0065822868310773e-4 36437005 36437005 0
14 2361 rs1959391 44996191 1 2.0057868125624524e-4 44996191 44996191 0
14 5887 rs368692 78968484 1 2.0006257606743592e-4 78968484 78968484 0
14 3826 rs1051858 58831142 1 1.9904539603539333e-4 58831142 58831142 0
14 5850 rs6574427 78697830 1 -1.9835234904888875e-4 78697830 78697830 0
14 380 rs12587781 22999617 2 -1.9795088923713023e-4 22999617 22999617 0
14 5495 rs8018744 75867306 1 -1.977607631016781e-4 75867306 75867306 0
14 6509 rs10498576 85047455 2 -1.962822205802119e-4 85047455 85047455 0
14 3583 rs12893970 56474502 1 1.954091066855102e-4 56474502 56474502 0
14 5702 rs11845345 77923783 1 -1.9341814544396023e-4 77923783 77923783 0
14 283 rs1978024 22297868 1 1.909169854247273e-4 22297868 22297868 0
14 8475 rs7159235 105673692 1 -1.9055671106447744e-4 105673692 105673692 0
14 8222 rs8007901 101130576 1 -1.8370487932911633e-4 101130576 101130576 0
14 4267 rs11847577 62983371 1 -1.833200317533193e-4 62983371 62983371 0
14 323 rs2178785 22590996 1 -1.8256401295146992e-4 22590996 22590996 0
14 3659 rs1041316 57099859 1 -1.8186362007729552e-4 57099859 57099859 0
14 7843 rs10135283 97252629 1 1.8087967132821123e-4 97252629 97252629 0
14 5125 rs78621209 72054708 1 1.800037484795294e-4 72054708 72054708 0
14 3350 rs883219 54292657 1 -1.7994095973586396e-4 54292657 54292657 0
14 4570 rs2411993 65618655 1 -1.7912172554139473e-4 65618655 65618655 0
14 4725 rs61991867 68191368 1 1.782012961791271e-4 68191368 68191368 0
14 7533 rs7149043 95116292 1 -1.7782181519705964e-4 95116292 95116292 0
14 6697 rs804963 86848458 1 -1.769565383616063e-4 86848458 86848458 0
14 7784 rs4905467 96684959 1 -1.7572223165236836e-4 96684959 96684959 0
14 6026 rs2371195 80424134 2 -1.751863496230827e-4 80424134 80424134 0
14 566 rs10083509 24908047 1 1.750485265603935e-4 24908047 24908047 0
14 7532 rs17091195 95111588 1 -1.7374070782437623e-4 95111588 95111588 0
14 4193 rs12892819 62620878 1 1.7342405773675888e-4 62620878 62620878 0
14 1965 rs10129590 40114919 1 -1.7308533919543052e-4 40114919 40114919 0
14 6667 rs7159326 86262326 2 -1.7212084094312224e-4 86262326 86262326 0
14 4616 rs4073416 66259394 1 1.714483352348248e-4 66259394 66259394 0
14 1327 rs11624823 33694936 2 1.7133835394198511e-4 33694936 33694936 0
14 623 rs854404 25203906 1 -1.7051816989044967e-4 25203906 25203906 0
14 5283 rs7152005 73280418 1 -1.7046317848083638e-4 73280418 73280418 0
14 1160 rs10150518 31976478 1 -1.6925836838730144e-4 31976478 31976478 0
14 6559 rs1667541 85676102 1 1.6903971055298416e-4 85676102 85676102 0
14 3627 rs17770536 56808355 1 1.6897717401514822e-4 56808355 56808355 0
14 4328 rs4902215 63685669 1 -1.6880277189439087e-4 63685669 63685669 0
14 7025 rs2401857 90394390 1 -1.6768998219625806e-4 90394390 90394390 0
14 2545 rs7152106 47670688 1 -1.6689787634747332e-4 47670688 47670688 0
14 8134 rs2693684 99670005 1 -1.665589309670538e-4 99670005 99670005 0
14 7630 rs1212182 95846518 1 -1.6624110582165913e-4 95846518 95846518 0
14 452 rs3811180 23733725 1 -1.6446146134085302e-4 23733725 23733725 0
14 654 rs854324 25322954 1 -1.6262650277935062e-4 25322954 25322954 0
14 5317 rs10142131 73467674 1 1.6194323568057375e-4 73467674 73467674 0
14 50 rs1188563 20656094 1 -1.613585123703532e-4 20656094 20656094 0
14 7183 rs2244158 92362427 1 -1.611648594171403e-4 92362427 92362427 0
14 6369 rs10132156 83492831 1 -1.6033207218962264e-4 83492831 83492831 0
14 5648 rs6574333 77305289 1 -1.6023208162811112e-4 77305289 77305289 0
14 7465 rs760335 94814944 1 1.6008141102068376e-4 94814944 94814944 0
14 7757 rs8011771 96431357 1 1.598709741667031e-4 96431357 96431357 0
14 976 rs8021489 28752884 1 1.5951202057098304e-4 28752884 28752884 0
14 2980 rs883690 51443360 2 -1.5921418857740762e-4 51443360 51443360 0
14 5975 rs7153889 79989432 1 1.5917807969291145e-4 79989432 79989432 0
14 6157 rs4903965 81477437 1 -1.586584809547552e-4 81477437 81477437 0
14 7394 rs1950968 94267113 1 1.5785513115277192e-4 94267113 94267113 0
14 671 rs12889256 25365505 1 -1.5675895995824804e-4 25365505 25365505 0
14 7137 rs2540875 91711471 1 -1.5658666088521218e-4 91711471 91711471 0
14 3981 rs1046701 59939804 1 -1.5576898351287385e-4 59939804 59939804 0
14 2266 rs7142687 44144630 2 1.5399879271468938e-4 44144630 44144630 0
14 7308 rs10498635 93103309 2 -1.528583792030866e-4 93103309 93103309 0
14 4477 rs10133411 64988924 1 1.525912428343217e-4 64988924 64988924 0
14 2528 rs7147336 47546276 1 -1.5082711680476575e-4 47546276 47546276 0
14 4274 rs17100217 63159182 1 -1.493957167138154e-4 63159182 63159182 0
14 3108 rs4303401 52252943 1 -1.4924652011896492e-4 52252943 52252943 0
14 157 rs1045922 21250124 1 -1.482423600937171e-4 21250124 21250124 0
14 2723 rs2792572 48674062 1 1.4800942242316657e-4 48674062 48674062 0
14 7375 rs1957675 93966195 1 -1.459290314629738e-4 93966195 93966195 0
14 5478 rs174994 75434102 1 1.4541640359002833e-4 75434102 75434102 0
14 500 rs11622700 24261219 1 -1.4423048447911047e-4 24261219 24261219 0
14 5373 rs17092737 74317000 1 1.439945030411865e-4 74317000 74317000 0
14 1173 rs1367317 32195539 1 -1.412848687430336e-4 32195539 32195539 0
14 5795 rs7146614 78476822 1 -1.4098271892044065e-4 78476822 78476822 0
14 5300 rs11158986 73358945 1 -1.407651012957364e-4 73358945 73358945 0
14 882 rs202963 27723696 1 1.3942796091963972e-4 27723696 27723696 0
14 6996 rs7158998 90194121 2 1.3858728888185536e-4 90194121 90194121 0
14 4612 rs743084 66232602 1 1.3851708732029368e-4 66232602 66232602 0
14 162 rs17254450 21325687 2 1.3779891517396413e-4 21325687 21325687 0
14 102 rs4982038 20862542 1 -1.3623986130119862e-4 20862542 20862542 0
14 1225 rs1951681 32851025 1 1.3615742629632715e-4 32851025 32851025 0
14 1723 rs7147216 37449287 1 1.3561567302703862e-4 37449287 37449287 0
14 2343 rs17628261 44922669 1 -1.329184358050503e-4 44922669 44922669 0
14 4337 rs8013013 63732733 1 -1.326868376916726e-4 63732733 63732733 0
14 6889 rs17772064 88822871 1 -1.326855019169948e-4 88822871 88822871 0
14 7424 rs10133592 94484060 1 1.302947958215524e-4 94484060 94484060 0
14 4321 rs17100839 63668645 1 -1.2973991157972476e-4 63668645 63668645 0
14 2652 rs1158882 48301737 1 -1.284852179428362e-4 48301737 48301737 0
14 7854 rs10141420 97315910 1 1.279485482977025e-4 97315910 97315910 0
14 2253 rs11157356 43975208 1 -1.2751266955841645e-4 43975208 43975208 0
14 1512 rs11156868 35416938 1 1.2372273924382047e-4 35416938 35416938 0
14 4117 rs7159288 61980098 1 1.235638424170848e-4 61980098 61980098 0
14 6024 rs11159428 80417233 2 1.2272942391876622e-4 80417233 80417233 0
14 3765 rs10142654 58290779 1 1.2138308037669e-4 58290779 58290779 0
14 4788 rs4902577 68873297 1 1.2135235482666104e-4 68873297 68873297 0
14 4092 rs1033908 61816227 1 1.2016577762194786e-4 61816227 61816227 0
14 6945 rs8009301 89660987 1 1.196698597631751e-4 89660987 89660987 0
14 6243 rs1959142 82354342 1 1.1947398247612336e-4 82354342 82354342 0
14 3626 rs17091320 56808115 1 1.1743643232088546e-4 56808115 56808115 0
14 4816 rs2257127 69060068 1 1.1727257941695472e-4 69060068 69060068 0
14 1476 rs7151774 35075022 1 -1.130743754542103e-4 35075022 35075022 0
14 7862 rs1885162 97371939 2 1.128072076261946e-4 97371939 97371939 0
14 5608 rs4608264 76927395 1 -1.1185340593409488e-4 76927395 76927395 0
14 512 rs1159372 24391713 1 1.112116862892317e-4 24391713 24391713 0
14 5974 rs10130369 79987789 1 -1.1115743721828642e-4 79987789 79987789 0
14 7746 rs4905389 96260801 1 1.0841030733276351e-4 96260801 96260801 0
14 6038 rs9323682 80466563 1 -1.0620816882928532e-4 80466563 80466563 0
14 2391 rs7154313 45769358 1 -1.0611713658285924e-4 45769358 45769358 0
14 8042 rs978667 98938775 1 -1.0428968133191136e-4 98938775 98938775 0
14 4286 rs243147 63304636 1 1.0138014896519253e-4 63304636 63304636 0
14 5941 rs12435865 79508316 1 1.0112661345416536e-4 79508316 79508316 0
14 6458 rs2210184 84443019 2 -1.0077187999599262e-4 84443019 84443019 0
14 3348 rs8009420 54263851 1 1.0058554622315258e-4 54263851 54263851 0
14 6240 rs1958204 82294185 1 -1.0044656490151884e-4 82294185 82294185 0
14 2451 rs12147602 46558653 1 9.959710107721454e-5 46558653 46558653 0
14 2928 rs12882884 50988918 1 -9.818592717252338e-5 50988918 50988918 0
14 778 rs7153823 26582852 1 -9.788531506693596e-5 26582852 26582852 0
14 6454 rs2137000 84418564 1 -9.761434398033748e-5 84418564 84418564 0
14 7190 rs726063 92373198 1 -9.72827966799966e-5 92373198 92373198 0
14 3545 rs2152279 56240004 2 -9.56675719279578e-5 56240004 56240004 0
14 1483 rs9743965 35176730 1 -9.473892601287086e-5 35176730 35176730 0
14 468 rs8015781 23938813 1 9.429573302594508e-5 23938813 23938813 0
14 7243 rs4243693 92822066 1 -9.348441206687796e-5 92822066 92822066 0
14 4382 rs4243627 64265404 1 -9.225659953513732e-5 64265404 64265404 0
14 4484 rs10498516 65109326 1 9.17322516757682e-5 65109326 65109326 0
14 2952 rs8010709 51295500 1 9.061133674851158e-5 51295500 51295500 0
14 8443 rs8023004 105116232 1 8.963954611871233e-5 105116232 105116232 0
14 1632 rs1958612 36673875 1 8.953350380357976e-5 36673875 36673875 0
14 3399 rs8008441 54659207 1 -8.926437557812466e-5 54659207 54659207 0
14 3741 rs17724877 58122925 1 -8.781337569483693e-5 58122925 58122925 0
14 7131 rs12433069 91594186 1 -8.754163238842081e-5 91594186 91594186 0
14 3262 rs2025631 53283565 1 8.709685580267511e-5 53283565 53283565 0
14 1675 rs8010306 37150160 1 8.633607884524176e-5 37150160 37150160 0
14 8333 rs1053019 102808273 1 -8.527640727952566e-5 102808273 102808273 0
14 238 rs12435524 22134245 2 8.497778310421821e-5 22134245 22134245 0
14 7589 rs1243582 95386073 1 -8.486560965596933e-5 95386073 95386073 0
14 6111 rs10498550 81205644 1 -8.30387904408864e-5 81205644 81205644 0
14 4426 rs61747118 64580075 1 -8.172538942974595e-5 64580075 64580075 0
14 8046 rs11621313 98944218 1 -7.993571496646849e-5 98944218 98944218 0
14 533 rs2229463 24718515 2 7.98821951729797e-5 24718515 24718515 0
14 5485 rs3742768 75759060 1 7.973449116541874e-5 75759060 75759060 0
14 3546 rs10139324 56240420 2 -7.858967121840778e-5 56240420 56240420 0
14 1973 rs8019297 40138562 1 7.69049384497614e-5 40138562 40138562 0
14 2963 rs4901065 51371121 1 -7.685832170660558e-5 51371121 51371121 0
14 8175 rs12435918 100170895 1 -7.583500235121382e-5 100170895 100170895 0
14 1468 rs17523639 34967465 1 -7.4574324747364e-5 34967465 34967465 0
14 3295 rs12434333 53760514 2 7.432190931686671e-5 53760514 53760514 0
14 160 rs7160426 21254730 1 -7.416654486549836e-5 21254730 21254730 0
14 295 rs876093 22337393 1 7.326016406997007e-5 22337393 22337393 0
14 1833 rs11849615 38970364 2 -7.187866661568598e-5 38970364 38970364 0
14 5088 rs2810114 71395604 1 -7.14124873517532e-5 71395604 71395604 0
14 5361 rs7156893 74184192 1 7.114469836090953e-5 74184192 74184192 0
14 420 rs4982695 23322613 1 7.064256576466823e-5 23322613 23322613 0
14 4500 rs17180350 65249066 1 7.001316393955793e-5 65249066 65249066 0
14 5738 rs7160307 78147779 1 -6.90051282572069e-5 78147779 78147779 0
14 1027 rs4981691 29668507 1 6.576520900190799e-5 29668507 29668507 0
14 5154 rs28347 72375278 1 6.533193359996707e-5 72375278 72375278 0
14 3082 rs11844403 52005924 1 6.323838791101817e-5 52005924 52005924 0
14 7419 rs10149388 94466834 1 -6.312739744875852e-5 94466834 94466834 0
14 8000 rs10137391 98675398 1 -6.270584565494771e-5 98675398 98675398 0
14 6806 rs12881243 88275954 1 -6.259251825303062e-5 88275954 88275954 0
14 1023 rs4981683 29579407 1 -6.208850715939477e-5 29579407 29579407 0
14 4948 rs4528503 70366437 1 6.172515131054577e-5 70366437 70366437 0
14 6133 rs8022139 81421345 1 6.157485739389349e-5 81421345 81421345 0
14 8121 rs1257676 99497912 2 -6.104056317807107e-5 99497912 99497912 0
14 4742 rs181575 68273579 1 6.0973903963180366e-5 68273579 68273579 0
14 6855 rs17798173 88543997 1 -6.0416042484013905e-5 88543997 88543997 0
14 940 rs8012193 28339128 1 6.034720768852003e-5 28339128 28339128 0
14 4614 rs6573625 66240634 1 -5.931705079872367e-5 66240634 66240634 0
14 2125 rs1486585 42477917 1 -5.887263623675141e-5 42477917 42477917 0
14 7387 rs6575353 94205345 1 5.805587747415249e-5 94205345 94205345 0
14 7383 rs7154252 94095960 1 5.752818346881773e-5 94095960 94095960 0
14 1851 rs4432172 39260562 1 -5.7125354624651285e-5 39260562 39260562 0
14 6745 rs2041976 87319110 1 -5.691153124213073e-5 87319110 87319110 0
14 1925 rs2038278 39912718 1 -5.653505220918897e-5 39912718 39912718 0
14 5062 rs7152071 71152433 1 5.617704072727763e-5 71152433 71152433 0
14 116 rs4981223 20971784 1 -5.6098212974249345e-05 20971784 20971784 0
14 3624 rs17091300 56803764 1 5.5763473723389795e-5 56803764 56803764 0
14 41 rs1888371 20594389 1 -5.547655099883112e-5 20594389 20594389 0
14 8032 rs1459148 98840443 1 -5.515036574233867e-5 98840443 98840443 0
14 8389 rs17609426 103775948 1 5.4240340253610046e-5 103775948 103775948 0
14 1821 rs1168541 38844476 1 -5.0276001895469144e-5 38844476 38844476 0
14 5488 rs11159135 75782101 1 4.9899451743051825e-5 75782101 75782101 0
14 2592 rs12588764 47925920 1 4.9871595764612954e-5 47925920 47925920 0
14 8469 rs3809470 105531945 1 -4.907514050084825e-5 105531945 105531945 0
14 7648 rs8012098 95933035 1 -4.8622875791359054e-5 95933035 95933035 0
14 3180 rs8005920 52560934 1 4.763394634392267e-5 52560934 52560934 0
14 8186 rs1191090 100365357 2 4.759496087774123e-5 100365357 100365357 0
14 5799 rs12892137 78493306 1 4.751516051057962e-5 78493306 78493306 0
14 5804 rs10150673 78520076 1 -4.690321951907474e-5 78520076 78520076 0
14 5664 rs9989201 77625148 1 4.6664639155694136e-5 77625148 77625148 0
14 7209 rs10140469 92534114 1 -4.512999612661132e-5 92534114 92534114 0
14 3210 rs17125273 52741646 1 -4.423454763321393e-5 52741646 52741646 0
14 6901 rs11847922 89017069 1 4.401991269325202e-5 89017069 89017069 0
14 769 rs862960 26483147 1 -4.3867419948162215e-5 26483147 26483147 0
14 5718 rs17105949 78010157 1 -4.2944604655336726e-5 78010157 78010157 0
14 4976 rs13379247 70521763 2 4.168157017664564e-5 70521763 70521763 0
14 5153 rs12881230 72367434 1 3.951049943932204e-5 72367434 72367434 0
14 1901 rs10872918 39702975 1 3.948209516557722e-5 39702975 39702975 0
14 2526 rs1539224 47535917 1 3.939504382065526e-5 47535917 47535917 0
14 4483 rs10134770 65063315 1 3.8407670599724466e-5 65063315 65063315 0
14 97 rs1760904 20852029 1 3.81357370514306e-5 20852029 20852029 0
14 1265 rs4981997 33151914 1 3.5722828849683936e-5 33151914 33151914 0
14 7065 rs2110115 90890278 1 -3.548185950265227e-5 90890278 90890278 0
14 2195 rs1470658 43409682 1 3.5263743055882826e-5 43409682 43409682 0
14 6203 rs17115594 82041679 1 -3.507841208632477e-5 82041679 82041679 0
14 5796 rs12895332 78481949 1 -3.492436666419681e-5 78481949 78481949 0
14 4611 rs2411405 66232086 1 3.4522839108483576e-5 66232086 66232086 0
14 639 rs3825591 25280335 1 -3.299950089022803e-5 25280335 25280335 0
14 1259 rs11627900 33100829 1 -3.18774131902281e-5 33100829 33100829 0
14 762 rs1954163 26308279 1 -3.170686912909077e-5 26308279 26308279 0
14 8263 rs17099976 101653358 1 3.123758010576865e-5 101653358 101653358 0
14 6950 rs2110702 89771105 1 3.122782618288042e-5 89771105 89771105 0
14 2315 rs11849451 44467189 1 -3.006401071632877e-5 44467189 44467189 0
14 122 rs12590446 21024786 1 2.968974060078396e-5 21024786 21024786 0
14 1411 rs12586518 34289996 1 -2.880512125971659e-5 34289996 34289996 0
14 6058 rs17110502 80768079 1 2.825396435363227e-5 80768079 80768079 0
14 4717 rs4902493 68046275 1 -2.635859785420531e-5 68046275 68046275 0
14 471 rs222671 23985973 2 -2.5963244179715288e-5 23985973 23985973 0
14 7249 rs7151174 92863359 1 -2.581170284887377e-5 92863359 92863359 0
14 8235 rs2104070 101214993 1 -2.5750492769456816e-5 101214993 101214993 0
14 2197 rs12435931 43413796 1 2.567242330127111e-5 43413796 43413796 0
14 7177 rs4900088 92290681 1 -2.5545726507069016e-5 92290681 92290681 0
14 4172 rs7142146 62555111 2 -2.5352221921566163e-5 62555111 62555111 0
14 613 rs724023 25131460 1 -2.5134393340119706e-5 25131460 25131460 0
14 4814 rs17756147 69036127 1 2.5082236529286447e-5 69036127 69036127 0
14 7518 rs6118 95053863 2 -2.468286489341022e-5 95053863 95053863 0
14 5763 rs17106513 78338121 2 2.3366721713797428e-5 78338121 78338121 0
14 7289 rs10498634 93005721 1 2.0901735745342304e-5 93005721 93005721 0
14 6076 rs4899773 80965302 1 -1.9183586909367656e-5 80965302 80965302 0
14 152 rs6571394 21236181 1 1.880498653309943e-5 21236181 21236181 0
14 4739 rs7143196 68257485 1 -1.8214177740145205e-5 68257485 68257485 0
14 4841 rs17106182 69184387 1 1.8099510679390954e-5 69184387 69184387 0
14 3299 rs1255329 53813420 1 1.7343274438861823e-5 53813420 53813420 0
14 4799 rs10131303 68908860 1 1.6545216951787e-5 68908860 68908860 0
14 8305 rs3783369 102381357 1 -1.5942613494315195e-5 102381357 102381357 0
14 5783 rs17106642 78406473 1 1.5202949964576664e-5 78406473 78406473 0
14 1979 rs1546993 40153203 1 1.3780184998058766e-5 40153203 40153203 0
14 2893 rs2355659 50484040 1 1.3655436283639733e-5 50484040 50484040 0
14 6797 rs28388293 88121506 1 1.3208646380953314e-5 88121506 88121506 0
14 3 rs1959607 20452460 1 1.3019921134260856e-5 20452460 20452460 0
14 7825 rs4905522 97167721 1 -1.2833169218342284e-5 97167721 97167721 0
14 8456 rs10438246 105410183 1 1.2750558162991434e-5 105410183 105410183 0
14 159 rs11623818 21250940 1 -1.014065233432495e-5 21250940 21250940 0
14 2974 rs11845307 51395384 1 7.806415399663827e-6 51395384 51395384 0
14 3238 rs708531 52838084 1 -6.536773052220844e-6 52838084 52838084 0
14 7309 rs8017311 93105338 1 -6.295567898294426e-6 93105338 93105338 0
14 669 rs1241605 25363401 1 -5.986826425703554e-6 25363401 25363401 0
14 6399 rs162651 83780605 1 5.057556844084465e-6 83780605 83780605 0
14 5387 rs4646864 74526703 1 4.0103435759312625e-6 74526703 74526703 0
14 4333 rs17824504 63721611 1 -3.768489477910355e-6 63721611 63721611 0
14 6443 rs10484118 84353192 1 2.3651534714496188e-6 84353192 84353192 0
14 7382 rs10148274 94087775 1 -2.1314338354189375e-6 94087775 94087775 0
14 1985 rs17769363 40216880 1 -7.724301839819365e-7 40216880 40216880 0
14 2358 rs3825630 44975052 1 1.6423134450902617e-15 44975052 44975052 0
14 5417 rs4148078 74759301 1 1.1819363199566768e-15 74759301 74759301 0
14 1124 rs179553 31225710 1 1.7685464163428906e-16 31225710 31225710 0
14 2360 rs3809429 44975606 1 1.470673854256963e-16 44975606 44975606 0
14 8455 rs4465542 105407798 1 1.2061596606719183e-16 105407798 105407798 0
14 5418 rs4148077 74759477 1 8.950103743407345e-17 74759477 74759477 0
