CHR Group SNP.lead BP.lead Size W BP.min BP.max BP.width
19 289 rs3745516 50926742 3 0.21584388569788315 50855935 50926742 70807
19 96 rs2304256 10475652 14 0.0925478097641856 10394792 10608064 213272
19 135 rs8109466 17207011 2 0.05000556842406249 17148156 17212992 64836
19 304 rs273634 51718837 5 0.04614947953039988 51676299 51769145 92846
19 232 rs61750953 41306650 3 0.04222660794666583 41175149 41324684 149535
19 39 rs243335 4402017 5 0.041347182347830753 4353174 4511181 158007
19 193 rs7259371 33534641 11 0.0406200330983414 33532300 33680782 148482
19 97 rs1122608 11163601 8 0.03659400921503006 10668452 11170839 502387
19 122 rs116923487 15133803 6 0.03650660464540048 15131668 15174953 43285
19 311 rs7260152 52160305 6 0.0350918595316937 52155449 52204942 49493
19 129 rs12710303 16282131 7 0.03373624542314901 16282131 16352403 70272
19 211 rs11084813 35923858 4 0.03165953935387252 35868773 35936004 67231
19 14 rs10417628 2251817 1 0.03024838483416024 2113518 2251817 138299
19 342 rs17305311 54705641 2 0.02969506551905823 54705641 54749011 43370
19 150 rs892035 19758190 8 0.02924575552151787 19329924 19863014 533090
19 319 rs3745101 53085813 2 0.02902785754050467 53034598 53105547 70949
19 213 rs231228 36268771 9 0.02741204847257217 36113590 36324324 210734
19 252 rs4803766 45371168 6 0.02722334222593318 45366779 45414451 47672
19 146 rs885683 18244690 12 0.02655391930117907 18180236 18395537 215301
19 164 rs12985572 28769462 6 0.0264287441777819 28718660 28903629 184969
19 269 rs12461639 48172671 5 0.02569053859736841 48015572 48198675 183103
19 226 rs10407035 39913634 6 0.02467896720338432 39913558 40169328 255770
19 136 rs2305767 17294296 4 0.02439510064326673 17241649 17340400 98751
19 54 rs778805 5832209 3 0.02224179626122726 5822490 5839746 17256
19 33 rs45465594 3813906 2 0.02192611948784289 3813906 3851344 37438
19 72 rs72558007 7762440 1 0.02137310911048183 7758339 7762440 4101
