CHR Group SNP.lead BP.lead Size W BP.min BP.max BP.width
17 117 rs9303277 37976469 16 0.15581358760889333 37357034 38223191 866157
17 130 rs3826397 46509447 10 0.08090648645442015 45885687 46738883 853196
17 129 rs2292700 45362423 9 0.04512535929081197 44958937 45847230 888293
17 23 rs3786046 4920360 7 0.03793946468269549 4712617 5150653 438036
17 147 rs7207114 53434046 5 0.03761363533956019 53371047 53596618 225571
17 166 rs6504191 62041068 3 0.03586139823842461 61557773 62109123 551350
17 109 rs12941866 34900120 3 0.03427504525753584 34815551 35009883 194332
17 9 rs58337165 1684605 4 0.03117944640588125 1673276 1801592 128316
17 115 rs923370 37010150 3 -0.02727320496469748 36743015 37032301 289286
17 192 rs12451606 70023827 13 0.02683711524130657 69626669 70120551 493882
17 37 rs2304911 8050979 7 0.02583030010630213 8047081 8565356 518275
17 160 rs1292053 57963537 12 0.02452014530013255 57376428 58206139 829711
17 234 rs7216806 77538517 2 0.02447470245809846 77412179 77538517 126338
17 127 rs1230103 43485791 10 0.02426129430569211 43312893 43924130 611237
17 185 rs8071899 67930946 3 0.02404931506097344 67464569 67962664 498095
17 141 rs10514997 50299021 5 0.02144198912195192 49913259 50321347 408088
17 242 rs7342974 79483999 4 0.02046352075459351 79471895 79612633 140738
17 228 rs7218605 76811803 3 0.02039473194478231 76650175 76930769 280594
17 202 rs2661611 71708855 6 0.02028338576275675 71488139 71715356 227217
17 33 rs2270981 7216540 4 0.01993449126119914 7091650 7297452 205802
17 150 rs5027751 54557543 7 -0.01804729435134739 54180943 54588211 407268
17 211 rs4789114 72950927 5 0.01727583586086108 72937851 73185657 247806
17 57 rs11078022 11511457 7 -0.01691051835564061 11511457 11773387 261930
17 52 rs406446 10614442 3 0.0167739702715753 10583589 10881442 297853
17 90 rs4470197 28464474 9 0.01671576724211832 27344104 28551665 1207561
17 19 rs9909751 4299256 1 0.01554399696187014 3896807 4310639 413832
17 190 rs17178041 69138255 2 0.01459256892964502 69029047 69239272 210225
17 8 rs8070091 1578032 3 -0.01410935569585159 1519775 1648294 128519
17 80 rs7208027 16780763 5 0.0139584871682195 16501495 16855878 354383
17 229 rs8074370 76957331 2 -0.01392060688326393 76957331 77087805 130474
17 177 rs7224314 65386214 4 0.01386258559063298 65033060 65423279 390219
17 48 rs3967769 9981026 1 0.01372548553308513 9981026 10050763 69737
17 94 rs11656631 30841962 8 0.01265733117784649 30153880 30841962 688082
17 128 rs199533 44828931 10 0.01179269430403573 43968415 44871987 903572
17 135 rs2696265 48367827 1 -0.01152203835331206 48305312 48372465 67153
17 125 rs2011895 42398757 2 -0.01114364177297445 42361360 42629737 268377
17 133 rs4793621 47863368 2 -0.01097091139717411 47610371 47998525 388154
17 54 rs7213403 11129408 3 0.0107714624840979 11105794 11179153 73359
17 86 rs17771175 21003053 2 0.01065395452315119 20819995 21284223 464228
17 170 rs8074052 63235960 5 -0.01057115005147831 63162476 63334665 172189
17 167 rs8082170 62395382 8 0.00983515145508255 62168609 62405369 236760
17 180 rs35397826 66270082 3 -0.00973526837508388 65806153 66373475 567322
17 148 rs4239199 53623241 2 -0.00972116876846735 53621492 53785504 164012
17 179 rs2952454 65599398 1 -0.00971743396559723 65599398 65740619 141221
17 36 rs8078865 7955314 4 0.00963076105187455 7936282 8014416 78134
17 225 rs4789577 76320835 1 0.00901886583452455 76320835 76423097 102262
17 68 rs16948721 13803737 3 -0.00888096535186211 13681058 13803737 122679
17 76 rs230956 15202205 3 0.00856606076861229 15026756 15277733 250977
17 187 rs12150382 68222772 2 0.00842110323899737 68135877 68237670 101793
17 144 rs1508966 51703484 11 0.00835515235574436 51669531 52313270 643739
17 88 rs11538927 26686416 9 0.00815736431265087 25885431 26742060 856629
17 35 rs9903543 7675729 1 -0.00805434029705269 7639749 7922767 283018
17 159 rs11079346 56383744 11 0.00803022507813062 56247575 57210721 963146
17 188 rs9915405 68355681 9 0.00801643020714369 68264545 68715520 450975
17 102 rs1978136 32377698 5 0.00777607692919094 32369860 32639361 269501
17 39 rs9891421 8880878 1 0.00732340238965882 8834595 8959680 125085
17 191 rs2158906 69257833 3 -0.00716083301805707 69257833 69512099 254266
17 34 rs1544724 7621777 4 0.00708253556674083 7350544 7623394 272850
17 178 rs2706683 65552709 1 0.00695334762658618 65466619 65552709 86090
17 174 rs17769593 64221641 10 0.00669893960908909 63942253 64434272 492019
17 5 rs7217439 1009156 2 -0.00656538025649128 947233 1009156 61923
17 219 rs16969682 75127012 3 0.00630136472327043 75075664 75254513 178849
17 227 rs6501232 76608673 3 -0.00626348827513757 76595131 76630778 35647
17 2 rs4286157 402843 4 0.0059553242945752 293138 733738 440600
17 152 rs4793832 54885087 2 -0.00592600444426031 54850329 55094289 243960
17 55 rs764644 11237826 8 -0.00569449078967097 11181602 11306660 125058
17 67 rs2108702 13592605 5 0.00568412684392946 13539564 13671900 132336
17 232 rs11658702 77289304 2 0.00552858069483505 77243063 77296321 53258
17 220 rs11077909 75403480 3 0.00529630821225325 75288940 75414358 125418
17 29 rs3888640 6153134 8 0.0052881435065539 6153134 6320519 167385
17 99 rs10512451 32014117 6 0.00512448056157378 32000619 32060709 60090
17 175 rs2024321 64616608 7 -0.00492072106814575 64443995 64788827 344832
17 24 rs7213832 5271804 4 0.00491662283663223 5193813 5570518 376705
17 137 rs1051640 48768486 1 -0.00488487659772328 48736403 48967375 230972
17 17 rs178323 3637953 5 0.00484923308393488 3429303 3676393 247090
17 239 rs999977 78606412 8 0.00467946240579835 78469357 78820212 350855
17 126 rs12449933 43137201 5 0.00467361387103864 42649782 43273187 623405
17 30 rs12453781 6427027 9 -0.00447014787089532 6343413 6573964 230551
17 235 rs4889793 77840087 3 0.00441764677805346 77672725 77854454 181729
17 196 rs8068946 70712513 3 0.00422552173896741 70607042 70745592 138550
17 98 rs1369112 31931592 3 0.0042085566387725 31836993 31979473 142480
17 222 rs2410423 75667271 4 0.00412878554222603 75621704 75765605 143901
17 139 rs9635758 49612200 3 -0.00412097489068468 49459043 49613785 154742
17 121 rs2304493 39966168 2 -0.00409304812897922 39874075 40193709 319634
17 73 rs2109174 14513310 6 0.00407629828755948 14513310 14640534 127224
17 184 rs6502001 67096079 5 0.00402565009871818 66918829 67442274 523445
17 123 rs479249 41713678 7 -0.00386970682677814 41127448 41767975 640527
17 58 rs2190616 11861881 5 -0.0038522601117975 11793764 12127676 333912
17 215 rs4789302 74480715 3 -0.00374296201676808 74387284 74573532 186248
17 82 rs9890064 17538008 5 -0.00361848053103981 17326605 18290993 964388
17 209 rs491192 72623855 7 0.0035712525248826 72398336 72653232 254896
17 103 rs891754 32810443 4 -0.00353956435760297 32682616 32813054 130438
17 16 rs7215891 3396894 7 -0.0034551868620838 3101578 3422366 320788
17 153 rs8066842 55264833 1 -0.00332109466616824 55173033 55264833 91800
17 143 rs9890221 51613235 4 0.00322465671205774 51289930 51653566 363636
17 11 rs35343613 2227655 5 0.00321266704513011 1967620 2561169 593549
17 118 rs4135012 38450248 3 0.00307105657716656 38257090 38857446 600356
17 206 rs9893652 72042246 2 -0.00305886599660146 72031792 72070772 38980
17 140 rs7207398 49812048 8 0.00303356591471181 49640184 49886052 245868
17 173 rs2107654 63633073 3 0.00303305839833818 63593166 63905236 312070
17 142 rs12603672 51115243 1 0.00300540638522227 50367050 51115243 748193
17 221 rs8077107 75612564 1 0.00294085187095321 75560281 75612564 52283
17 38 rs726679 8811678 6 0.00286688987982179 8609022 8811678 202656
17 194 rs1008621 70362731 3 0.0028120911016078 70280141 70388518 108377
17 26 rs1558883 5817733 2 0.00280718137543891 5756338 5907520 151182
17 216 rs9897045 74662054 4 -0.00279254707435609 74593903 74897818 303915
17 224 rs2854704 76175824 5 0.00264483627806141 76130987 76253595 122608
17 199 rs2131606 71059408 4 0.00263913288804276 71052880 71164081 111201
17 238 rs148731719 78350110 5 0.00260562767656256 78266759 78396004 129245
17 56 rs2908967 11417222 7 0.00246801116177974 11344615 11491194 146579
17 40 rs3744655 9058214 3 0.00244001138573429 8965551 9102169 136618
17 64 rs9909179 13044303 2 0.00240314601261624 13044303 13143819 99516
17 70 rs11078233 14110852 2 -0.00239506377218668 13907310 14197451 290141
17 200 rs4969113 71361834 4 0.00228161183708451 71188283 71361834 173551
17 210 rs35489971 72700943 6 0.00227343486332574 72700943 72931519 230576
17 163 rs9902598 59635424 1 0.00226977676586874 59630944 60285205 654261
17 245 rs9911222 80473077 4 -0.00223768335716347 80473077 80624430 151353
17 119 rs447375 39338970 9 -0.00221956275465752 38888121 39646021 757900
17 107 rs79007502 33880305 9 0.00220564687421392 33827134 34346267 519133
17 61 rs9894153 12611343 1 0.00209211700174855 12578664 12655081 76417
17 95 rs7210010 30905457 1 0.00206813773502901 30873862 31283408 409546
17 171 rs4790945 63371880 2 0.00201730709472613 63371880 63444042 72162
17 106 rs1554046 33670803 5 -0.00197281659624812 33670803 33814758 143955
17 31 rs1509122 6693466 1 -0.00186355948535737 6652789 6811529 158740
17 93 rs7212433 30083687 3 0.00180029819620534 29973322 30114974 141652
17 189 rs8067887 68933985 3 0.00178284389353943 68761825 68990369 228544
17 77 rs7208747 15309204 2 0.00174032323116815 15288545 15309204 20659
17 156 rs1974692 55653436 3 0.0016867763006462 55653436 55834785 181349
17 124 rs231487 41981300 10 0.00163945694732088 41776686 42338998 562312
17 84 rs2440154 19444987 3 0.00158778373223794 18917324 19664318 746994
17 69 rs9913851 13819731 2 0.00152560720264669 13815860 13885178 69318
17 241 rs4613097 79170578 2 0.00140407398128003 79060180 79287477 227297
17 53 rs4792077 10899825 1 0.00132198175000664 10899825 10943386 43561
17 85 rs7209889 20217122 1 -0.00131220975122294 19804247 20699545 895298
17 66 rs7216272 13386262 2 -0.00122955264061598 13358465 13495749 137284
17 47 rs16959243 9928077 2 0.00122185576123942 9874145 9963969 89824
17 218 rs9890579 75020291 1 -0.00115732192850914 74979685 75048672 68987
17 10 rs4790859 1897820 1 0.00112310245389206 1844519 1917610 73091
17 89 rs12451955 27314224 4 0.00112301281790153 26807734 27315965 508231
17 183 rs1008822 66832788 2 0.00111258452257287 66767580 66899733 132153
17 46 rs2293100 9760716 2 0.00111039458705565 9760716 9859408 98692
17 14 rs17762380 2793967 1 -0.00109344789385817 2793532 2832726 39194
17 208 rs35682745 72240168 4 -0.00109123583265479 72240168 72355952 115784
17 32 rs444207 6982444 1 -0.00104472591724003 6888605 7050199 161594
17 0 rs4617924 114669 1 0.00102593607979989 114669 114669 0
17 203 rs731513 71749898 4 -0.00100597285468994 71735358 71815050 79692
17 204 rs8068489 71851443 1 -9.993406135365478e-4 71839751 71958812 119061
17 151 rs714832 54738257 4 -9.85472557235159e-4 54612056 54780491 168435
17 131 rs9899950 46828412 5 -9.32386013821505e-4 46828412 47210506 382094
17 244 rs9303029 80408815 2 9.283368495942876e-4 80280054 80456621 176567
17 223 rs10512616 76034156 3 -9.200426765383712e-4 75792272 76087178 294906
17 237 rs11652075 78178893 2 9.03643624162803e-4 77940637 78184679 244042
17 18 rs1558294 3763574 1 -8.770257847162783e-4 3763574 3817609 54035
17 74 rs2191177 14804554 3 8.52493983247413e-4 14653797 14854669 200872
17 146 rs4399591 53291767 2 -7.848760817004089e-4 52959686 53331344 371658
17 154 rs868728 55403922 2 7.56808950311385e-4 55289933 55463146 173213
17 122 rs4792930 40805844 3 7.557619547421232e-4 40255743 41077046 821303
17 51 rs117790102 10415269 3 -7.390631408331731e-4 10227708 10570459 342751
17 182 rs16973170 66639907 1 7.05033330357146e-4 66581506 66733138 151632
17 212 rs8064529 73519413 2 6.884025482587468e-4 73211642 73729660 518018
17 79 rs12325935 16263213 1 -6.627663293869244e-4 15914986 16417418 502432
17 43 rs9916292 9336658 5 6.552495471395162e-4 9336370 9474296 137926
17 231 rs7223911 77232086 1 6.50871775659825e-4 77220594 77234671 14077
17 149 rs9898558 53993882 3 6.404093951324305e-4 53887966 54157181 269215
17 230 rs2703549 77192453 2 -6.169490056681509e-4 77120577 77192453 71876
17 197 rs4969120 70881435 1 -5.218228075142884e-4 70772384 70912437 140053
17 100 rs4144698 32068973 2 5.164816183148624e-4 32068973 32295140 226167
17 97 rs11657729 31726095 7 5.089294751854387e-4 31583522 31811476 227954
17 217 rs4788961 74969428 3 -4.571059123541226e-4 74913937 74969428 55491
17 91 rs1050565 28576076 13 -4.3730279391512687e-4 28574177 29745981 1171804
17 198 rs9916646 70988891 1 -4.14577764932919e-4 70924681 71006512 81831
17 105 rs4795998 33070529 2 -3.985056317354739e-4 32998577 33609247 610670
17 136 rs8068961 48403826 4 3.831689438200043e-4 48403826 48652875 249049
17 243 rs4789753 80092131 2 3.552941292765837e-4 79949231 80109806 160575
17 112 rs4074605 35922443 3 -3.534657015085078e-4 35456279 36030031 573752
17 240 rs9897968 78894514 2 -3.4094162525589707e-4 78859110 79017259 158149
17 162 rs4968562 59521310 1 3.2887769968785224e-4 59444758 59559665 114907
17 246 rs6502026 80921029 6 -3.1368847195254075e-4 80652949 81006629 353680
17 158 rs11079337 56162496 1 -2.739086569609237e-4 55954403 56233499 279096
17 28 rs35433451 6117513 1 2.599966911946192e-4 6031458 6135840 104382
17 161 rs12952507 59265044 1 -2.541996609124105e-4 58828402 59366049 537647
17 25 rs2042005 5733558 3 2.473586971773209e-4 5576885 5733558 156673
17 4 rs11654885 896190 1 2.0582809820257636e-4 831667 896190 64523
17 164 rs4968613 60747979 3 -1.806119834902309e-4 60405483 60851264 445781
17 78 rs7213827 15558557 1 1.6647143959129347e-4 15316235 15826088 509853
17 113 rs4430796 36098040 1 -1.6520509111952046e-4 36098040 36249430 151390
17 226 rs61745194 76548866 1 -1.3570933698502975e-4 76451830 76548866 97036
17 132 rs2233362 47287067 7 -1.1793672174179818e-4 47243622 47570085 326463
17 72 rs16949556 14344249 1 9.647519848002856e-5 14308398 14482232 173834
17 207 rs7225881 72155302 1 -7.402899414742382e-5 72096784 72190551 93767
17 165 rs1476811 60919308 1 6.157288790096006e-5 60896263 61496471 600208
17 110 rs295869 35147345 2 5.256430754050235e-5 35021633 35174912 153279
17 181 rs2909207 66439605 1 4.959559812924227e-5 66391314 66540810 149496
17 83 rs9903574 18768582 1 3.039537574429805e-5 18753870 18844736 90866
17 157 rs2586094 55880661 1 2.8765439135168055e-5 55847256 55908536 61280
17 214 rs2665969 74122209 1 1.62425948718843e-5 74067099 74330638 263539
17 75 rs2875097 14920997 4 -5.894185238850946e-6 14889238 15010250 121012
