CHR Group SNP.lead BP.lead Size W BP.min BP.max BP.width
22 94 rs7291930 20876509 1 0.0556030398194409 20866658 20903410 36752
22 601 rs12627970 39721745 5 0.04679560754043209 39709605 39721745 12140
22 540 rs2284033 37534034 3 0.04502788883481073 37533068 37535471 2403
22 107 rs1210606 21452237 2 0.04118361340324154 21452237 21452237 0
22 346 rs1002189 30771458 6 0.04104629345273066 30679387 30776095 96708
22 629 rs9607852 42258272 4 0.04046496722967327 42210985 42258272 47287
22 600 rs968451 39670851 3 0.03689149737364879 39670851 39687484 16633
22 651 rs738533 43172308 2 -0.03350157255974656 43172308 43179166 6858
22 635 rs5996130 42612297 3 0.03173831479557321 42609148 42661144 51996
22 493 rs4820201 35970204 2 0.0299211211483902 35970204 35980060 9856
22 714 rs135938 44812036 1 -0.02965445049748296 44812036 44812036 0
22 625 rs4822024 41757647 4 0.0283986471702641 41736090 41762523 26433
22 940 rs11555194 50876662 5 0.02790541305039942 50856222 50876662 20440
22 58 rs5748167 19370586 2 0.02769303142083681 19310812 19423250 112438
22 460 rs204276 34744069 2 0.02720640186281094 34727172 34750873 23701
22 943 rs140522 50971266 2 0.0262867902577072 50960682 50971752 11070
22 219 rs8139900 26394724 1 0.02621592921213453 26394724 26400319 5595
22 356 rs5753271 31070493 1 -0.02419673907960861 31070493 31070493 0
22 688 rs2267597 44427612 2 0.02392722414694854 44427612 44429762 2150
22 166 rs1041749 24846391 1 0.02359786684582992 24833760 24881781 48021
22 790 rs13057352 47095235 2 0.023184993579327 47091321 47095235 3914
22 85 rs9606241 20075858 5 0.02117529145057865 20071737 20100596 28859
22 34 rs439231 18319179 2 -0.02094373105927221 18314391 18319179 4788
22 238 rs5752327 26844070 4 0.02085546832111617 26833186 26884039 50853
22 343 rs5753014 30515049 1 -0.02061539166424155 30494371 30581722 87351
22 372 rs16989291 31971282 5 0.02022590279251067 31966274 32027449 61175
22 681 rs739231 44282276 4 -0.02016851155640171 44278752 44286950 8198
22 141 rs5759742 23700907 2 0.01989393817529049 23700907 23700907 0
22 427 rs7286572 33776430 2 -0.01874705492357089 33771672 33791374 19702
22 623 rs139480 41626663 4 0.01825239247333111 41507400 41626663 119263
22 62 rs2157727 19565395 4 0.01805393210604234 19558475 19567149 8674
22 217 rs9613049 26345603 2 -0.01803390978236365 26345603 26346108 505
22 467 rs2223271 34920388 4 -0.01773272595250605 34880370 34940942 60572
22 617 rs6001931 40877514 2 0.01759591334754191 40828361 40914949 86588
22 905 rs11703376 49678713 1 0.01719130304596826 49678713 49679043 330
22 748 rs8135904 45568419 2 -0.01694766804318963 45551071 45568986 17915
22 380 rs5994466 32518130 5 0.01692711078705117 32517431 32533584 16153
22 256 rs13054025 27222059 2 0.01688670991555331 27222059 27222286 227
22 212 rs739281 26277148 2 0.01678001595510982 26277148 26277148 0
22 509 rs5995255 36602779 1 -0.0166911092985864 36602779 36603294 515
22 570 rs143910997 38321806 2 -0.01658752559174873 38272929 38371328 98399
22 626 rs132902 41797758 1 0.01635981096495144 41797758 41799106 1348
22 299 rs8136304 27917070 2 0.0158881747151234 27905428 27917070 11642
22 6 rs917838 17492452 2 -0.01588345609662565 17492452 17492452 0
22 913 rs5770391 49790713 1 -0.01578909902487802 49790713 49790713 0
22 413 rs2283885 33248902 1 -0.01577535439359047 33246032 33249271 3239
22 142 rs2330452 23754578 3 0.01514923913946359 23752398 23754578 2180
22 275 rs9620665 27557030 3 0.01478640920806372 27557030 27557351 321
22 68 rs5748371 19636858 1 -0.01467365085123391 19634330 19636858 2528
22 946 rs3219201 51043278 2 -0.01448045832320099 51040546 51043278 2732
22 124 rs5757136 22517826 3 -0.01441506247194453 22504946 22518517 13571
22 396 rs11703151 32849712 3 0.01437245297064378 32847116 32849712 2596
22 582 rs5757166 38995385 4 0.014278023457558 38995385 39138332 142947
22 639 rs9620039 42738766 3 -0.01412425222741435 42738766 42742451 3685
22 528 rs4821540 37241788 1 0.01363377291818434 37241788 37241788 0
22 185 rs139762 25307571 2 0.01361507177207862 25307571 25308272 701
22 428 rs16992276 33801983 2 0.0135193724118781 33799128 33801983 2855
22 82 rs2531708 20017445 5 0.01344176225833562 20010730 20020229 9499
22 851 rs11090830 48726996 1 -0.01331155192430273 48725114 48726996 1882
22 797 rs974226 47230348 2 0.01319103202705604 47224481 47230348 5867
22 937 rs5771086 50595842 2 -0.01316434420425544 50584130 50599466 15336
22 804 rs4823464 47489470 1 -0.01290038589062589 47489470 47489470 0
22 671 rs11704418 43705678 2 -0.01282816769275342 43705678 43705678 0
22 110 rs4821112 21964761 5 0.01269022030616817 21917190 21982892 65702
22 553 rs2284051 37710569 1 0.01230359480755037 37710569 37710569 0
22 31 rs8140645 18289555 3 -0.01219242653055972 18286672 18292466 5794
22 311 rs5762321 28098110 1 -0.01188326943411492 28094845 28098110 3265
22 218 rs9306419 26369358 1 0.01187662084560927 26369358 26369358 0
22 347 rs7288366 30796422 4 0.011830960581407 30794950 30796422 1472
22 342 rs41176 30432403 2 -0.0117133529044657 30404653 30440533 35880
22 270 rs760529 27485345 3 0.01147278033660598 27485111 27485959 848
22 330 rs132372 29604561 3 0.01146319074247127 29596502 29604561 8059
22 173 rs56032751 25158445 1 -0.01133045963487417 25158445 25168397 9952
22 554 rs5750423 37734452 1 0.01127321617080793 37728491 37734452 5961
22 924 rs135796 49947789 5 -0.01109300896367917 49932138 49947789 15651
22 562 rs8140025 37910395 1 0.01073164156536739 37910395 37911190 795
22 691 rs6006486 44503633 1 -0.01058144572645834 44503633 44503633 0
22 903 rs8140508 49610259 5 0.01042833685283907 49602052 49623181 21129
22 358 rs4820902 31165724 2 -0.01035208006182799 31160539 31171274 10735
22 71 rs1015939 19678655 1 -0.01015955236112319 19677207 19678655 1448
22 574 rs2076114 38509439 1 -0.00976992367037414 38509439 38509439 0
22 942 rs8138406 50937445 1 -0.00974140498126925 50937445 50937445 0
22 425 rs5998876 33729763 3 0.00949925389315619 33728035 33730575 2540
22 390 rs5753991 32738182 1 0.0094182896314213 32738182 32745916 7734
22 823 rs10460765 47944748 3 0.00935086890125711 47944269 47944748 479
22 223 rs134703 26500417 6 -0.00923374149829769 26485668 26507645 21977
22 302 rs723184 27962517 3 -0.00920561665874174 27962517 27968208 5691
22 165 rs5751862 24802564 2 -0.0091249195832313 24755025 24802564 47539
22 539 rs228942 37524619 1 -0.00904699143793431 37524619 37524619 0
22 577 rs6001064 38638071 1 0.00901811366513643 38628306 38638071 9765
22 341 rs9620928 30337120 5 -0.00894322148357995 30297546 30390990 93444
22 249 rs5752388 27109475 2 -0.00889721511899455 27109475 27110259 784
22 37 rs1072405 18406068 1 0.00859078240732454 18403629 18406068 2439
22 524 rs2283994 37016614 1 -0.00853850119872972 37013694 37027680 13986
22 158 rs60699980 24226890 2 -0.00851739356893641 24226890 24235198 8308
22 545 rs5995396 37586000 3 0.00844620580685102 37581485 37592504 11019
22 771 rs910923 46487902 1 0.00820316504084039 46487902 46487902 0
22 7 rs879575 17589567 1 -0.00811853641232264 17589209 17589567 358
22 694 rs5764558 44544028 1 0.00805390605761975 44544028 44544028 0
22 468 rs2899228 35041350 1 -0.00803374801663868 35033249 35048143 14894
22 337 rs2857651 30075052 2 0.00790124420013699 30065967 30079213 13246
22 236 rs2226691 26789849 1 0.00763327654682722 26789849 26789849 0
22 152 rs6003847 24047657 9 -0.00759519187032012 24022307 24048368 26061
22 616 rs6001906 40812499 2 0.0075813529886799 40736472 40812499 76027
22 151 rs6003824 23993051 2 -0.00751777546596919 23979219 23993051 13832
22 535 rs5756471 37404249 2 0.00742696142259407 37375668 37407527 31859
22 761 rs6006756 45884487 4 0.00738735110740379 45878984 45892433 13449
22 231 rs3788378 26715923 2 -0.00738516651395356 26715393 26716432 1039
22 738 rs6007397 45339200 2 -0.00736167091400276 45337329 45339200 1871
22 26 rs174330 18009909 1 0.00735065519388467 18005947 18021760 15813
22 550 rs8139798 37660255 3 0.00732661631737706 37660255 37669321 9066
22 47 rs5992185 18633978 1 0.00732052358212114 18633978 18633978 0
22 649 rs5758898 43117463 3 0.00731687669617406 43110919 43122720 11801
22 895 rs926761 49486490 1 -0.00719373842879153 49484533 49486490 1957
22 5 rs11703655 17450952 1 0.00713150461675205 17443131 17450952 7821
22 440 rs240073 34086494 2 0.00712093652883697 34083987 34090440 6453
22 78 rs165631 19951816 1 0.00694153448309207 19951271 19951816 545
22 839 rs5766970 48396779 1 -0.00693464668997667 48396779 48424743 27964
22 848 rs9615800 48609843 1 -0.00690913595344856 48603295 48621722 18427
22 131 rs6003439 23327745 2 -0.00687559269731838 23299769 23350873 51104
22 875 rs13056461 49155087 3 0.00687435316748573 49154931 49164116 9185
22 127 rs8141482 22584809 1 -0.00685296771526849 22584809 22584809 0
22 147 rs140174 23922983 1 0.00684338836091569 23922983 23922983 0
22 250 rs6005150 27122480 1 0.00676840485667942 27122480 27122480 0
22 810 rs6008118 47683805 1 -0.00672002133649082 47683805 47683805 0
22 707 rs5766627 44750243 1 -0.00669336167084414 44750243 44750621 378
22 109 rs460106 21806401 1 0.00668884609291064 21806401 21809185 2784
22 750 rs9626655 45612551 2 -0.00666349292422542 45612551 45612551 0
22 397 rs7292178 32859619 2 0.00663562535477019 32859619 32864879 5260
22 369 rs1858821 31676454 5 -0.00658008177506649 31618958 31696615 77657
22 374 rs61731667 32218727 2 -0.0065591395488373 32129603 32218727 89124
22 516 rs139933 36845207 1 0.00636286806454039 36845207 36857291 12084
22 492 rs13054394 35950648 1 0.00625250918724367 35949334 35952603 3269
22 863 rs5771622 49027446 4 -0.00625050397345403 49027446 49028732 1286
22 789 rs875559 47034838 1 0.0061709800865899 47021203 47034838 13635
22 393 rs35856742 32810378 2 -0.00616238211290488 32782118 32811952 29834
22 133 rs9624019 23407301 1 0.00612684168239557 23407301 23417677 10376
22 938 rs34163881 50655543 2 -0.006117439048816 50655543 50660137 4594
22 800 rs136068 47344209 2 0.00609227420880289 47343997 47363413 19416
22 497 rs5755820 36041562 1 -0.00602746434400125 36041562 36041650 88
22 607 rs4820387 40070446 4 -0.00601863489680231 40065322 40083730 18408
22 876 rs131025 49175009 1 -0.00600744524502847 49173457 49175009 1552
22 38 rs1076539 18439598 5 0.00595696668627448 18439598 18444657 5059
22 290 rs4302309 27751796 2 -0.00591844765539453 27751796 27756300 4504
22 506 rs80584 36555794 2 0.00584110046479776 36550067 36557550 7483
22 870 rs130129 49096694 1 0.00582502237215766 49096694 49097331 637
22 945 rs131749 51024624 1 0.00564345441119075 51011241 51024624 13383
22 766 rs3788673 45994189 2 0.00555370949351345 45988571 45997852 9281
22 517 rs760718 36900806 3 -0.00550117202862083 36870845 36900806 29961
22 287 rs507070 27700919 2 0.00546380158028101 27700318 27715760 15442
22 484 rs11704301 35711543 1 0.00545241001645001 35660875 35717246 56371
22 752 rs6006973 45665663 2 -0.00541717789687424 45665663 45665663 0
22 939 rs8142229 50814075 2 -0.00538882425302253 50814075 50817485 3410
22 884 rs2092779 49339278 2 -0.00537381579837293 49338361 49339278 917
22 896 rs135230 49513663 3 0.00535362332911489 49505948 49514337 8389
22 392 rs9619261 32777364 1 -0.0052328212550373 32773266 32777364 4098
22 161 rs17854874 24468386 2 0.00521264377795849 24460593 24582041 121448
22 245 rs35520672 27019264 3 -0.0052056187469243604 27011460 27021401 9941
22 537 rs855791 37462936 2 0.00514588160119957 37462936 37470224 7288
22 602 rs5757670 39829736 3 0.0051022628504907 39781585 39829736 48151
22 265 rs6005266 27410749 1 0.005074706900842 27410749 27413509 2760
22 483 rs2103642 35631590 1 0.00503926390131937 35631590 35631590 0
22 764 rs136753 45936121 2 0.0050273800912288 45926585 45937149 10564
22 950 rs9616906 51104680 2 -0.00499995320446869 51104680 51104680 0
22 105 rs383331 21424414 6 -0.00498131748113893 21423908 21431181 7273
22 104 rs2072550 21386019 4 0.0049740959608952 21381646 21386019 4373
22 578 rs17753394 38678387 2 -0.00490464089891279 38675738 38678387 2649
22 382 rs9606916 32567306 1 0.00488937119804997 32558547 32567306 8759
22 571 rs742395 38447444 2 -0.00486268759904039 38431917 38447444 15527
22 664 rs148458324 43618695 1 0.00485956975052113 43618695 43618695 0
22 175 rs7287595 25208398 1 0.00485871266045703 25208398 25208398 0
22 641 rs733278 42811919 4 -0.00484200272361184 42811101 42813753 2652
22 326 rs5762930 29378708 5 0.00472400631013238 29378708 29420482 41774
22 503 rs2413380 36519040 1 -0.00468632706422019 36519040 36519040 0
22 400 rs12628631 32939719 2 0.00464053896571888 32930568 32939719 9151
22 947 rs131724 51055900 4 -0.0045613555979575 51048400 51057923 9523
22 126 rs10483109 22537581 2 0.00455848256368051 22536846 22548831 11985
22 603 rs2294360 39897792 4 -0.00451734383074865 39897792 39913420 15628
22 273 rs9608581 27533998 2 -0.00448012264153065 27533998 27533998 0
22 487 rs743811 35792974 4 0.00447611373509644 35792974 35797333 4359
22 634 rs9623534 42565200 1 0.00446613362267291 42563308 42580933 17625
22 899 rs12170052 49571596 1 0.00439725548367279 49568230 49573190 4960
22 849 rs4499 48646288 2 0.0043671532393953 48646288 48646288 0
22 80 rs2073742 19989642 3 0.00432146696892436 19969106 19996570 27464
22 55 rs1060376 19196502 2 0.00419757707846827 19180589 19223352 42763
22 281 rs498789 27627416 1 0.00418222963287865 27622907 27627416 4509
22 786 rs5767244 46924254 1 0.00416307607278491 46924254 46924254 0
22 332 rs2267136 29767925 3 0.00415798979067856 29710360 29791234 80874
22 268 rs3091387 27441379 1 -0.00415230952647393 27438631 27444637 6006
22 847 rs2001902 48569604 2 -0.00412276729248237 48567467 48569604 2137
22 310 rs5762311 28090207 3 -0.00407566545878121 28071675 28090374 18699
22 682 rs4823103 44304419 1 -0.00390208695519474 44304419 44304419 0
22 272 rs4822859 27508858 1 0.00386639336712219 27508858 27508858 0
22 763 rs136723 45916679 1 -0.00385335636619619 45916679 45916679 0
22 263 rs5761863 27348456 2 -0.00375907136137748 27348456 27348456 0
22 103 rs398577 21362849 2 -0.00374722813107375 21352181 21362849 10668
22 530 rs5750326 37276285 5 0.00370019660639664 37268555 37276430 7875
22 850 rs133588 48666450 2 0.00368420159335246 48666450 48672302 5852
22 679 rs1476036 44158490 2 -0.00368173852168067 44123502 44198015 74513
22 606 rs132575 39982721 2 0.00357728270965278 39982721 39989216 6495
22 833 rs4823506 48265076 3 -0.00356793106007206 48253446 48269511 16065
22 480 rs61739193 35463225 3 -0.00356792918638835 35463225 35481493 18268
22 409 rs8142758 33174766 3 -0.00347136749943813 33159636 33174766 15130
22 894 rs6009424 49473747 1 0.00339976443676906 49465735 49473747 8012
22 656 rs5759111 43442599 2 0.00339467303692396 43442599 43466217 23618
22 258 rs136519 27243234 1 -0.00331636484922012 27236439 27243234 6795
22 79 rs5993891 19959746 4 0.00328643470951385 19956781 19962203 5422
22 163 rs7288201 24621293 2 0.00327183441944146 24621293 24622648 1355
22 293 rs136945 27804079 4 -0.00326809888978528 27802721 27815491 12770
22 411 rs738992 33210005 2 -0.00325826306091397 33191491 33213319 21828
22 405 rs13340089 33032041 1 0.00323987149438528 33025155 33033048 7893
22 499 rs2076671 36122930 2 -0.00316645458803482 36102700 36130577 27877
22 331 rs3950176 29630337 2 0.00311574630631172 29630337 29636985 6648
22 304 rs7287557 27988228 3 -0.00309920103096089 27988228 27989890 1662
22 266 rs134932 27425365 2 0.00309174696716771 27425162 27425365 203
22 125 rs16985150 22525600 3 0.00308740756006742 22524651 22535137 10486
22 148 rs131429 23925779 1 -0.00308091464752024 23925779 23925779 0
22 395 rs2076051 32831809 1 0.00307675438057142 32831809 32832874 1065
22 758 rs12172195 45813687 5 0.00304271135704874 45813687 45823327 9640
22 98 rs2072517 21115244 2 0.00297487814008762 21115244 21115244 0
22 621 rs61756762 41257393 1 0.00297417095459681 41257393 41291730 34337
22 746 rs9306489 45525484 4 0.00296985424049474 45518890 45525484 6594
22 192 rs4820621 25608548 1 0.00295641975670434 25608548 25608548 0
22 566 rs2235336 37958268 2 0.00280665249132506 37958268 37958268 0
22 137 rs5751614 23593051 1 0.00277766963973891 23593051 23593051 0
22 569 rs9610841 38121152 2 -0.00276410279193275 38117943 38205989 88046
22 556 rs4821653 37771985 2 0.0027473490597222 37771985 37771985 0
22 496 rs17722827 36030165 1 -0.00270546379867921 36030165 36034983 4818
22 288 rs545614 27729548 1 0.00269917436048824 27729548 27729548 0
22 618 rs16985899 40963402 1 0.00266940359885807 40963402 41075543 112141
22 889 rs5769373 49411595 3 0.00266804516215754 49411595 49416063 4468
22 322 rs134529 28781758 1 -0.00260110917830036 28781758 28923317 141559
22 593 rs139298 39497452 1 0.00260010310625851 39497452 39499902 2450
22 324 rs5752793 29160314 5 0.00254494301727624 29156448 29251926 95478
22 576 rs6001027 38545619 1 0.00252130222428777 38544298 38569006 24708
22 531 rs735563 37296931 3 -0.00251733352537093 37296129 37298344 2215
22 180 rs56123612 25251372 2 0.00244969244426296 25251372 25269518 18146
22 587 rs5757387 39333340 2 0.00244698989732281 39320828 39337500 16672
22 312 rs4820773 28102627 1 -0.00244327293227773 28101265 28103259 1994
22 319 rs7292859 28368266 1 0.00243704424150825 28368266 28368266 0
22 401 rs1962222 32971900 3 0.00243687722726693 32959350 32971900 12550
22 668 rs5759250 43673800 1 0.002404179108711 43670386 43673800 3414
22 803 rs86559 47454664 1 0.00234965925266828 47454664 47454664 0
22 685 rs9626074 44363736 5 0.00234415231169377 44354111 44382853 28742
22 412 rs130301 33234199 4 0.00233950415040007 33228070 33234931 6861
22 815 rs131853 47763158 1 -0.00227104197104198 47763158 47763158 0
22 410 rs7292199 33181575 2 -0.00226294731366494 33181349 33188536 7187
22 65 rs9606090 19593854 1 0.00222188895008357 19593301 19594436 1135
22 701 rs135406 44672019 1 -0.00220039844274052 44672019 44677647 5628
22 866 rs4925429 49059945 1 0.0021958077316019 49059226 49059945 719
22 710 rs7285004 44774700 1 0.00215308659933162 44769535 44775730 6195
22 769 rs11090654 46160991 3 0.00214417429763741 46154366 46160991 6625
22 35 rs5992128 18354783 1 -0.00206565198847608 18350514 18377199 26685
22 204 rs5996973 26185235 2 0.00204677325073738 26173661 26185235 11574
22 221 rs5752254 26415475 2 0.00203949773869405 26415475 26415475 0
22 672 rs5759305 43755827 1 0.00201270534060817 43755827 43757691 1864
22 856 rs4823776 48838815 1 -0.00199720855089291 48838815 48838815 0
22 446 rs2267296 34219939 2 -0.00199535820261205 34210998 34219939 8941
22 772 rs135551 46553021 2 -0.00199210577541552 46553021 46553308 287
22 457 rs5754910 34636072 1 0.00197050804033976 34589966 34640618 50652
22 630 rs17002737 42282012 1 0.00192180628382524 42281294 42282012 718
22 462 rs204456 34799184 2 0.00187649490620698 34798397 34799261 864
22 101 rs7292968 21335559 1 0.00184073763888466 21335559 21335559 0
22 193 rs9608379 25620142 1 0.00182398050909041 25620142 25620142 0
22 318 rs2143180 28298336 2 0.00181461710906837 28288136 28314113 25977
22 116 rs2276006 22113887 1 -0.00178199316481348 22113887 22204793 90906
22 802 rs4476 47440669 2 -0.00174749117379076 47440669 47440669 0
22 736 rs9614985 45320631 1 -0.00173415520522377 45319317 45320631 1314
22 168 rs9704 24936970 3 -0.00171037691963885 24933069 24946924 13855
22 660 rs6973 43559137 3 0.00164352604445281 43556316 43559137 2821
22 271 rs5761974 27497704 2 0.0016329925607605 27497704 27498426 722
22 844 rs16994730 48514296 1 0.00162867947002769 48514296 48530770 16474
22 920 rs12158315 49874136 1 -0.00160157803810123 49874136 49874509 373
22 278 rs550260 27575542 1 0.00158546606835005 27567320 27575542 8222
22 203 rs4822649 26163003 1 0.00155220244279639 26159289 26164413 5124
22 150 rs17002910 23973725 1 0.00153548746706685 23971028 23974200 3172
22 17 rs4819996 17790731 1 0.00153225043558328 17790731 17790731 0
22 597 rs4821872 39600651 1 -0.00152946065723991 39600651 39610647 9996
22 59 rs5746758 19496882 1 0.00151290156252127 19430472 19496882 66410
22 482 rs134258 35544775 1 -0.00149507407772046 35544775 35588844 44069
22 857 rs9615893 48851078 1 0.00149187794794249 48843478 48851078 7600
22 19 rs5746366 17890558 1 0.00147121953897378 17890558 17890558 0
22 792 rs9616101 47108189 1 0.00146209791349148 47108189 47108189 0
22 364 rs5997872 31491332 2 -0.00146071282542827 31487701 31501788 14087
22 733 rs5766113 45251423 2 0.00145101983697892 45248283 45255043 6760
22 375 rs118001924 32239739 1 -0.0014492854290526 32239739 32239739 0
22 97 rs1339959 21005697 2 0.00144310217879074 21004805 21009596 4791
22 932 rs5771069 50435480 1 0.00143795800344568 50435480 50435480 0
22 96 rs7290923 20999208 1 0.00143440339199385 20999208 20999208 0
22 297 rs2092741 27888434 1 0.0013961765330469 27886736 27888434 1698
22 292 rs136923 27785809 2 -0.00138795498877087 27785497 27785809 312
22 605 rs2413599 39952098 2 -0.00138321561925543 39947068 39952098 5030
22 757 rs73169241 45728596 1 -0.00138305296141685 45728596 45728596 0
22 697 rs16991639 44595239 2 0.00137908109050937 44594135 44597929 3794
22 842 rs5768350 48494758 1 0.00136981169670726 48494758 48494758 0
22 827 rs9615594 48097091 2 -0.0013644998455331 48070614 48103376 32762
22 730 rs5766005 45180554 1 -0.00136134474996013 45180554 45181545 991
22 620 rs11806 41166135 3 -0.00136067297086493 41143019 41170063 27044
22 448 rs13057617 34247064 3 0.00135925187356027 34238831 34260738 21907
22 361 rs5753338 31227901 3 -0.00135518085015319 31219869 31249333 29464
22 418 rs9609684 33429708 3 -0.00133049373700324 33429708 33433761 4053
22 423 rs13055004 33575820 2 -0.00132241643837035 33563617 33589432 25815
22 362 rs8142410 31256367 1 0.00132167854300203 31256066 31261107 5041
22 379 rs738993 32437340 1 0.00129905450981948 32437340 32509440 72100
22 885 rs4824047 49351767 1 0.00129255493170308 49351767 49351767 0
22 354 rs35915865 31008867 3 -0.0012417547631254 31004127 31018646 14519
22 132 rs6003484 23379985 1 0.001230370859975 23379985 23379985 0
22 762 rs713896 45908895 1 -0.00116255538676185 45908895 45912376 3481
22 28 rs181390 18222263 1 -0.00115025428806312 18220831 18222263 1432
22 624 rs2235852 41661154 1 0.00114715769264155 41648502 41661154 12652
22 207 rs8143030 26222247 1 0.00112965348013616 26216160 26222454 6294
22 676 rs137719 44019011 1 -0.00111617544874576 44012940 44019011 6071
22 590 rs2142833 39392296 6 0.00110860896414989 39392296 39407399 15103
22 549 rs13054809 37650844 1 -0.00108680733107446 37645230 37650844 5614
22 675 rs34955597 43950853 1 -0.00106039939695067 43950853 43998724 47871
22 586 rs469987 39287355 5 -0.00104426517701156 39287355 39300936 13581
22 652 rs5758972 43232973 3 0.00103153847196859 43193641 43262513 68872
22 111 rs73166641 21998280 2 0.00101654264111945 21998280 21998280 0
22 653 rs2076158 43289738 1 9.900496936673883e-4 43289738 43321816 32078
22 260 rs9608534 27273238 1 9.632125833083776e-4 27273238 27273238 0
22 333 rs13053817 29847722 2 -9.618662346574512e-4 29840180 29847722 7542
22 919 rs8138283 49841479 1 9.605577984411692e-4 49841479 49841479 0
22 10 rs5747008 17623408 1 -9.548025119620068e-4 17619292 17623408 4116
22 16 rs5747037 17724093 1 -9.455136924705488e-4 17724093 17724093 0
22 469 rs5999506 35096084 3 9.4227964201298e-4 35058857 35131487 72630
22 693 rs2267614 44530420 2 9.337005444935476e-4 44530420 44530420 0
22 512 rs136148 36652931 1 9.321111385552716e-4 36652931 36652931 0
22 735 rs4823418 45315232 1 9.275927540523544e-4 45315232 45315232 0
22 828 rs1003567 48161131 1 -9.268328388303268e-4 48144783 48161131 16348
22 829 rs11703636 48173591 2 9.19519243361696e-4 48173591 48180475 6884
22 345 rs7289095 30658722 1 -9.089585436748062e-4 30658722 30658722 0
22 196 rs6004675 25889385 2 8.969490551331322e-4 25872592 25897330 24738
22 658 rs4988394 43516133 2 8.958683991652636e-4 43514886 43518822 3936
22 49 rs450046 18901004 1 8.898075125606324e-4 18901004 18901004 0
22 565 rs8137687 37943299 1 -8.693388478692766e-4 37943299 37943299 0
22 608 rs6001679 40169926 1 8.676330074505462e-4 40169926 40169926 0
22 130 rs463235 23278593 1 8.623959522179711e-4 23278593 23278593 0
22 581 rs9607537 38839485 1 -8.581549294709356e-4 38832512 38840221 7709
22 522 rs9622424 36984307 1 -8.481960958848882e-4 36982675 36984307 1632
22 860 rs133503 48911602 1 8.432976422308025e-4 48911477 48918829 7352
22 424 rs5998822 33628586 2 8.223390798915712e-4 33628586 33637087 8501
22 195 rs9612906 25640628 1 -8.221513763395421e-4 25640628 25640628 0
22 226 rs1207386 26650662 2 8.096450236123021e-4 26650662 26660760 10098
22 916 rs5770418 49812076 2 -8.082981789847613e-4 49812076 49817197 5121
22 317 rs3819658 28160074 1 7.994929247470038e-4 28160074 28160972 898
22 359 rs136287 31192023 2 7.980036491965031e-4 31192023 31209135 17112
22 929 rs139789 50124094 1 -7.926379924156513e-4 50124094 50124094 0
22 501 rs5756047 36425725 1 7.869510997507495e-4 36425725 36443705 17980
22 915 rs6009663 49803587 1 7.844693113309143e-4 49803587 49803587 0
22 527 rs4820250 37197530 1 -7.830639591317231e-4 37197530 37201891 4361
22 426 rs2142550 33743341 2 7.64100778783331e-4 33740860 33743341 2481
22 906 rs7290877 49684418 1 -7.423618504479375e-4 49684418 49685455 1037
22 303 rs762064 27974819 1 7.336320842421366e-4 27974819 27974819 0
22 880 rs12158344 49214032 4 -7.276203687033023e-4 49212730 49214863 2133
22 129 rs737885 23263708 1 7.164785754020731e-4 23263708 23266118 2410
22 215 rs5761308 26304988 1 7.160749336597227e-4 26304988 26316491 11503
22 452 rs4820127 34395171 1 7.115120283738269e-4 34395171 34400253 5082
22 159 rs1007888 24241101 4 -7.017645461387043e-4 24241101 24248370 7269
22 254 rs4822799 27191942 3 6.890810473314961e-4 27189536 27191942 2406
22 189 rs726133 25473134 2 -6.85388222151183e-4 25473134 25473134 0
22 722 rs2349634 44973739 1 6.844044336784432e-4 44973739 44973739 0
22 112 rs447001 22010918 2 -6.836167091919069e-4 22010918 22030271 19353
22 700 rs5764659 44646105 1 6.804273069010583e-4 44646105 44646105 0
22 893 rs6009408 49461764 3 6.77204438529525e-4 49450131 49461764 11633
22 591 rs1969643 39413668 1 -6.649718089064422e-4 39413668 39413668 0
22 33 rs61744286 18310439 2 6.645338660154485e-4 18310439 18310439 0
22 67 rs1476445 19621011 1 6.602968395356433e-4 19621011 19623386 2375
22 519 rs5756233 36935796 2 6.588888429771773e-4 36926927 36941065 14138
22 542 rs12167757 37567490 1 -6.450253985661184e-4 37567490 37567490 0
22 716 rs8135880 44834292 1 6.362394880031134e-4 44834292 44836139 1847
22 259 rs136526 27245137 2 -6.198138717910563e-4 27245137 27248025 2888
22 430 rs9609802 33846914 2 6.055899469092054e-4 33846914 33847286 372
22 348 rs35764129 30856121 2 -6.04575100552794e-4 30850395 30860830 10435
22 471 rs5755319 35211173 2 6.042163313891059e-4 35203230 35226671 23441
22 765 rs739215 45967526 1 5.868337495482375e-4 45967526 45967526 0
22 835 rs12165477 48305427 1 5.837866160013994e-4 48295417 48308362 12945
22 928 rs6009845 50117191 1 -5.831643468958055e-4 50117191 50117191 0
22 808 rs470039 47573257 1 -5.825557572681657e-4 47573257 47573257 0
22 229 rs137203 26688831 1 5.81561488681307e-4 26688831 26688831 0
22 169 rs4820599 24990213 2 5.668631014311128e-4 24990213 24991895 1682
22 644 rs11703700 42877543 1 5.59392471951814e-4 42876604 42877543 939
22 809 rs4823616 47625078 1 -5.562533218842813e-4 47604571 47627231 22660
22 434 rs3819662 33965497 1 -5.530935340973716e-4 33962949 33965497 2548
22 731 rs3788630 45191504 2 5.475886597113354e-4 45191504 45192660 1156
22 350 rs118116676 30934885 1 5.446062255988157e-4 30934885 30934885 0
22 558 rs5995425 37794293 1 5.349053644594543e-4 37794293 37794293 0
22 723 rs4422244 45003748 1 -5.256004258594974e-4 45003748 45007468 3720
22 295 rs5752554 27862808 2 -5.208941241018885e-4 27852183 27865344 13161
22 684 rs1010023 44336098 8 5.202877265580268e-4 44324727 44337533 12806
22 442 rs8142640 34108174 1 -5.186221758128512e-4 34108174 34108174 0
22 891 rs4823975 49430125 1 -5.099474827604249e-4 49425847 49430125 4278
22 315 rs5752628 28135297 1 -5.094585793736293e-4 28135297 28135297 0
22 283 rs932299 27661009 1 5.063457196798102e-4 27661009 27661009 0
22 642 rs8139123 42822283 1 -5.043720836817733e-4 42822283 42822283 0
22 95 rs759224 20993328 1 -4.846923453581156e-4 20993328 20993328 0
22 118 rs2070507 22277571 3 -4.799941140670411e-4 22277571 22329747 52176
22 157 rs2330625 24207962 1 -4.791621948687005e-4 24207962 24207962 0
22 745 rs6006926 45475332 1 4.7173285018715217e-4 45472574 45475332 2758
22 709 rs763041 44763752 1 4.626021017225186e-4 44763651 44763752 101
22 853 rs130823 48808912 1 -4.623831288814776e-4 48801666 48809362 7696
22 439 rs4821173 34070821 1 -4.6114655014629815e-4 34070821 34070821 0
22 683 rs2076212 44322970 1 -4.591084784144559e-4 44322970 44322970 0
22 262 rs2001134 27337048 1 -4.499626363624102e-4 27331206 27337048 5842
22 349 rs77679347 30891300 1 4.4849556098311937e-4 30891300 30891300 0
22 646 rs736013 43084613 1 -4.4644286416779626e-4 43076809 43090249 13440
22 4 rs9618937 17414640 1 -4.425177499466703e-4 17414640 17414640 0
22 301 rs6005503 27935369 1 4.4172546956889865e-4 27935369 27935369 0
22 53 rs4819778 19134083 2 -4.381217355964737e-4 19133605 19135603 1998
22 865 rs8142256 49050435 4 -4.303612284219244e-4 49050435 49050927 492
22 43 rs460036 18539553 1 4.11307019378837e-4 18539553 18539553 0
22 117 rs8143081 22262369 1 -4.109374844716014e-4 22262369 22262369 0
22 13 rs2231495 17669306 1 -4.066162322576868e-4 17669306 17669306 0
22 806 rs738667 47548112 1 -3.9765487623084786e-4 47548112 47548321 209
22 316 rs6005605 28141301 1 -3.9055692752838626e-4 28141301 28141301 0
22 881 rs7511364 49220704 1 -3.860995121121968e-4 49220704 49220704 0
22 181 rs139724 25284829 2 3.829345591225956e-4 25284829 25284829 0
22 198 rs5752173 25924444 1 -3.7845072264703185e-4 25924444 25924444 0
22 106 rs421390 21438417 1 -3.7309039462404966e-4 21438417 21438417 0
22 228 rs677499 26681640 1 -3.5497675574678e-4 26681640 26683793 2153
22 613 rs9611280 40552119 1 -3.507385707900891e-4 40552119 40616112 63993
22 742 rs1005617 45421242 3 3.429970406091318e-4 45421242 45428606 7364
22 244 rs5752351 26990807 2 3.40005605670123e-4 26981039 26990807 9768
22 622 rs926914 41418154 1 -3.3380938546826914e-4 41418154 41461836 43682
22 768 rs2301449 46038908 1 3.33265080607528e-4 46038908 46038908 0
22 44 rs5992985 18545634 2 3.3293980150212637e-4 18545634 18549740 4106
22 548 rs2284038 37635055 1 3.3214601300003016e-4 37630318 37635055 4737
22 305 rs732110 28015322 1 -3.212330446750718e-4 28013445 28016289 2844
22 279 rs8143105 27584291 1 3.1891889190644937e-4 27584291 27587001 2710
22 927 rs738413 50092148 2 3.165380288537831e-4 50085210 50092148 6938
22 404 rs9621508 33013062 1 -3.159355021215235e-4 33003307 33015565 12258
22 403 rs16990808 32994093 1 3.13669544199369e-4 32994093 32995751 1658
22 822 rs130481 47940908 1 3.136679734474338e-4 47940908 47940908 0
22 140 rs9608102 23644794 1 3.101113905676886e-4 23644794 23644794 0
22 821 rs131056 47905322 1 3.0361401311621787e-4 47905322 47910705 5383
22 632 rs5751194 42379813 1 -3.0167238938043074e-4 42379813 42416695 36882
22 8 rs738033 17599844 1 2.9328270560694073e-4 17599844 17599844 0
22 824 rs131100 47989391 1 -2.917000393545848e-4 47989391 47989391 0
22 70 rs5748391 19659099 1 -2.911725400840035e-4 19659099 19659099 0
22 419 rs5998709 33445313 1 -2.8990698650768304e-4 33445313 33467057 21744
22 187 rs2179876 25319537 1 2.8444420749746145e-4 25319537 25320371 834
22 90 rs361640 20753615 1 2.7954595213904867e-4 20753615 20753615 0
22 759 rs6006753 45846472 2 -2.789003279036143e-4 45838156 45846472 8316
22 323 rs738722 29130012 4 2.7878432141618904e-4 29100711 29132990 32279
22 643 rs5996168 42862481 1 2.7761032470605e-4 42855099 42867898 12799
22 115 rs5999264 22095920 2 -2.7490700429446367e-4 22095920 22095920 0
22 475 rs5750007 35347360 1 -2.599356679595978e-4 35347360 35347360 0
22 237 rs547083 26804215 1 -2.5803022617771324e-4 26794102 26804215 10113
22 770 rs136033 46255004 1 -2.577732603707924e-4 46255004 46255004 0
22 781 rs61737816 46829377 1 2.5609189415872066e-4 46829377 46829377 0
22 702 rs62226816 44681317 1 2.4428837303693414e-4 44681317 44681317 0
22 36 rs4819647 18391061 1 -2.4322866856418325e-4 18391061 18391061 0
22 286 rs768784 27690377 1 2.390198009875778e-4 27689956 27690377 421
22 713 rs13055798 44787383 1 2.3751785660945172e-4 44787383 44788913 1530
22 381 rs78036098 32554997 1 2.3476284410567697e-4 32554997 32554997 0
22 609 rs713883 40326174 1 -2.2941811281187665e-4 40311879 40326174 14295
22 813 rs4823632 47735419 1 2.2649610221886228e-4 47728935 47736018 7083
22 529 rs10854693 37252010 1 2.2620562584481824e-4 37251377 37252010 633
22 465 rs17824280 34847299 2 -2.2385178995397589e-4 34842677 34851109 8432
22 421 rs137326 33523109 2 2.184832552099989e-4 33523109 33527405 4296
22 521 rs2267341 36976975 1 -2.0729944483917215e-4 36976975 36976975 0
22 190 rs5760863 25510459 1 1.9680383212745557e-4 25479479 25510459 30980
22 488 rs133431 35817597 2 -1.9550467525733352e-4 35813158 35818398 5240
22 783 rs9616019 46886036 1 1.9526861185941935e-4 46886036 46886036 0
22 32 rs2277831 18299197 1 1.942693556908837e-4 18299197 18301693 2496
22 0 rs5747999 17075353 1 1.9326432344133192e-4 17075353 17075353 0
22 77 rs5993883 19937638 1 1.9287167975238405e-4 19928022 19937638 9616
22 93 rs361988 20810054 1 1.9281828042905455e-4 20810054 20810054 0
22 264 rs2157465 27381346 1 1.9048435990497495e-4 27381346 27381346 0
22 444 rs491508 34152899 3 -1.8423905652136885e-4 34152899 34159536 6637
22 859 rs6008748 48909082 5 1.8375420754983577e-4 48906295 48909082 2787
22 351 rs55674628 30953280 1 1.8374401443719296e-4 30953280 30953295 15
22 787 rs5767265 46964267 1 1.7146109046113167e-4 46964267 46964267 0
22 445 rs8135273 34197802 1 1.6919146790759398e-4 34172588 34206341 33753
22 284 rs5762049 27662213 1 1.6848450579811308e-4 27662213 27662213 0
22 661 rs2071724 43577048 1 1.6832518590026977e-4 43577048 43577048 0
22 224 rs134755 26565156 2 -1.6553049249328657e-4 26565156 26565156 0
22 251 rs763105 27137135 1 1.5650298816660837e-4 27137135 27137135 0
22 128 rs1475930 23250737 1 -1.5528536832326608e-4 23250737 23255525 4788
22 724 rs9614840 45012097 1 1.5172063639884805e-4 45012097 45012097 0
22 248 rs5752378 27069835 4 1.504114385355729e-4 27060641 27072146 11505
22 657 rs8141749 43483242 2 1.471417205498517e-4 43473662 43483242 9580
22 113 rs1860 22055394 1 -1.4684379313001893e-4 22055280 22068740 13460
22 729 rs5765956 45150659 1 1.4590986718616874e-4 45150659 45150659 0
22 454 rs2213325 34474560 1 1.455711120112218e-4 34466882 34474560 7678
22 242 rs9608498 26945288 5 1.4061442024707743e-4 26942127 26955896 13769
22 725 rs136899 45048253 1 -1.398065032820478e-4 45044681 45048253 3572
22 282 rs79137 27657507 1 -1.395549927320873e-4 27657507 27657507 0
22 532 rs2075726 37310046 1 1.3462519981007607e-4 37310046 37310046 0
22 711 rs2071815 44778738 1 1.311526175761464e-4 44778142 44780466 2324
22 408 rs9606990 33140654 1 1.295603477891683e-4 33140654 33142908 2254
22 84 rs7285397 20057143 1 1.267612389065775e-4 20052420 20059763 7343
22 429 rs713740 33832735 1 1.2497123887447218e-4 33826566 33836791 10225
22 934 rs5771131 50478828 2 1.249087246483032e-4 50478828 50482126 3298
22 704 rs9614891 44737646 1 1.2107073877484707e-4 44737646 44740527 2881
22 708 rs8138173 44760039 1 1.162961622569324e-4 44760039 44760039 0
22 592 rs2014881 39445380 2 1.1567290273167996e-4 39445380 39445554 174
22 417 rs9609680 33408519 1 1.1457266715169228e-4 33397425 33422506 25081
22 306 rs9608633 28019060 1 -1.0620691927872948e-4 28017801 28019060 1259
22 838 rs9615717 48381376 1 -9.64791057432022e-5 48371416 48381376 9960
22 732 rs9614576 45225297 1 8.603505771426769e-5 45225297 45225297 0
22 179 rs7291798 25238729 1 7.904560254479001e-5 25238729 25245838 7109
22 911 rs9616300 49774599 1 -7.235796707613094e-5 49774599 49776121 1522
22 69 rs1985884 19643245 1 -7.234718158681689e-5 19643245 19643245 0
22 926 rs5770650 50077362 2 -7.186590501917969e-5 50077362 50079133 1771
22 473 rs2213434 35298100 1 -6.443808202432206e-5 35298100 35298506 406
22 178 rs4822549 25231422 1 -6.342353074384013e-5 25225580 25232065 6485
22 855 rs8136255 48832904 2 -6.254853691375933e-5 48823357 48832904 9547
22 633 rs133380 42468910 1 5.6035931565861155e-5 42468910 42537623 68713
22 1 rs4819535 17278762 6 5.185931230177517e-5 17278762 17301843 23081
22 398 rs5754110 32878244 1 -4.5090110618038814e-5 32871365 32882121 10756
22 807 rs754890 47556231 2 4.397292454776157e-5 47556231 47556231 0
22 186 rs5752018 25315753 2 3.904531097252677e-5 25315753 25316350 597
22 778 rs11090865 46731689 1 -3.721947245397879e-5 46731689 46731689 0
22 481 rs7289467 35518987 1 3.66911388232859e-5 35516556 35519850 3294
22 861 rs9615919 48940644 1 3.63008163231068e-5 48940644 48940644 0
22 470 rs137269 35167444 1 -3.1531197829021116e-5 35157380 35177350 19970
22 774 rs11090819 46626506 1 2.572324666287253e-5 46626506 46629479 2973
22 280 rs538293 27613318 1 2.218954090097113e-5 27610995 27613318 2323
22 544 rs17812681 37578388 1 -2.1617011644810035e-5 37575977 37578960 2983
22 253 rs5761743 27170725 2 -1.6864273140368836e-5 27167348 27171638 4290
22 507 rs2239831 36583084 1 1.6834184112093347e-5 36583084 36583084 0
22 948 rs6151429 51063477 1 5.168278830648185e-6 51061827 51064416 2589
22 119 rs1016548 22355496 1 -1.8579723374445131e-6 22355496 22355496 0
22 464 rs5755046 34826588 3 -5.71964529713035e-7 34823828 34828825 4997
