CHR Group SNP.lead BP.lead Size W BP.min BP.max BP.width
19 1050 rs3745516 50926742 1 0.17158497731270858 50926742 50926742 0
19 265 rs2304256 10475652 2 0.08703871485758802 10469975 10478945 8970
19 1088 rs273634 51718837 2 0.05777707778984718 51718837 51727962 9125
19 1049 rs1726801 50905074 2 0.04432106911821654 50905074 50905074 0
19 416 rs8109466 17207011 1 0.04391529164888805 17160720 17212992 52272
19 86 rs243335 4402017 2 0.03675635391423033 4353174 4433412 80238
19 657 rs10411210 33532300 4 0.03041599367643836 33532300 33537096 4796
19 1202 rs17305311 54705641 3 0.02694762445215256 54705641 54707822 2181
19 695 rs8191371 34868776 2 0.02645486717835422 34833079 34868776 35697
19 760 rs8102476 38735613 3 0.02578693168910933 38735613 38765822 30209
19 68 rs45465594 3813906 1 0.02577724079595205 3813906 3813906 0
19 388 rs8110002 15963695 1 0.02569380710025843 15963695 15974393 10698
19 419 rs2305767 17294296 2 0.02555970332481715 17294296 17306074 11778
19 368 rs116923487 15133803 4 0.0250024789101671 15131668 15133926 2258
19 722 rs11084813 35923858 1 0.02442569119723815 35923858 35923858 0
