CHR Group SNP.lead BP.lead Size W BP.min BP.max BP.width
14 1051 rs8017161 103563195 3 0.1722667917905398 103563195 103584674 21479
14 573 rs3784099 68749927 4 0.09198879602152384 68749927 68808398 58471
14 862 rs17184313 93102251 4 0.07864041420853507 93072269 93118038 45769
14 883 rs11621961 94769476 1 0.04368816479953911 94769476 94769476 0
14 255 rs696 35871093 4 0.04350044630976162 35871093 35877721 6628
14 859 rs737522 93014672 3 0.04294826572082402 93014672 93026057 11385
14 202 rs2300835 33207522 2 0.03162578559543594 33183958 33208081 24123
14 845 rs2202955 92118160 2 0.03126524992922335 92104196 92126827 22631
14 1045 rs62000389 102912150 4 0.03025765867811293 102807671 102933347 125676
14 648 rs2193596 75234101 3 0.0302017006140557 75110437 75408500 298063
