CHR Group SNP.lead BP.lead Size W BP.min BP.max BP.width
18 200 rs1790588 67535184 3 0.053839888240927 67493884 67556646 62762
18 164 rs7228600 56508351 10 0.03582750467973342 56227820 56518513 290693
18 171 rs17773430 57963117 5 0.02445351650112492 57732689 58067037 334348
18 113 rs61735998 34289285 7 0.02300190886265811 34003734 34810178 806444
18 197 rs17080654 66898945 8 0.02034281286318972 66800137 67160595 360458
18 124 rs1835499 40335882 2 0.01719364663785043 39895631 40468883 573252
18 84 rs7238618 20913598 10 0.01648613671240681 20879217 21620065 740848
18 14 rs11665524 2978535 1 0.01541648416886105 2951876 3133302 181426
18 85 rs2278664 21719327 5 0.01498511807141004 21631244 21762678 131434
18 163 rs4309483 56085917 4 0.01467160432787067 55859854 56205551 345697
18 111 rs1540043 33691313 6 0.01445705831630234 33063368 33781725 718357
18 194 rs17078903 65982452 3 0.01406652024064275 65942408 66175662 233254
18 98 rs8088478 26413621 6 0.01252387688880804 25941461 26847118 905657
