CHR Group SNP.lead BP.lead Size W BP.min BP.max BP.width
14 471 rs8017161 103563195 7 0.1908745596525052 103404159 103584674 180515
14 257 rs3784099 68749927 11 0.11610362638305584 68749927 68963746 213819
14 384 rs17184313 93102251 5 0.080599864054313 93064069 93118038 53969
14 396 rs11621961 94769476 5 0.05902127256058369 94769476 94847415 77939
14 468 rs118141823 102900956 5 0.04109353627256043 102347792 102933347 585555
14 124 rs712314 35408548 14 0.0381130965764879 35390146 35853388 463242
14 125 rs696 35871093 8 0.03710429291596717 35871093 36304368 433275
14 243 rs8005319 63822521 5 0.03327896159255088 63777253 63857808 80555
14 354 rs1287662 89290630 14 0.03211550286692715 88798458 89393381 594923
14 26 rs3748366 22204911 4 0.03148081076987708 22091105 22204911 113806
14 376 rs2202955 92118160 3 0.02985190163166283 92104196 92126827 22631
14 287 rs2193596 75234101 4 0.02968257203829103 75022271 75558163 535892
14 98 rs2300835 33207522 2 0.02943183302300292 33183958 33237374 53416
14 278 rs994759 73096614 4 0.0293195434401726 73052019 73164422 112403
14 324 rs11623789 82450632 5 0.02925237531095607 82347524 82458472 110948
14 304 rs17811635 77573757 2 0.02678065830678203 77497666 77620817 123151
14 295 rs17783366 76543004 7 0.02619201090908053 76372254 76581121 208867
14 71 rs17112865 28038607 9 0.02498754712200494 27925765 28446721 520956
14 139 rs2415482 38958967 7 0.02437259654199722 38721995 38984665 262670
14 319 rs4899767 80862160 4 -0.02374381457683844 80792090 80971261 179171
14 262 rs2185492 69765077 9 0.02213305387520977 69433208 69780678 347470
14 184 rs1002132 52285373 6 0.02117312004135813 52250365 52358917 108552
14 157 rs1959379 44974966 9 0.0211060643115314 44903433 45129864 226431
14 482 rs3924892 105494262 9 0.02058074040286877 105368733 105596054 227321
14 326 rs799258 82857376 4 -0.02048731424738167 82542096 82857376 315280
14 236 rs7156151 62457053 4 -0.02035081787004384 62435628 62502992 67364
14 351 rs12883250 88446876 15 0.02007475744623167 88256925 88628106 371181
14 383 rs737522 93014672 7 0.01972875900338996 93005721 93047936 42215
14 223 rs311864 59214542 1 -0.01965109368405086 59169665 59214542 44877
14 470 rs2075771 103242725 4 0.01942248315827018 103222398 103342049 119651
14 455 rs3742384 100800103 5 -0.01916670058007788 100800103 101040398 240295
14 302 rs11628619 77305508 4 -0.0189772509047108 77231722 77332408 100686
14 227 rs216526 60650086 7 0.01863118287374862 60494285 60782370 288085
14 55 rs17109307 25384645 8 0.01850057852567119 25264662 25426899 162237
14 343 rs12050395 86210504 6 -0.01811570888324374 86064367 86322284 257917
14 382 rs10134832 92928693 4 0.01749717903314752 92918793 92959940 41147
14 95 rs1951187 32908192 2 0.01743122651014021 32903616 32949330 45714
14 81 rs718545 30489623 3 0.01715232302713084 30454892 30524538 69646
14 373 rs12589587 91611001 2 0.01693075032310682 91590988 91642234 51246
14 301 rs10483875 77140264 2 -0.01674447117501619 77063816 77225409 161593
14 286 rs7148018 74957153 5 -0.01639642102919633 74860214 75010561 150347
14 54 rs854409 25204958 5 -0.0161207991722613 25182686 25253343 70657
14 264 rs1275824 70194563 3 0.01592008764404627 69984560 70198189 213629
14 135 rs177899 38139214 8 0.01579377946810336 37449287 38179163 729876
14 372 rs1286083 91442779 3 0.01562661787933871 91305899 91515577 209678
14 170 rs7146952 49773025 6 0.01487806443685602 49609056 49952834 343778
14 219 rs1535574 58140574 5 -0.01485104936169002 58119752 58295247 175495
14 289 rs3742768 75759060 2 -0.01469350244204012 75759060 75782101 23041
14 349 rs8017892 87851097 5 0.0146903594631286 87654276 87967266 312990
14 126 rs7147797 36449424 4 0.01451472632632666 36347986 36454851 106865
14 86 rs179562 31224458 7 0.01444651538012348 31097345 31237170 139825
14 400 rs17753662 95132892 3 -0.014327145527724 95096255 95170852 74597
14 226 rs755011 59815040 8 0.0141325319064388 59813702 60303498 489796
14 334 rs1241906 84142036 6 0.01389487810529855 84094388 84265662 171274
14 374 rs12878426 91738696 3 -0.01382311303605709 91689496 91773494 83998
14 292 rs2300603 76005557 2 0.01375045284549047 75947712 76028680 80968
14 206 rs7153071 56408735 4 0.01366057701126857 56358841 56441092 82251
14 454 rs12588659 100587813 5 0.01355255629222483 100465652 100743421 277769
14 1 rs12882648 20492492 9 0.01350545732644811 20480547 20529177 48630
14 434 rs966047 98273349 4 0.01350098930697871 98273349 98282225 8876
14 250 rs2411915 65794692 6 0.01314180296430667 65659664 66283754 624090
14 443 rs1257499 99566723 3 0.0129701293512401 99529685 99582467 52782
14 193 rs7149928 54098459 5 0.01295957216243065 54010575 54148442 137867
14 456 rs12897601 101182284 4 0.01290194569205661 101130576 101224922 94346
14 309 rs177143 78590808 3 0.01284580994712515 78541015 78608741 67726
14 197 rs1950208 54761459 8 0.01282518812100609 54451302 54798595 347293
14 251 rs6573638 66328997 2 0.01243616474883496 66294143 66336423 42280
14 333 rs229776 83902685 4 0.01231875405622985 83875349 84062199 186850
14 171 rs12435094 49992347 7 0.01230542187323916 49966883 50164452 197569
14 191 rs2150541 53505891 2 -0.01208470848571209 53485358 53690253 204895
14 235 rs217676 62363763 6 0.01187641026160295 62267508 62375195 107687
14 323 rs7142425 82291042 6 -0.01177773532680061 82075469 82294185 218716
14 367 rs4508365 90600701 1 -0.01177248824842091 90600701 90660139 59438
14 260 rs1465788 69263599 7 0.01159071299055599 69164958 69273905 108947
14 203 rs8009181 55583424 4 0.0115882826108367 55583424 55982306 398882
14 208 rs242418 56601804 3 -0.01154402919241427 56594745 56794315 199570
14 152 rs1349249 43392409 10 -0.01139976732212037 43367596 43630817 263221
14 36 rs970348 23069853 2 0.01126842635603501 23041656 23094134 52478
14 91 rs944464 32453861 2 -0.01117370246251865 32389856 32460060 70204
14 165 rs17119157 48295447 9 -0.01115580305182073 47855051 48342605 487554
14 31 rs2178787 22604418 3 0.01112995341816269 22595277 22611467 16190
14 369 rs10147469 91043669 4 -0.01099824275797526 90983296 91043669 60373
14 32 rs17198047 22690191 5 0.01094197702549737 22652562 22737591 85029
14 102 rs17460823 33586563 5 0.01087774805636199 33555133 33629623 74490
14 261 rs12050161 69360631 5 0.01082304580314372 69328022 69414378 86356
14 154 rs2182977 44279080 7 -0.01069885108459671 44150766 44535160 384394
14 424 rs10145396 97255679 6 0.01069388286788513 97181785 97345806 164021
14 46 rs7153970 24140597 4 -0.01069080130992183 24117528 24202501 84973
14 172 rs4900974 50462432 4 0.01056479784709999 50406826 50484040 77214
14 141 rs6571897 39587438 17 0.01056141513051074 39376359 40164269 787910
14 442 rs1257676 99497912 1 -0.01040121577874496 99479669 99497912 18243
14 76 rs7155255 29695661 2 0.01036855855314464 29444668 29695661 250993
14 379 rs4904847 92718046 2 -0.01034612524016354 92656568 92736604 80036
14 225 rs3759700 59563136 4 0.01033482594243834 59452572 59792874 340302
14 148 rs1684698 42537175 7 -0.0102518641287324 42431239 42710883 279644
14 480 rs4247027 105139894 1 0.01015382227208588 105100021 105139894 39873
14 395 rs1956451 94620193 2 0.00994649481182618 94585064 94756750 171686
14 435 rs898918 98301261 1 -0.00991453700397729 98301261 98336618 35357
14 209 rs10149559 56882189 4 0.009826506036564 56803764 56920900 117136
14 375 rs876561 91944911 6 -0.00978053998804742 91820372 92073188 252816
14 353 rs12895478 88772923 4 -0.009742071460069 88734104 88787478 53374
14 315 rs7141420 79899454 5 0.00964503868984918 79698367 79945162 246795
14 438 rs8021007 98943569 6 0.00960699536922811 98815056 98964100 149044
14 410 rs1187751 95894578 4 -0.00956906907026586 95891142 95917231 26089
14 466 rs10144492 101991506 2 0.00945644045161109 101910778 101991506 80728
14 436 rs7144501 98495938 2 0.00937689184625839 98352431 98498951 146520
14 433 rs1350922 98246190 1 0.00919194037650244 98229487 98263147 33660
14 328 rs7148115 83176013 3 0.00904071056148088 83153368 83256589 103221
14 247 rs45482504 65053999 6 -0.00889601719769824 64882380 65174586 292206
14 391 rs927236 94266671 6 -0.00884482039286114 94264690 94279265 14575
14 402 rs4418997 95281941 3 -0.00881833016266579 95273595 95317154 43559
14 163 rs3007131 47320923 2 -0.00879585110449845 47115140 47447920 332780
14 421 rs8021984 96843590 2 -0.00878695584047186 96684959 96846092 161133
14 416 rs4328368 96275153 1 -0.0087575429992937 96271965 96389594 117629
14 320 rs917986 81470655 9 0.00872889491099782 81008723 81480822 472099
14 180 rs10147918 51898181 3 0.00867353023999604 51838641 51952408 113767
14 194 rs10147611 54234753 4 0.00855130622892613 54172855 54263851 90996
14 297 rs12882915 76865466 3 -0.00851955744395045 76780467 76867629 87162
14 27 rs2874146 22374399 8 0.00850112399696415 22220569 22377905 157336
14 92 rs11156725 32496696 3 0.00841644913856858 32496696 32534297 37601
14 50 rs7158744 24717791 6 0.00818609856292761 24653954 24724663 70709
14 43 rs17256141 23726814 4 0.00810199194031826 23721880 23845244 123364
14 145 rs17111162 41279247 3 0.00806074250813089 41279247 41596555 317308
14 142 rs10138059 40314470 2 -0.00771923701192376 40216880 40319433 102553
14 363 rs243202 90048612 2 0.00762001461226797 90031107 90066451 35344
14 472 rs2771396 103660158 2 0.00757461555166748 103617950 103679153 61203
14 441 rs1257613 99448000 3 0.00757090084565143 99373866 99474165 100299
14 265 rs1079903 70365001 4 0.00755954325920236 70226487 70366437 139950
14 340 rs10149105 85615940 4 0.00752536940986887 85569284 85740426 171142
14 307 rs11622293 78203636 11 0.00751575304428838 77968581 78370261 401680
14 153 rs2009767 43980703 4 0.00750756868594322 43712564 44144630 432066
14 299 rs3813545 76967305 1 0.00739782117783772 76967305 76967305 0
14 428 rs10131135 97717525 3 0.00722618308608595 97656628 97745959 89331
14 28 rs723879 22391433 1 0.00710393600753748 22381668 22433866 52198
14 348 rs2533005 87627303 1 0.00706566507429509 87546785 87627303 80518
14 198 rs115333865 55004449 1 0.0070220332420958 54833945 55042615 208670
14 423 rs11847642 97153198 1 0.00696649066470557 97080601 97173569 92968
14 200 rs6572965 55147269 1 -0.00695826477524674 55122827 55164700 41873
14 187 rs10151177 52575512 2 0.00694009821826148 52575512 52670514 95002
14 481 rs1132975 105222037 1 0.00693562850376782 105163532 105222037 58505
14 224 rs856213 59239852 2 -0.00690345392094917 59231914 59447625 215711
14 409 rs1212182 95846518 4 -0.00679153503693309 95844779 95877337 32558
14 246 rs10151658 64612858 3 0.0067573041930473 64580075 64833333 253258
14 64 rs7153823 26582852 2 -0.00661100977520663 26575000 26671662 96662
14 41 rs61745081 23564437 3 0.00653742833486832 23545799 23598976 53177
14 276 rs8010242 72739064 3 0.00648107296370351 72691607 72883078 191471
14 144 rs8005565 41097075 10 0.0064665372441681 40572241 41103660 531419
14 399 rs12895360 95038922 5 0.00643884123640309 94997495 95089440 91945
14 321 rs45541932 81744076 6 0.00641520226882883 81531754 81778644 246890
14 221 rs7140492 58520500 3 0.00631051476661168 58460588 58624198 163610
14 308 rs2302944 78390880 6 0.00630169802793928 78390060 78531784 141724
14 426 rs7494256 97603527 2 -0.00624138488526779 97580724 97610702 29978
14 237 rs1514928 62678303 7 0.00612500189734123 62518883 62678303 159420
14 335 rs2026207 84342909 1 0.00611479281819244 84277147 84598224 321077
14 347 rs1420813 87476592 2 0.00611042569642773 87340357 87494360 154003
14 62 rs1956612 26436743 2 0.0061039266029545404 26436743 26500262 63519
14 253 rs1434903 66703569 12 0.00609060874972725 66485947 67886781 1400834
14 60 rs1954163 26308279 2 -0.00589750022357775 26150510 26308279 157769
14 150 rs1712719 43173574 3 0.00584784640076751 43072132 43173574 101442
14 181 rs11157830 52006390 6 -0.00581788488143404 51965307 52044782 79475
14 475 rs1557012 104581072 2 0.0057664844053742096 104581072 104628406 47334
14 311 rs918270 79018345 3 0.00552795178044099 78889839 79018345 128506
14 263 rs11622064 69810354 2 0.00549403998477481 69795199 69948858 153659
14 83 rs12436395 30706026 5 0.00548810284773602 30697199 30816797 119598
14 94 rs3784182 32876958 5 -0.00548172388792998 32812532 32876958 64426
14 159 rs61753893 45636328 3 0.00547406233223963 45289062 46079277 790215
14 168 rs17120305 49063187 6 0.00542731407965511 49025952 49274102 248150
14 232 rs2181985 61940910 3 0.00540333525808704 61908332 61990319 81987
14 272 rs17093729 71552352 10 -0.0053952014493249 71352648 72183309 830661
14 317 rs7156557 80297163 4 0.00528762803406309 80187637 80355341 167704
14 122 rs12892302 34966936 7 -0.00525814694926795 34879025 35139380 260355
14 387 rs12435423 93459859 2 0.00517937019156967 93389030 93528114 139084
14 147 rs1957863 42302552 7 0.00504601452222176 41934289 42408943 474654
14 97 rs1950698 33161849 4 -0.00501198377023627 33041232 33168063 126831
14 256 rs11158687 68204876 4 0.00500570731221267 68159269 68703741 544472
14 10 rs1243701 21006107 3 -0.00499196013306627 21006107 21024786 18679
14 132 rs11847459 37199161 4 -0.00499175770810285 37190065 37278964 88899
14 329 rs7145839 83267946 4 -0.00490697428361152 83267946 83311943 43997
14 452 rs7152866 100253163 1 0.00483908413106564 100248780 100283248 34468
14 40 rs4982704 23363537 1 -0.00464166947846572 23322613 23467280 144667
14 283 rs17782124 74203789 2 0.00464038575935516 74184192 74250126 65934
14 285 rs4148077 74759477 5 -0.00454225780518151 74694849 74808105 113256
14 82 rs8010790 30601445 3 -0.00446866381983907 30552778 30678400 125622
14 228 rs12588784 60896740 2 -0.00444290696426429 60789176 61550315 761139
14 361 rs243224 89954050 1 0.00440158412927001 89954050 89954050 0
14 337 rs10498576 85047455 3 -0.00430608972181498 85046837 85180203 133366
14 174 rs10139934 50987481 6 0.00427492562978994 50810390 51262092 451702
14 284 rs2336561 74288871 8 0.00426404378712358 74263752 74683937 420185
14 218 rs1745690 58073401 4 0.00423951889572352 58054979 58106625 51646
14 345 rs1394706 86723836 7 0.00418874548437321 86722953 86995594 272641
14 467 rs7141459 102258662 3 0.00417991114719612 102094630 102328945 234315
14 310 rs7158445 78719220 10 0.00408857848811069 78641734 78796967 155233
14 331 rs12437252 83491618 5 0.00389642380501483 83437617 83591673 154056
14 2 rs1188568 20656645 4 -0.00389080332351005 20568700 20668817 100117
14 312 rs11629205 79156785 3 0.00382628255423722 79029834 79188468 158634
14 30 rs4572291 22573443 3 -0.00381769095665355 22544393 22590996 46603
14 35 rs12587781 22999617 3 -0.00375035174523683 22961102 23009999 48897
14 213 rs862152 57244671 4 0.00372508657487013 57204584 57319132 114548
14 245 rs11628107 64518321 6 -0.00371419639337912 64232386 64564680 332294
14 266 rs7142362 70416718 4 0.00369920298381983 70401814 70553891 152077
14 378 rs12886909 92588192 3 0.00352334201351307 92345665 92627138 281473
14 356 rs4904507 89577749 1 -0.00349261401702871 89508519 89577749 69230
14 143 rs8013386 40343703 2 0.0034870355165299 40343703 40519413 175710
14 58 rs11159148 25682271 3 0.00344830597644104 25631999 25917248 285249
14 85 rs720046 30978745 2 0.0034096217552741 30870187 30991559 121372
14 296 rs8020004 76624700 1 -0.00339463892257741 76593690 76745121 151431
14 137 rs2415438 38577533 5 0.00339019639089467 38539949 38655211 115262
14 473 rs17609426 103775948 2 -0.00333825300720426 103694512 103811249 116737
14 108 rs12881368 33979974 4 0.00327862212433862 33970530 34030244 59714
14 234 rs10129270 62181954 2 0.00323550334467347 62065848 62213848 148000
14 113 rs1958058 34260635 1 0.00320104092286034 34239296 34260635 21339
14 45 rs3783438 24008550 1 -0.00318313588704786 23994517 24017278 22761
14 274 rs1009018 72465951 2 -0.00318088379072822 72409352 72542119 132767
14 72 rs12893443 28560112 4 -0.00316347946297634 28473408 28726466 253058
14 233 rs810087 62021879 1 -0.00314987042797502 62018292 62021879 3587
14 210 rs4901702 57090588 3 0.00304125454439686 56972072 57122815 150743
14 101 rs4982032 33478284 2 -0.00298927019136202 33474811 33508657 33846
14 74 rs7141359 29075826 5 -0.0029848229504829 29049457 29172829 123372
14 140 rs8004103 39335950 2 -0.00297942869873639 39001036 39370726 369690
14 298 rs12435564 76911211 2 -0.00296071606305495 76897213 76951373 54160
14 437 rs10484125 98660236 6 0.00289249434270803 98503520 98793610 290090
14 403 rs732964 95346359 1 -0.00285651908086792 95335491 95346359 10868
14 407 rs10149382 95712417 2 -0.00282767922113094 95645872 95749011 103139
14 388 rs12895695 93595051 4 0.00273239453940609 93565816 93684814 118998
14 123 rs7156153 35308074 5 0.00273092266469529 35173418 35369479 196061
14 155 rs10220539 44586864 1 0.00272680770207151 44566484 44612482 45998
14 259 rs12890235 69089903 1 0.00267494171096959 69060068 69126744 66676
14 371 rs743201 91277252 2 0.00267413254103661 91189977 91293447 103470
14 474 rs6575979 103841018 5 0.00264192157124094 103841018 104516262 675244
14 222 rs311817 59079985 3 0.00262560685685599 58684804 59112677 427873
14 20 rs1952151 21540863 1 -0.00258691707898873 21540863 21586876 46013
14 0 rs1972373 20445370 2 -0.00258014647774521 20425051 20466824 41773
14 413 rs7161223 96127082 12 0.00256114740673369 96009307 96127082 117775
14 389 rs7154252 94095960 2 -0.00250093342436034 93708759 94160611 451852
14 314 rs718787 79400411 3 -0.0024867120818005 79384718 79661327 276609
14 53 rs10873219 25101706 3 0.00240930523276947 24908047 25162082 254035
14 29 rs3827932 22481705 2 0.00238541863288968 22481705 22483101 1396
14 327 rs1911205 82984878 2 -0.00229950964467672 82894760 83116478 221718
14 306 rs149849326 77944624 5 0.00227528943196961 77726516 77957377 230861
14 322 rs7160681 82044026 6 -0.00226796268915945 81820060 82044026 223966
14 479 rs7147000 105007815 1 0.00223981659011353 104974107 105007815 33708
14 70 rs12883861 27720455 3 -0.0022209167099302 27720455 27895275 174820
14 17 rs2771358 21422666 1 0.00219106545179632 21343164 21436124 92960
14 248 rs170680 65271311 14 -0.00213621770366505 65230358 65446357 215999
14 332 rs162654 83778352 4 0.00212368666036627 83617067 83867535 250468
14 169 rs2352918 49460174 3 0.00210036414726092 49331680 49575029 243349
14 185 rs10498440 52413573 2 0.00209046848364675 52378020 52425506 47486
14 89 rs2378932 31983754 3 0.00208878978332958 31720844 32008055 287211
14 422 rs1890913 96883969 3 -0.00203680165854074 96883969 97056727 172758
14 249 rs11622328 65640434 4 0.00202213228779478 65475411 65649000 173589
14 115 rs1026885 34428218 3 -0.00201223184590558 34401104 34431277 30173
14 205 rs945272 56336645 4 -0.00198587626408017 56221073 56341221 120148
14 199 rs7155636 55067637 1 0.0019691766524901 55064712 55085624 20912
14 15 rs1951419 21240673 4 -0.00196426198411881 21203159 21265637 62478
14 130 rs2073241 37128936 3 0.00192932545496996 36999637 37128936 129299
14 67 rs6575139 27174402 6 -0.00191824425291268 26935221 27271382 336161
14 105 rs10148795 33845322 1 0.00190228195924399 33845322 33845322 0
14 336 rs7147015 84635493 6 -0.00189961747991965 84635493 85013821 378328
14 4 rs8010116 20723695 1 0.00189416468509393 20712322 20731947 19625
14 277 rs1548685 72958725 2 0.00187203191602417 72895442 73037708 142266
14 167 rs7159610 48690511 6 -0.00185663128118211 48576462 48999279 422817
14 238 rs1913627 62725776 4 0.00184384654786657 62718847 62910868 192021
14 288 rs741847 75722496 1 -0.00182481750453248 75709566 75734471 24905
14 401 rs8016615 95187870 1 0.00182286195756239 95179707 95263461 83754
14 192 rs1424832 53702370 8 0.00179097622021644 53700341 53980388 280047
14 104 rs1111533 33790609 1 -0.0017753789368869 33744464 33825093 80629
14 9 rs4981223 20971784 1 -0.00172083454320639 20971784 20992887 21103
14 179 rs11851025 51803928 4 0.00171691523991453 51586467 51821239 234772
14 418 rs11845882 96565323 1 -0.00170860528602782 96532311 96565323 33012
14 47 rs17099455 24423007 5 -0.0016996733475265 24247710 24423007 175297
14 318 rs1491491 80577818 9 0.00169218441736573 80408653 80770951 362298
14 386 rs17128633 93306484 3 0.00165630668774869 93239329 93372370 133041
14 408 rs942328 95823078 4 -0.00165266159456155 95758559 95823870 65311
14 419 rs1889374 96603723 2 0.00163979009326386 96574434 96642598 68164
14 175 rs11157776 51341887 3 0.00163922517203575 51279108 51341887 62779
14 136 rs966918 38198213 5 -0.00162047301443319 38198213 38438536 240323
14 166 rs698331 48536772 5 -0.00161509181020514 48356630 48570466 213836
14 294 rs10483872 76169308 2 -0.00148901850639099 76090978 76316065 225087
14 342 rs10498593 85884306 4 0.00146879224277287 85870837 86037541 166704
14 176 rs3783273 51395083 3 0.00146860666884466 51352345 51395384 43039
14 364 rs4904594 90122106 6 0.00145762610468189 90106316 90208263 101947
14 13 rs750142 21130632 1 0.00144615693732781 21130632 21153788 23156
14 255 rs2064928 68025448 2 0.00142273224609406 68019608 68065321 45713
14 19 rs10146416 21519599 2 0.00141745124396909 21519599 21530532 10933
14 79 rs17115183 30137407 2 0.0014124759599738 29992503 30137407 144904
14 3 rs10131951 20694968 2 -0.00138167633598651 20677591 20694968 17377
14 244 rs1255641 63978475 3 -0.00137486190288838 63916963 64173925 256962
14 267 rs41286548 70633411 4 0.00132293488589727 70583312 70648166 64854
14 7 rs1953225 20897676 1 0.00130610076067642 20897676 20920250 22574
14 390 rs4905086 94236801 2 0.00125873764648837 94204438 94240020 35582
14 211 rs928108 57170474 2 -0.00125309669341406 57132165 57170671 38506
14 33 rs3811266 22747055 1 0.00124966954794516 22741734 22775479 33745
14 258 rs999737 69034682 2 0.00123805707321683 68997635 69039588 41953
14 268 rs4899343 70752646 1 0.00123495739558172 70671567 71091256 419689
14 242 rs4902215 63685669 2 0.00122427335353344 63591740 63753078 161338
14 427 rs943587 97636701 1 0.0012231579427365 97618412 97636701 18289
14 78 rs10498304 29916912 1 -0.00120076606596775 29916912 29945203 28291
14 450 rs2400759 100075456 2 -0.00118724285682406 100057672 100085450 27778
14 177 rs17123302 51441945 4 0.00116919096904805 51417886 51489582 71696
14 117 rs980464 34568993 1 0.00114638270827771 34554548 34575688 21140
14 51 rs34106261 24806902 4 0.00114555966713174 24736390 24852046 115656
14 239 rs2046811 63047648 6 0.00113104653153467 62925448 63159182 233734
14 393 rs8017239 94378321 2 -0.0011276070292514 94358100 94378321 20221
14 21 rs7145814 21623290 2 -0.0010881594674609 21607930 21629898 21968
14 406 rs12147295 95478036 3 0.00108032023982105 95472704 95523851 51147
14 216 rs4898929 57771971 1 -0.00108028124780126 57612996 57822974 209978
14 346 rs1289253 87039711 3 -0.00106602354283383 87039711 87327517 287806
14 273 rs36453 72334903 3 0.00105921792073377 72265949 72375278 109329
14 415 rs10146784 96222770 3 -0.00105244247960829 96151754 96260801 109047
14 305 rs1861420 77663007 3 -0.0010416043429298 77625148 77713146 87998
14 217 rs268822 57975646 7 0.00101092943766462 57892743 58042753 150010
14 464 rs4906083 101701975 2 -9.653318928696644e-4 101689506 101710360 20854
14 160 rs1906794 46196397 2 -9.44717707516976e-4 46091372 46268185 176813
14 77 rs12433083 29895001 1 9.355083368105364e-4 29762149 29896499 134350
14 8 rs13379232 20955163 1 -8.499850068943305e-4 20940606 20955163 14557
14 370 rs1742098 91168417 1 8.294215006363185e-4 91095838 91183327 87489
14 484 rs885883 107274052 1 -8.184195316348212e-4 107139583 107274052 134469
14 99 rs17099578 33285857 1 7.920870677484461e-4 33271488 33327517 56029
14 118 rs1154106 34659632 1 -7.414842281325479e-4 34607464 34683420 75956
14 394 rs7160644 94479804 2 -7.31624074823636e-4 94432783 94572431 139648
14 377 rs72629402 92159558 1 -7.27545327041351e-4 92159558 92293518 133960
14 23 rs1061026 21967109 3 7.256292320097012e-4 21831112 21968876 137764
14 275 rs8008342 72559891 1 -7.128797311205064e-4 72553387 72658681 105294
14 281 rs17569474 73433450 3 6.995778923032972e-4 73335169 73725050 389881
14 178 rs875207 51494668 1 -6.81122269140216e-4 51494668 51566923 72255
14 186 rs35657569 52520746 7 6.619278111262509e-4 52433115 52567361 134246
14 392 rs4905092 94300230 4 6.608851806210599e-4 94295459 94339156 43697
14 190 rs1958909 53444727 3 6.567308219965613e-4 53196348 53469891 273543
14 240 rs2101551 63181642 1 6.142125059994268e-4 63175105 63271562 96457
14 61 rs12587685 26344308 1 -6.075601753784743e-4 26344308 26364940 20632
14 5 rs1057605 20755287 6 5.865964116607664e-4 20743269 20863070 119801
14 300 rs12147488 77040049 1 -5.855950522036218e-4 77039784 77049704 9920
14 341 rs4904245 85789611 2 -5.839399061858491e-4 85780554 85809911 29357
14 429 rs2781407 97959474 1 -5.723443759574214e-4 97781834 97959474 177640
14 463 rs6575836 101679255 3 -5.66598150899076e-4 101653358 101679255 25897
14 254 rs10873203 67974505 5 5.641675074597599e-4 67912792 67984540 71748
14 88 rs7157080 31553720 4 -5.391497941952973e-4 31351785 31583512 231727
14 316 rs1030127 80161440 5 5.225151766513037e-4 79967761 80176931 209170
14 189 rs10140657 52892612 7 -5.1508483850025e-4 52782956 53154350 371394
14 164 rs4900734 47744407 2 5.115381373890318e-4 47473866 47824521 350655
14 207 rs241529 56511463 3 5.106362894580282e-4 56445406 56564144 118738
14 404 rs1243561 95369886 3 5.079115504719224e-4 95361596 95390794 29198
14 447 rs710087 99791385 3 -4.88856120277502e-4 99791385 99835434 44049
14 444 rs1273226 99607842 2 4.860404230510304e-4 99607842 99652561 44719
14 156 rs10136083 44820190 1 -4.80049848660832e-4 44631197 44862795 231598
14 215 rs11158152 57587040 1 -4.584416363390296e-4 57498982 57598022 99040
14 73 rs2224437 28990427 4 4.5507000565621754e-4 28736128 29007707 271579
14 398 rs1885137 94912896 2 4.342387579298505e-4 94910363 94978997 68634
14 451 rs1951576 100169617 1 -4.3297139818715327e-4 100109824 100209154 99330
14 230 rs872147 61778915 4 4.316080085085528e-4 61692955 61817533 124578
14 425 rs1885162 97371939 1 4.1528733151337943e-4 97362657 97565056 202399
14 204 rs1953352 56197159 2 -4.14004239022609e-4 56007846 56197878 190032
14 87 rs2518667 31265509 1 -4.0690065041966097e-4 31265509 31329598 64089
14 411 rs12434921 95932223 1 -3.895321255833048e-4 95932223 95944792 12569
14 128 rs3762904 36790795 2 3.86941258680593e-4 36696327 36843139 146812
14 134 rs712399 37389296 1 3.866398977217072e-4 37352231 37442671 90440
14 220 rs17094010 58429071 4 3.645002069129009e-4 58331315 58446570 115255
14 93 rs7151991 32635572 5 -3.617945300660322e-4 32635572 32781804 146232
14 313 rs8020920 79226876 1 3.612908931729762e-4 79207546 79226876 19330
14 131 rs4477602 37151655 2 3.441722541387635e-4 37150160 37178991 28831
14 16 rs17254450 21325687 1 3.114740349931415e-4 21325687 21325687 0
14 330 rs10137321 83348149 2 -3.085841183271304e-4 83348149 83417466 69317
14 270 rs1476609 71222065 1 -2.964373852723162e-4 71179711 71314581 134870
14 90 rs2039485 32353250 1 -2.9141699424651093e-4 32048488 32368934 320446
14 459 rs17172 101429659 1 2.8583936963031683e-4 101361403 101459060 97657
14 56 rs2031937 25580391 1 2.8575971654195914e-4 25443592 25580659 137067
14 146 rs7493183 41918350 1 -2.733048528685147e-4 41749630 41918350 168720
14 109 rs7143076 34040582 1 -2.586781215281208e-4 34040582 34084149 43567
14 462 rs10144079 101639874 1 2.577292314106734e-4 101585205 101639874 54669
14 188 rs1390375 52761693 1 2.414366144022006e-4 52700209 52761693 61484
14 149 rs1499378 42930316 2 2.2164802317485224e-4 42731966 43030843 298877
14 37 rs943889 23169536 7 2.1874419038877407e-4 23102784 23242828 140044
14 229 rs4899032 61662415 1 -2.0203991899775728e-4 61615435 61665229 49794
14 202 rs3783637 55348118 4 1.9516049289177123e-4 55236176 55546326 310150
14 39 rs1042704 23312594 1 1.9485974001814287e-4 23312594 23313633 1039
14 280 rs11622224 73304565 5 -1.9318337108217495e-4 73260377 73329055 68678
14 212 rs4898916 57185119 1 -1.930333704739044e-4 57185119 57185119 0
14 22 rs1957413 21778588 2 -1.8802726976785975e-4 21647420 21785790 138370
14 483 rs3825762 105752404 3 -1.8450992513267253e-4 105673692 105752404 78712
14 196 rs12434228 54427602 2 -1.8100397825407264e-4 54358137 54433533 75396
14 103 rs11624823 33694936 1 1.6076736141197728e-4 33663668 33740086 76418
14 18 rs1263871 21484086 1 1.599655438398268e-4 21469151 21502431 33280
14 282 rs78901745 73989145 1 1.4278730997084688e-4 73750002 73989816 239814
14 119 rs9322932 34709304 1 -1.305075014728902e-4 34695448 34754717 59269
14 359 rs2110702 89771105 1 1.2925805890014563e-4 89748882 89889586 140704
14 80 rs1953722 30230638 2 -1.291348334698264e-4 30230638 30372765 142127
14 477 rs11160804 104792254 1 -1.0444764068872534e-4 104792254 104807712 15458
14 161 rs12147602 46558653 1 1.0239525858763728e-4 46322471 46738855 416384
14 417 rs8011771 96431357 1 9.940026789419888e-5 96399382 96526471 127089
14 439 rs4900413 99083042 1 -9.63894167111968e-5 98996159 99137635 141476
14 252 rs17103156 66441939 4 8.515036715468381e-5 66387118 66475085 87967
14 195 rs1952748 54310925 1 -7.697155212242876e-5 54290830 54345797 54967
14 269 rs7152071 71152433 1 7.409161469366128e-5 71111361 71152433 41072
14 350 rs8012556 88063092 3 -7.210322252725625e-5 88063092 88206607 143515
14 11 rs17308457 21078596 1 5.8767770593858406e-5 21051075 21087223 36148
14 465 rs12437184 101835212 2 -3.7617053898725383e-5 101727107 101872299 145192
14 290 rs8013053 75790221 1 3.094224756898207e-5 75790221 75867306 77085
14 358 rs8009301 89660987 2 2.8108552921722076e-5 89660987 89722699 61712
14 414 rs1748963 96133913 1 -1.939798710181577e-5 96133913 96146893 12980
14 34 rs17117371 22865063 3 -1.523937730719049e-5 22791563 22930158 138595
14 445 rs1257427 99654322 2 1.3966918908031774e-5 99654322 99688743 34421
