CHR Group SNP.lead BP.lead Size W BP.min BP.max BP.width
21 333 rs7283760 45640629 4 0.04036462638749186 45611950 45670770 58820
21 191 rs2834109 34521087 2 0.03579059273834042 34515010 34535415 20405
21 163 rs565489 31523734 3 0.02321482667176934 31511924 31531438 19514
21 155 rs2832310 30768350 1 0.02156238512377913 30527999 30768350 240351
21 26 rs1449525 17762328 6 0.01983171925674804 17743767 17762328 18561
21 292 rs2280807 42821265 7 0.01956044092601555 42795027 42862936 67909
21 261 rs447480 41221971 5 0.01524781366276672 41136712 41225542 88830
21 219 rs4817726 36943564 7 0.01447958446933996 36892781 37137766 244985
21 321 rs3737434 44437142 8 0.01426721502037682 44362904 44487404 124500
21 185 rs7284048 33964537 2 -0.01373599143452324 33884390 33974322 89932
21 170 rs762194 32493031 3 0.01357860324464185 32485200 32517961 32761
21 86 rs2826823 22760547 1 -0.01353016628553317 22535349 22810077 274728
21 103 rs12483180 24720653 3 0.01350356222776824 24696982 24790421 93439
21 354 rs2839315 47962186 6 0.01344268368328841 47614553 48029698 415145
21 238 rs9983351 39176328 8 -0.01335179914312818 39176328 39217680 41352
21 152 rs2831772 29772530 5 0.01278297571654955 29739928 29799861 59933
21 253 rs9979861 40389724 3 -0.01147740008368129 40389724 40434499 44775
21 241 rs2836074 39346333 2 0.01133626587102744 39332384 39346333 13949
21 31 rs2824098 18235587 3 0.01074388380011716 18228575 18281526 52951
21 303 rs220229 43448797 1 0.01060827427179243 43448797 43453662 4865
21 250 rs992244 40252150 10 0.01045882131304248 40157281 40261157 103876
21 164 rs2832660 31593066 2 0.00999788738914331 31554936 31719836 164900
21 140 rs2830772 28576387 2 -0.00923402199047284 28568502 28590051 21549
21 125 rs7276036 27361704 3 -0.00912551305448553 27298769 27399541 100772
21 244 rs970115 39721888 3 -0.00884638201629296 39707132 39721888 14756
21 25 rs2823748 17675675 1 0.00880923180904316 17667779 17675675 7896
21 116 rs7281937 26021230 1 0.00858000259270317 25971850 26021230 49380
21 344 rs439884 46533940 6 -0.00851482849810455 46491341 46684517 193176
21 133 rs222935 27899198 1 -0.00843622838699846 27891664 27911452 19788
21 343 rs8129133 46454237 1 0.00839281606249918 46454237 46454237 0
21 195 rs9978223 34770358 2 -0.00810031732330841 34770358 35056247 285889
21 100 rs198088 24407851 8 0.0080875254982521 24333621 24475368 141747
21 154 rs2831968 30080833 10 0.00783068653000518 30004254 30494250 489996
21 188 rs10427540 34374530 1 0.00777270125720005 34374072 34375854 1782
21 168 rs2833162 32296251 4 0.00776083636770178 32294481 32389498 95017
21 123 rs17001274 27027297 3 -0.00744704528007062 26908384 27065046 156662
21 166 rs2833124 32214655 1 -0.00723828529376638 32214655 32214655 0
21 137 rs229092 28255787 4 -0.00718589439129013 28220730 28273228 52498
21 9 rs1292747 16115679 4 0.00713022211435746 16077016 16128671 51655
21 204 rs2300387 35964093 2 -0.00671447998319764 35950431 36009296 58865
21 272 rs16999738 41780398 2 -0.00657230118771369 41733191 41792388 59197
21 91 rs2827079 23196432 8 0.00647422434314577 23173531 23264430 90899
21 114 rs1119268 25798660 6 0.00607579492069376 25798591 25896423 97832
21 111 rs2828789 25441375 3 -0.00603318743133051 25428737 25503128 74391
21 215 rs2008256 36583687 3 0.0060184549945808 36530416 36597915 67499
21 192 rs9305523 34545377 4 0.00564895139565448 34545377 34584544 39167
21 57 rs2825011 20078424 3 0.00563496049119687 20075866 20186304 110438
21 83 rs7509723 22403814 2 0.00547735834183424 22403814 22433875 30061
21 295 rs2247788 43067245 2 0.00542608926576358 43059884 43068319 8435
21 311 rs4920091 43778036 7 -0.0053132369204082 43740749 43786540 45791
21 224 rs9985126 37809408 5 -0.00519080007505035 37780822 37848334 67512
21 327 rs496300 44779680 2 0.00518457764589538 44779343 44788262 8919
21 32 rs7276116 18318167 2 0.00508178644250607 18297166 18347660 50494
21 248 rs17194186 39967076 3 0.00501238462240055 39967076 40059292 92216
21 348 rs944422 46982335 3 0.00497459491975659 46982335 46987198 4863
21 317 rs373700 44039966 2 0.00483469817582286 44039013 44039966 953
21 282 rs10222193 42324388 3 -0.00479289857975653 42277689 42324388 46699
21 305 rs220126 43531008 3 0.00465779867465062 43501351 43531632 30281
21 331 rs2838446 45367152 3 -0.00462501292936189 45309089 45398853 89764
21 289 rs424513 42711678 4 -0.00455920040122349 42682644 42720579 37935
21 189 rs9984627 34471603 4 0.00454412929594449 34399401 34499426 100025
21 300 rs6586336 43328071 1 -0.00449735691033431 43328071 43331362 3291
21 70 rs9982120 21526261 2 -0.00449146722768994 21472584 21636664 164080
21 346 rs2236462 46897221 1 0.00445324780459977 46841398 46897221 55823
21 40 rs9977638 18968320 4 -0.00443169341424547 18968320 19026337 58017
21 119 rs2829535 26451776 12 0.00437861026700327 26183724 26453241 269517
21 197 rs9978194 35254293 2 -0.00426413543116131 35227484 35254293 26809
21 322 rs2027745 44508020 2 0.00422970370086129 44508020 44519655 11635
21 3 rs1014539 15659731 2 -0.00421896832119878 15591689 15668384 76695
21 345 rs2838899 46795214 4 0.00418972714160726 46778772 46817380 38608
21 128 rs1888428 27693547 6 -0.00412377300274227 27616602 27728434 111832
21 296 rs9917486 43102097 2 0.0040890609958004 43086944 43107623 20679
21 171 rs1855703 32753155 3 0.00399086200312608 32695264 32759208 63944
21 18 rs2823238 16718706 3 -0.00395427275238832 16718706 16815872 97166
21 101 rs20461 24521301 1 0.00390067697974538 24506241 24613586 107345
21 205 rs2834591 36071202 3 -0.00375857864007767 36015246 36121293 106047
21 267 rs2142123 41418208 1 0.00370711800889019 41400858 41437081 36223
21 84 rs1028983 22457771 1 0.00360147251983666 22457771 22479797 22026
21 34 rs11702385 18541509 2 -0.00353726480761436 18471041 18629416 158375
21 67 rs11088748 21050002 3 -0.00352190838749462 21025259 21050002 24743
21 127 rs10460695 27520111 4 -0.00339257552806601 27502468 27581283 78815
21 82 rs2826605 22300960 3 0.00333188182877228 22300960 22362499 61539
21 243 rs2211860 39552192 13 0.00328072894850213 39493232 39696476 203244
21 48 rs2824646 19506651 3 0.00327951654657958 19506651 19522891 16240
21 268 rs9982099 41527915 2 0.00310929470446771 41454734 41527915 73181
21 95 rs979916 23607112 2 -0.00307495769569214 23508050 23608099 100049
21 258 rs498027 41016873 1 0.00307473983458769 40987887 41016873 28986
21 338 rs2838659 46128238 4 0.00295013392551725 46060222 46128238 68016
21 279 rs2210270 42132802 4 -0.00291316284945424 42110235 42168325 58090
21 340 rs1141 46221167 4 -0.00281477560097171 46189767 46298869 109102
21 42 rs171477 19150133 2 0.00274594130504247 19139775 19150133 10358
21 37 rs8130544 18786341 3 -0.00253328080266406 18772963 18814568 41605
21 156 rs363501 30927772 2 0.00249698475243499 30861858 30927772 65914
21 299 rs2839418 43319784 3 -0.00248483500281808 43306101 43319984 13883
21 121 rs2829558 26514597 2 0.00247946285780124 26514597 26616200 101603
21 182 rs2833697 33556137 3 0.00242778680355503 33548880 33669542 120662
21 353 rs9978018 47526240 3 0.0024041047959672 47501261 47544838 43577
21 158 rs420121 31146608 2 0.00236421979155317 31062070 31181420 119350
21 151 rs7278583 29533040 2 0.00234219188054485 29533040 29706134 173094
21 226 rs8127136 38034172 3 0.00228798590852641 38009239 38034172 24933
21 234 rs2835699 38721309 3 -0.00226730918877406 38721309 38918608 197299
21 11 rs2822964 16229925 2 0.00222433639292093 16229925 16247212 17287
21 68 rs8134910 21117409 4 0.0022116230385206 21069156 21200612 131456
21 8 rs458525 15970507 4 0.00217615427980332 15954660 16054626 99966
21 350 rs4819138 47061267 5 0.00209530330961946 47061267 47383056 321789
21 221 rs20572 37444973 8 0.00204812431120457 37312721 37460164 147443
21 274 rs11088518 41852932 7 0.00195251264196546 41823356 41910637 87281
21 222 rs9305578 37514155 4 0.00191020444109182 37490655 37579423 88768
21 81 rs1474757 22263591 3 -0.00181183622828734 22217613 22264996 47383
21 28 rs13047224 18040023 2 0.00178454163940931 18040023 18048206 8183
21 260 rs12233347 41084811 2 0.00175951926490431 41082511 41092950 10439
21 20 rs2823363 16922693 2 -0.00170847401953856 16883021 16939662 56641
21 314 rs2254368 43862466 4 -0.00169870332984057 43829758 43875848 46090
21 276 rs455772 41962135 3 -0.00169293576468089 41951756 42022951 71195
21 178 rs12165267 33364621 1 0.00167706354960629 33364621 33409932 45311
21 109 rs2828649 25325709 1 -0.00162230110833094 25293908 25328443 34535
21 237 rs2835927 39120344 2 0.00162032992320372 39096903 39132864 35961
21 246 rs1041795 39852396 2 -0.00160767650103955 39838825 39897553 58728
21 143 rs9305315 28788903 6 -0.00158446134012547 28769385 28818560 49175
21 229 rs2073601 38117308 1 -0.00154432279509902 38106209 38117308 11099
21 141 rs239693 28679431 2 -0.00154129957939573 28649659 28704127 54468
21 307 rs4148082 43619415 3 0.00150601904421992 43556691 43619415 62724
21 14 rs975336 16451845 1 0.00144648846901744 16451845 16451845 0
21 172 rs2833426 32855150 2 -0.00140049485611948 32832384 32919601 87217
21 96 rs2827373 23672710 1 0.00135744286874863 23654246 23681095 26849
21 46 rs158014 19451271 2 -0.00135485344554383 19433441 19474777 41336
21 352 rs13051923 47489546 1 -0.00132653394332049 47473588 47489546 15958
21 202 rs34016792 35757915 1 0.00126583591935684 35757915 35821821 63906
21 310 rs4148137 43710052 2 -0.00125840224062543 43708018 43718611 10593
21 105 rs13051045 24905803 3 -0.00125265560621601 24902807 25052229 149422
21 252 rs1537106 40359005 5 -0.00123588657869675 40323728 40377215 53487
21 76 rs2155889 21889841 1 0.00122284667415108 21884955 21903798 18843
21 47 rs2824639 19494749 3 0.00121238316320493 19487468 19497606 10138
21 4 rs1153312 15672376 2 -0.00118217334221813 15671024 15725868 54844
21 220 rs6517312 37277069 2 -0.00116596428287054 37164716 37301361 136645
21 71 rs1386758 21711607 3 -0.00115972806189132 21649595 21711607 62012
21 203 rs2251817 35934476 8 0.00115190744208111 35838907 35934476 95569
21 275 rs73364974 41917406 1 0.0011344416919378 41917406 41917406 0
21 212 rs2834737 36396167 3 0.00112847031821755 36378571 36396167 17596
21 294 rs9975623 42920296 3 0.00111142894543819 42920296 42941420 21124
21 165 rs1507396 32038030 3 -0.00109111777281528 31763618 32202309 438691
21 138 rs146717299 28305324 3 -0.00108932783122801 28286853 28375935 89082
21 298 rs1054761 43218520 1 0.0010855413525243 43218520 43296613 78093
21 85 rs2826672 22503372 1 0.00107333762688667 22487854 22503372 15518
21 349 rs2838965 47021784 1 -0.00102651589817402 47015661 47021784 6123
21 184 rs2833814 33798684 5 0.00101800242365826 33782887 33832331 49444
21 181 rs2833670 33505090 2 0.0010162718167338 33487695 33523381 35686
21 75 rs17199154 21854478 3 -9.85682821923467e-4 21817825 21871727 53902
21 198 rs2239565 35288558 6 -9.849847245383685e-4 35265524 35375649 110125
21 245 rs3746880 39795202 1 9.801380353596854e-4 39747504 39797764 50260
21 169 rs7282590 32438284 3 -9.78805237784681e-4 32415227 32454561 39334
21 285 rs13050861 42485808 2 9.749712915879664e-4 42440714 42501062 60348
21 112 rs12627020 25510293 1 9.09255851487026e-4 25510293 25544579 34286
21 43 rs2824496 19171547 3 -9.086749378070188e-4 19161689 19179271 17582
21 115 rs2829159 25918197 1 -8.915472141655768e-4 25912293 25946431 34138
21 255 rs2836889 40485574 1 -8.639590374187449e-4 40485574 40506194 20620
21 320 rs2839584 44236622 2 -8.407395269775542e-4 44196394 44324365 127971
21 15 rs7275695 16568524 1 -7.78261390552192e-4 16520878 16584341 63463
21 341 rs3788150 46333802 2 7.768530862725771e-4 46315091 46335580 20489
21 97 rs1501220 23848588 3 7.529285650593197e-4 23771749 23860926 89177
21 278 rs7276043 42085920 1 -7.485118981897325e-4 42067941 42085920 17979
21 89 rs1460077 22957596 1 -7.001240506788502e-4 22942136 23101812 159676
21 161 rs2832527 31381600 2 -6.864868079738635e-4 31381600 31410125 28525
21 330 rs1573338 45250839 1 -6.695257307696293e-4 45209559 45267134 57575
21 240 rs2836041 39268012 1 -6.654258626077126e-4 39267060 39268012 952
21 230 rs2850106 38134511 2 6.540072817145666e-4 38134511 38147602 13091
21 257 rs1524930 40968460 2 -6.469737349753698e-4 40909706 40968460 58754
21 256 rs1522 40887185 7 6.298072865215405e-4 40547310 40887185 339875
21 186 rs4817502 34175240 1 6.262652314071065e-4 33998027 34199847 201820
21 231 rs3827189 38311993 1 6.261500989870007e-4 38185881 38351913 166032
21 157 rs2832409 30981245 1 6.240050291728457e-4 30981245 31050817 69572
21 17 rs2823227 16682922 1 6.106382279559625e-4 16682922 16691926 9004
21 302 rs12627125 43399915 2 -5.893164661961387e-4 43393669 43438674 45005
21 150 rs2831503 29481474 2 -5.449911848431719e-4 29449806 29485359 35553
21 146 rs2831046 29025638 3 5.39616852835525e-4 29015007 29112277 97270
21 263 rs2244084 41277049 2 5.203760941059571e-4 41265911 41277049 11138
21 232 rs2835562 38409876 3 -5.042610925729621e-4 38371327 38429389 58062
21 33 rs2824226 18457828 2 4.997952609879444e-4 18371006 18457828 86822
21 122 rs2829726 26764074 1 4.845440204426798e-4 26645083 26866666 221583
21 318 rs4920137 44140117 1 4.841899705360383e-4 44085955 44145777 59822
21 266 rs760168 41386931 2 -4.76372528038008e-4 41354868 41387324 32456
21 218 rs2834945 36854998 1 -4.6861888843838554e-4 36834597 36873163 38566
21 65 rs2825663 20955904 1 -4.5350939102764743e-4 20919209 20955904 36695
21 59 rs419684 20300281 3 -4.474767638099012e-4 20290322 20356538 66216
21 236 rs1709806 39055489 1 4.471396547407332e-4 38997701 39083309 85608
21 104 rs1354481 24836014 1 4.442794919228528e-4 24807495 24836014 28519
21 7 rs1735484 15867560 1 -4.3924659875901856e-4 15867560 15924729 57169
21 64 rs2825628 20903523 1 -4.273223970934527e-4 20754462 20903523 149061
21 74 rs1735894 21814838 1 4.2578822070761594e-4 21811981 21814838 2857
21 200 rs4817616 35444498 5 4.162951634769819e-4 35444498 35551600 107102
21 273 rs718099 41816354 1 4.160518269704876e-4 41813127 41816354 3227
21 12 rs2256417 16295354 1 -4.041405589425155e-4 16295354 16295354 0
21 139 rs2212816 28432500 2 -3.985558931236284e-4 28419053 28558373 139320
21 160 rs2832484 31297409 1 3.879819212301901e-4 31289931 31302472 12541
21 193 rs1131964 34610487 3 3.849336437078133e-4 34594878 34640788 45910
21 264 rs2238703 41301355 4 -3.814218399500516e-4 41282698 41301355 18657
21 13 rs61750208 16338106 1 -3.754916194244976e-4 16331523 16422603 91080
21 87 rs233771 22868864 1 3.629721557500376e-4 22821643 22868864 47221
21 30 rs2824074 18211653 1 -3.620071210742827e-4 18171830 18219506 47676
21 159 rs2832458 31239497 4 3.558630100517754e-4 31197963 31256868 58905
21 134 rs2830286 27954042 3 3.5498277522911246e-4 27926088 28078159 152071
21 301 rs61731656 43362295 1 3.456932743096391e-4 43359680 43362295 2615
21 66 rs2825678 20986798 1 -3.371087387739345e-4 20986798 20996612 9814
21 315 rs2839535 43905327 1 -3.005739548085469e-4 43887160 43943658 56498
21 88 rs2826877 22892128 2 -3.004711474629878e-4 22888198 22917558 29360
21 335 rs749909 45854807 1 -2.937365279548023e-4 45854386 45868239 13853
21 177 rs2211678 33339340 1 -2.9085185923053157e-4 33328529 33351149 22620
21 233 rs2835686 38631629 2 -2.691513874615419e-4 38444881 38703319 258438
21 144 rs2830981 28862137 1 -2.623644207533706e-4 28839532 28927839 88307
21 328 rs2838305 44873060 2 -2.612502746792939e-4 44859686 45128454 268768
21 153 rs2831893 29899760 1 -2.5822371885291634e-4 29833572 29912452 78880
21 173 rs2833456 32954765 1 2.39459393101977e-4 32949556 32999423 49867
21 118 rs2829337 26134220 1 -2.3210286787005483e-4 26119438 26174872 55434
21 147 rs1431359 29142806 1 -2.2588704574515983e-4 29129610 29213323 83713
21 2 rs431864 15548739 1 2.2430080928206243e-4 15463956 15554030 90074
21 251 rs2836757 40294024 4 -2.2285390340476329e-4 40289113 40315316 26203
21 265 rs1629521 41344489 1 2.153157397406954e-4 41322812 41344489 21677
21 201 rs2834440 35690499 2 -1.8799802324627024e-4 35631938 35716371 84433
21 135 rs1111134 28167643 6 1.795255890754714e-4 28111563 28194581 83018
21 27 rs2823815 17826260 1 -1.7034854457009514e-4 17789829 17826260 36431
21 56 rs7277618 20054442 2 -1.492815750495055e-4 19957829 20054442 96613
21 312 rs2839490 43789854 1 -1.4860981518035124e-4 43789854 43803167 13313
21 10 rs2822942 16189981 2 1.4791947186877132e-4 16145761 16189981 44220
21 58 rs7276040 20235268 1 1.4438395287315672e-4 20202738 20264466 61728
21 277 rs1022424 42047446 1 1.4049479094884737e-4 42047446 42047910 464
21 214 rs9975836 36514505 1 1.3696393177893478e-4 36469177 36514505 45328
21 107 rs11910832 25130153 2 1.2840717054309937e-4 25095694 25141149 45455
21 167 rs2833135 32224934 2 1.246435821930638e-4 32216253 32272902 56649
21 62 rs1158345 20645883 1 -1.1858246623803826e-4 20537661 20676645 138984
21 92 rs2827143 23309707 1 -1.1433697807890718e-4 23294509 23321380 26871
21 270 rs8133535 41664277 1 -1.1272722782788e-4 41566588 41664277 97689
21 287 rs7278856 42598887 1 -9.553792101390624e-5 42581448 42598887 17439
21 99 rs7279441 24198815 1 -8.413624069508091e-5 24185967 24198815 12848
21 217 rs8132760 36771337 2 6.857491538607872e-5 36702489 36816352 113863
21 113 rs7283527 25706768 4 -5.970414978610349e-5 25591352 25770592 179240
21 19 rs2823307 16865946 1 4.45356819142921e-5 16865946 16865946 0
21 306 rs220163 43550518 1 -4.406627867718124e-5 43539287 43550518 11231
21 44 rs243629 19220798 1 3.709215275468297e-5 19204252 19303217 98965
21 286 rs7276900 42532075 1 -3.469777903183502e-5 42510744 42532075 21331
21 304 rs220250 43472167 1 3.200879110549887e-5 43466047 43492329 26282
21 124 rs2829934 27205540 1 3.1026709310114446e-5 27195389 27264584 69195
21 148 rs4817202 29351268 1 -1.6483335115166975e-5 29305612 29362621 57009
