CHR Group SNP.lead BP.lead Size W BP.min BP.max BP.width
19 413 rs3745516 50926742 4 0.21397301380781203 50855935 50926742 70807
19 123 rs2304256 10475652 2 0.08813306071944248 10469975 10608064 138089
19 432 rs273634 51718837 3 0.05665904612760995 51718837 51769145 50308
19 186 rs8109466 17207011 3 0.05089368585277457 17148156 17212992 64836
19 266 rs7259371 33534641 8 0.04796374464542845 33532300 33636919 104619
19 177 rs12710303 16282131 6 0.04129538260067203 16282131 16352403 70272
19 50 rs243335 4402017 2 0.03641754940096135 4353174 4433412 80238
19 187 rs2305767 17294296 6 0.03613399006257874 17241649 17340400 98751
19 441 rs7260152 52160305 6 0.03410902362416879 52155449 52204942 49493
19 165 rs116923487 15133803 7 0.0320049229784681 15131668 15174953 43285
19 18 rs10417628 2251817 1 0.03100746249851895 2251817 2251817 0
