CHR Group SNP.lead BP.lead Size W BP.min BP.max BP.width
19 154 rs3745516 50926742 7 0.2169316179787287 50855935 51040416 184481
19 52 rs2304256 10475652 25 0.11406251938336728 10219076 10608064 388988
19 115 rs753420 36643695 26 0.05376973717773251 36643695 38411090 1767395
19 74 rs8109466 17207011 4 0.05313831738775567 17108127 17212992 104865
19 123 rs61750953 41306650 13 0.05103667422007722 41175149 41537698 362549
19 53 rs1122608 11163601 9 0.04508770011437318 10668452 11170839 502387
19 82 rs892035 19758190 12 0.03990863080898424 19136541 19863014 726473
19 164 rs7260152 52160305 7 0.03873583821761613 52000187 52204942 204755
19 71 rs12710303 16282131 10 0.03477736157446514 16282131 16426657 144526
19 169 rs3745101 53085813 7 0.03212627783051104 53034598 53233273 198675
19 112 rs11084813 35923858 10 0.03098299994632124 35868773 36029240 160467
19 31 rs778805 5832209 8 0.03045479467672343 5822490 6187800 365310
19 135 rs4803766 45371168 7 0.03013763483939748 45366779 45487420 120641
19 144 rs12461639 48172671 7 0.02928976501396615 47928003 48198675 270672
19 119 rs1865093 39936134 7 0.02851264410460278 39761790 40169328 407538
19 75 rs2305767 17294296 8 0.02759427749562257 17241649 17469382 227733
19 91 rs7248324 29551533 10 -0.02697024538065894 29482011 29762562 280551
19 108 rs8191371 34868776 6 0.02647108935393737 34833079 35298961 465882
19 133 rs8108277 45205877 3 0.02604038579616252 45048323 45205877 157554
19 121 rs4490099 40731491 5 0.02598256543927593 40477465 40952148 474683
19 116 rs8102476 38735613 16 0.02584150404037376 38478465 38983180 504715
19 161 rs273634 51718837 6 0.02567959031636802 51676299 51769145 92846
19 146 rs3815908 48522869 15 -0.02552496711856768 48518417 48678148 159731
19 182 rs17305311 54705641 4 0.0238457512377394 54705641 54797848 92207
19 67 rs116923487 15133803 12 0.0238082212873614 15022931 15174953 152022
19 137 rs10411821 46096132 6 -0.02362173158774752 45767214 46141845 374631
19 89 rs12985572 28769462 9 0.02338165625220765 28569401 28903629 334228
19 12 rs61754927 2917509 10 0.022735187739861 2833431 2933480 100049
19 41 rs72558007 7762440 3 0.02166570440561688 7758339 7800361 42022
19 97 rs10405541 31343577 7 0.02138645592971049 31099589 31370794 271205
19 21 rs45465594 3813906 2 0.02091173540428106 3813906 3928369 114463
19 143 rs1862499 47549791 4 0.02022692064226262 47549791 47823871 274080
19 9 rs10417628 2251817 5 0.02002576659815577 2113518 2438884 325366
19 131 rs16976937 44470147 12 0.01970475114061947 44286513 44855757 569244
19 85 rs11085403 21107489 24 0.01928332263984456 20925934 22036167 1110233
19 44 rs1466448 8289519 3 -0.01914763468008945 8271721 8334280 62559
19 205 rs1051500 58944402 5 0.01903889951224187 58830261 59069353 239092
19 113 rs231228 36268771 9 0.01903031154636959 36113590 36324324 210734
19 99 rs56688754 31906847 9 0.01885994293904137 31801130 32053745 252615
19 68 rs11085954 15594019 9 0.01883961780516092 15235879 15607508 371629
19 63 rs11670064 14447600 6 0.01854221674110896 14351574 14450812 99238
19 193 rs306481 56487603 8 0.01838171740970428 56426073 56571547 145474
19 47 rs61732905 9070264 22 0.01831954747269529 8921033 9101672 180639
19 190 rs3976501 56026072 3 -0.01786672430215459 55977909 56058737 80828
19 118 rs879689 39650830 7 0.0167873120468314 39551941 39743165 191224
19 202 rs6510064 57855930 12 0.01642572255666602 57678194 57909872 231678
19 125 rs1800472 41847860 4 0.01622753483316188 41767987 42091163 323176
19 198 rs10425564 57312980 6 0.01615683667421184 57162288 57344913 182625
19 46 rs7254400 8740520 3 0.01591529050578907 8633943 8808942 174999
19 58 rs34544747 12767849 8 -0.01585430519064047 12562294 13059147 496853
19 148 rs16982241 49202859 11 0.01578486910631077 49046562 49252989 206427
19 37 rs422318 6951434 2 -0.01578135732636704 6833777 6951434 117657
19 92 rs10411539 29972230 9 -0.01542933480152489 29847162 30042913 195751
19 106 rs7256463 34366393 9 0.01517785200345964 34231542 34421191 189649
19 79 rs7259041 18123738 4 0.0149048131850501 18038782 18141996 103214
19 195 rs2195974 56743097 3 -0.01487168533338031 56723492 56745520 22028
19 101 rs7253538 32834547 7 0.014538000459550759 32595038 32944565 349527
19 109 rs1687983 35568212 7 0.01449715026654062 35357338 35570307 212969
19 22 rs7251928 4077096 5 0.01417880825968578 4007080 4147445 140365
19 145 rs12979616 48350011 5 0.01417545385778556 48263635 48472474 208839
19 111 rs2853332 35746706 11 -0.01410409237053179 35710685 35794775 84090
19 39 rs4804404 7218382 9 0.01401805946656147 7167715 7298095 130380
19 114 rs62109744 36546015 2 0.01380930433137498 36442117 36590329 148212
19 65 rs3885179 14827830 8 -0.01333632243494721 14664933 14854338 189405
19 120 rs3944083 40301967 9 0.0133254050436674 40188968 40364280 175312
19 55 rs624899 11612498 2 0.01327213543074903 11502291 11651810 149519
19 20 rs1985358 3729042 1 0.013135390488382 3729042 3806837 77795
19 104 rs4805889 33954588 17 0.01309396995365782 33791127 34117092 325965
19 42 rs868875 7831166 8 -0.01256882286917014 7831166 8106521 275355
19 168 rs9630874 52928039 1 0.01230241712336113 52928039 52937339 9300
19 69 rs8110002 15963695 15 0.01213133054545057 15668140 16072037 403897
19 96 rs77238711 31039669 7 0.01142935812979445 30880662 31057349 176687
19 23 rs4807546 4182060 4 -0.01142094650291691 4182060 4342847 160787
19 188 rs890871 55672055 10 0.01129354409687462 55497843 55710074 212231
19 178 rs9749510 54281322 2 -0.01128026512742113 54276241 54332061 55820
19 167 rs324125 52887282 6 0.01095576751698327 52761215 52887603 126388
19 88 rs811020 28393499 14 0.01039773490196655 23556852 28551991 4995139
19 184 rs35336528 54968038 2 0.01020405351638668 54937469 55010819 73350
19 185 rs1000320 55046380 4 -0.00998791260095282 55017508 55159164 141656
19 2 rs8108922 691025 2 0.00981565038141933 682010 765568 83558
19 204 rs260428 58736625 3 0.00959120588205681 58547449 58808709 261260
19 87 rs16999232 22797775 7 0.00954286225295694 22767819 23408129 640310
19 160 rs2691273 51596136 2 0.00943920983070853 51561023 51628529 67506
19 197 rs4801177 57089050 6 0.0094253637381752 56949967 57126728 176761
19 78 rs10407076 17920758 4 -0.00921564858426454 17827257 17927041 99784
19 203 rs2375145 58401342 18 0.00889983460651201 57955244 58518534 563290
19 189 rs10425596 55901099 5 -0.00879809782494983 55739515 55941508 201993
19 180 rs10420331 54469068 2 0.00856980675862702 54469068 54486773 17705
19 201 rs10403926 57588298 7 0.00855303845632078 57524031 57649962 125931
19 103 rs10411210 33532300 14 0.00845254123133866 33532300 33760339 228039
19 172 rs1045764 53611473 4 0.0084278157328532 53554075 53697937 143862
19 15 rs3786947 3114229 3 0.00818137441404165 3099982 3165895 65913
19 66 rs17230134 14910654 6 -0.00817423705303543 14910321 14997907 87586
19 80 rs3761041 18183917 12 0.00792912757454662 18180236 18454825 274589
19 11 rs4334421 2580057 2 0.0076176823852031 2580057 2668611 88554
19 95 rs12611074 30702788 5 0.00745986991257166 30625513 30806165 180652
19 196 rs4801699 56785231 2 0.00737307720441191 56765460 56879136 113676
19 28 rs2074983 5285570 3 0.00731125240524861 5285570 5359211 73641
19 59 rs4926244 13374913 6 0.00729309618189954 13374913 13563952 189039
19 45 rs3764570 8528277 5 0.00728320602064473 8367709 8579011 211302
19 50 rs2303100 9968434 9 0.00725011137986815 9395584 10017135 621551
19 170 rs7252166 53293834 1 0.00718842403177283 53278953 53293834 14881
19 76 rs2375636 17660608 5 -0.00644554747423534 17487620 17667970 180350
19 56 rs286300 11797308 9 0.00623390237951061 11687195 11931746 244551
19 150 rs113984787 49671207 8 0.00608437152340243 49571957 49899076 327119
19 152 rs35002951 50312801 5 0.0059960776659297 50271924 50563899 291975
19 166 rs6509628 52741712 8 0.00597104969364357 52660279 52742366 82087
19 102 rs8109698 33426362 22 0.00577835299550991 33001746 33468067 466321
19 139 rs8101445 46563653 6 0.00559571765256015 46513183 46743245 230062
19 165 rs4802866 52299675 11 0.0049525000536153 52246157 52618506 372349
19 134 rs3208856 45296806 7 0.00475867478479224 45296806 45333834 37028
19 128 rs4803630 43951083 2 -0.00471281412036141 43815568 43951083 135515
19 24 rs243354 4412713 9 0.00467090457129964 4353174 4538599 185425
19 27 rs2620816 5188319 5 -0.00459138448680394 4929473 5261506 332033
19 43 rs118050938 8182174 8 0.00439974032961917 8136398 8242511 106113
19 162 rs12985380 51861176 2 0.00434379295063604 51823015 51894738 71723
19 157 rs7255268 51431836 9 -0.00433842451926817 51361315 51446530 85215
19 64 rs8109493 14603932 3 0.00424844434669753 14494473 14652278 157805
19 153 rs667907 50785386 2 0.0039510014326908 50699504 50808749 109245
19 29 rs11667049 5421962 1 -0.00390353795473685 5393748 5464288 70540
19 138 rs6509238 46412255 3 -0.00379813230211909 46149886 46498827 348941
19 26 rs12979279 4764306 6 0.00366375794856087 4742465 4900684 158219
19 156 rs919276 51231068 13 -0.00364360010497382 51231068 51323676 92608
19 124 rs305959 41675162 3 -0.00353965408359154 41602470 41675162 72692
19 62 rs2242130 13993457 3 0.00344102109280668 13993457 14164629 171172
19 4 rs2072283 1116117 1 0.00335810308537883 1043748 1116117 72369
19 90 rs10402609 28949310 13 -0.00315588355352398 28948389 29404979 456590
19 57 rs3106727 12374905 10 0.00310140744347501 12014274 12486228 471954
19 117 rs11881082 39029201 7 -0.0030652245574739 38996990 39537895 540905
19 70 rs2241400 16240727 3 -0.00274427392274053 16116583 16245267 128684
19 94 rs1560188 30198465 4 -0.00272223237420653 30164574 30566056 401482
19 122 rs814528 41014922 2 -0.0026350361772784 41012190 41141434 129244
19 86 rs2435029 22062158 1 -0.00262399773035177 22062158 22729318 667160
19 151 rs12609870 50229644 8 0.00261614717038016 49948612 50249905 301293
19 174 rs8104523 53829121 3 0.00259433183214412 53818436 53932295 113859
19 83 rs12460082 20061057 7 -0.00252381701617606 19887578 20488698 601120
19 187 rs1654644 55373362 5 -0.00239225416982747 55373362 55447595 74233
19 77 rs12981221 17775385 1 -0.00234409146268365 17768818 17802817 33999
19 25 rs2109069 4719443 6 -0.00228950324467773 4590877 4735663 144786
19 14 rs367825 3063409 1 0.00228288286013026 3030118 3063409 33291
19 130 rs395760 44214193 2 0.00225263250180705 44172188 44260572 88384
19 7 rs4426464 1765297 2 0.00224931702013061 1744203 1773999 29796
19 72 rs10411344 16520403 5 0.00224183733667184 16520403 16797415 277012
19 194 rs16987032 56689214 2 0.00224114435107624 56583306 56689214 105908
19 54 rs322151 11417200 15 -0.00218903484539982 11222300 11417200 194900
19 140 rs61755707 46823803 3 -0.00218348164557215 46797830 46906997 109167
19 33 rs7253395 6401588 2 0.00201842952513429 6325659 6468907 143248
19 40 rs78214445 7584483 5 0.00197731239532732 7448832 7624391 175559
19 48 rs4804394 9119242 2 -0.00191897885422309 9119242 9237542 118300
19 191 rs908668 56134038 3 -0.0019095428290713 56134038 56332628 198590
19 98 rs4805644 31635312 4 0.00186318596686402 31401756 31724380 322624
19 16 rs4807425 3229224 1 -0.0018343308832661 3211221 3256521 45300
19 199 rs8100664 57396250 3 -0.00178943823543095 57396250 57419586 23336
19 176 rs4803150 54109807 1 -0.00160535349829164 54107677 54111610 3933
19 132 rs17800760 45013959 7 0.0015008419801371001 44892168 45029208 137040
19 6 rs1875960 1537467 1 0.00148787827428212 1537467 1630341 92874
19 177 rs7254177 54206688 2 0.00147559042223322 54167270 54222824 55554
19 81 rs10330 19017862 1 0.00140055921363289 18707048 19017862 310814
19 34 rs422981 6556778 3 0.00134778716376015 6520490 6588267 67777
19 163 rs36489 51954094 5 -0.00134544989525025 51907788 51989254 81466
19 36 rs7258236 6760974 4 -0.00133223188133683 6751293 6788907 37614
19 129 rs2302524 44156472 3 0.00127968325482137 43967147 44156472 189325
19 5 rs3786978 1413574 2 -0.00114360985494337 1370526 1413574 43048
19 186 rs4436877 55216162 2 0.00109325399382842 55216162 55216950 788
19 51 rs3745582 10077158 4 -0.00106916957240212 10050184 10160578 110394
19 192 rs441827 56369189 2 9.6102709316018e-4 56369189 56393051 23862
19 105 rs8110889 34177770 1 -9.517118341952518e-4 34138945 34177770 38825
19 155 rs11665738 51148581 1 -8.02941561242446e-4 51073579 51159571 85992
19 173 rs3960965 53789383 6 -7.541536855068627e-4 53705554 53793574 88020
19 61 rs1044747 13885024 1 -7.492641809097693e-4 13772030 13951830 179800
19 49 rs10408761 9349367 2 -7.281242191596675e-4 9289039 9362799 73760
19 200 rs1433105 57461103 2 5.434281570406289e-4 57433407 57485951 52544
19 141 rs3745788 46994833 8 5.404734912980002e-4 46914927 47104226 189299
19 136 rs7255060 45604163 1 -5.273259776214597e-4 45589595 45604163 14568
19 60 rs1363347 13623549 2 -5.02541265583751e-4 13581369 13705296 123927
19 110 rs1688005 35648365 1 -4.3327337964601e-4 35615995 35648365 32370
19 84 rs8103146 20790726 1 -4.099557832056521e-4 20731545 20892999 161454
19 32 rs4807854 6258557 1 4.08428475518548e-4 6205825 6306971 101146
19 158 rs2569522 51455389 1 3.625362314101075e-4 51455389 51455389 0
19 159 rs1474520 51530693 2 3.4809532404524315e-4 51491599 51546642 55043
19 38 rs6510937 6994987 3 3.458259729151583e-4 6984708 7114213 129505
19 147 rs16981988 48821757 10 3.391162644179706e-4 48715269 48968312 253043
19 183 rs7256494 54849481 1 -3.3387153891862014e-4 54849481 54914134 64653
19 93 rs16963085 30095911 1 2.7388002439479185e-4 30056335 30137035 80700
19 100 rs7249035 32449841 8 -2.392029200593403e-4 32183171 32501502 318331
19 149 rs11541192 49377424 5 2.217307809480647e-4 49294862 49447713 152851
19 142 rs425105 47208481 6 2.0658107867207575e-4 47207654 47455315 247661
19 0 rs2166359 342617 1 -1.8927580322674904e-4 301619 376382 74763
19 30 rs797544 5479522 4 1.508198389208373e-4 5479522 5663920 184398
19 1 rs4919908 508626 1 9.728496070266109e-5 508626 508626 0
19 35 rs344542 6687517 1 -5.231060608904449e-5 6617161 6697406 80245
19 179 rs217541 54443866 1 3.851506052152108e-5 54390121 54443866 53745
19 107 rs2159328 34439135 5 3.7363223011336504e-5 34439135 34610341 171206
19 126 rs9621 42231159 4 -2.875789447337766e-5 42147477 42863035 715558
