CHR Group SNP.lead BP.lead Size W BP.min BP.max BP.width
21 38 rs2834109 34521087 8 0.06646049133405812 34515010 34716789 201779
21 64 rs7283760 45640629 16 0.03412883097132131 44859686 45670770 811084
21 29 rs2831503 29481474 12 0.03296423547034664 29305612 29912452 606840
21 30 rs2832310 30768350 21 0.02741584711375126 30004254 31181420 1177166
21 33 rs762194 32493031 12 0.0228945744016113 32294481 32759208 464727
21 43 rs11700641 37061365 28 -0.02236941357489087 36892781 37987916 1095135
21 57 rs2280807 42821265 7 0.0220208165039331 42581448 42862936 281488
21 31 rs565489 31523734 13 0.02060353990328727 31197963 31719836 521873
21 47 rs2836074 39346333 14 0.01882331992582347 39332384 39797764 465380
21 51 rs447480 41221971 11 0.0183385129420735 41136712 41344489 207777
21 14 rs2826185 21708991 13 -0.01807369313593967 20986798 21742922 756124
21 5 rs453644 17743767 7 0.0178047678325357 17743767 17826260 82493
21 23 rs7281937 26021230 13 0.01733445172353649 25912293 26489237 576944
21 40 rs2834585 36064321 11 0.01699722676159179 35757915 36184939 427024
21 68 rs4819138 47061267 9 0.01620716390615821 46841398 47489546 648148
21 6 rs2824098 18235587 11 0.01445783015595489 18040023 18457828 417805
21 67 rs8129133 46454237 10 0.01380680951459716 46454237 46817380 363143
21 3 rs2823188 16629033 6 -0.01236701391712631 16520878 16939662 418784
21 20 rs12483180 24720653 22 0.0116791954531234 24185967 25075551 889584
21 18 rs2827079 23196432 10 0.01155987699547971 22888198 23358505 470307
21 22 rs1119268 25798660 11 0.01154158799582518 25370697 25896423 525726
21 24 rs17001080 26908384 20 0.01013682133109023 26514597 27775118 1260521
21 58 rs9917486 43102097 4 0.01009630001687099 42872751 43107623 234872
21 13 rs1012197 20676645 6 -0.00999416681370995 20410051 20955904 545853
21 37 rs10427540 34374530 10 0.00992751443138249 33998027 34506306 508279
21 59 rs220229 43448797 7 0.00917152718666399 43161357 43453662 292305
21 12 rs2825011 20078424 10 0.00888981225886617 19957829 20402382 444553
21 27 rs914130 28574546 5 -0.00882911697526764 28419053 28590051 170998
21 26 rs11702216 28165330 13 0.00876753319233672 27891664 28375935 484271
21 52 rs2142123 41418208 4 0.00845351608741736 41354868 41527915 173047
21 56 rs13050861 42485808 4 -0.00818322684717127 42343159 42532075 188916
21 17 rs7509723 22403814 6 0.00759710517902754 22403814 22868864 465050
21 66 rs2838677 46189767 4 -0.00720561873823349 46189767 46344426 154659
21 1 rs1292747 16115679 13 0.00671261835163381 15844481 16189981 345500
21 46 rs9983351 39176328 5 0.0065702128970277 39096903 39268012 171109
21 32 rs9636832 31763618 4 -0.00567117749442331 31763618 32272902 509284
21 36 rs16989559 33974322 9 -0.0050184408993615 33548880 33974322 425442
21 53 rs16999738 41780398 8 0.00493525742713913 41540088 41910637 370549
21 55 rs10222193 42324388 3 0.0045472240607623 42204137 42324388 120251
21 16 rs1009164 22217613 8 0.00454581580556915 22089964 22362499 272535
21 63 rs496300 44779680 4 0.00438644051277469 44604272 44788262 183990
21 35 rs12165267 33364621 2 0.0041151541150664 33285149 33523381 238232
21 42 rs2008256 36583687 6 0.00340376357858066 36433963 36873163 439200
21 62 rs2138327 44085955 20 0.0027559862572104 44039013 44519655 480642
21 8 rs728015 19046753 5 -0.00266067489371661 18832365 19073355 240990
21 48 rs17194186 39967076 4 0.0026558973156123 39838825 40103951 265126
21 69 rs7277175 47841941 9 -0.00248066437265589 47501261 48029698 528437
21 45 rs7276515 38703319 12 -0.00235291640793553 38185881 39083309 897428
21 9 rs2824483 19139775 2 0.00208036379845466 19139775 19403222 263447
21 28 rs2831040 29022265 7 -0.00190467185231003 28649659 29213323 563664
21 39 rs9978223 34770358 11 -0.00173402982397783 34770358 35716371 946013
21 2 rs975336 16451845 2 0.00154195512950851 16229925 16451845 221920
21 10 rs2824671 19535979 6 -9.211017538856672e-4 19433441 19574901 141460
21 0 rs10482852 15691984 4 -8.098717322548214e-4 15215814 15790187 574373
21 34 rs2833420 32848102 1 -7.653420484148279e-4 32832384 33249294 416910
21 44 rs2850092 38014612 5 -6.149462088295907e-4 38009239 38147602 138363
21 60 rs220179 43560033 16 5.954399792335897e-4 43466047 43803167 337120
21 7 rs2824292 18787176 1 -5.528005228819888e-4 18471041 18814568 343527
21 50 rs12233347 41084811 16 4.5082726412295354e-4 40485574 41092950 607376
21 65 rs2838659 46128238 6 -4.489829439403856e-4 45746102 46158738 412636
21 61 rs2254368 43862466 6 4.1611287583532327e-4 43810084 44022793 212709
21 41 rs2834737 36396167 2 2.2904792432789484e-4 36218264 36396167 177903
21 15 rs2155889 21889841 6 -1.9195781598480217e-4 21793691 22065557 271866
21 21 rs11910832 25130153 2 1.8787552414561233e-4 25095694 25328443 232749
21 4 rs2823748 17675675 3 -1.3333878770111637e-4 17023498 17675675 652177
21 49 rs8128155 40289113 16 1.232011334150046e-4 40157281 40469520 312239
21 19 rs725745 23841677 6 8.132304711622141e-5 23370523 23990758 620235
21 54 rs461728 41956126 7 -6.11290556709462e-5 41917406 42168325 250919
