CHR Group SNP.lead BP.lead Size W BP.min BP.max BP.width
22 49 rs12627970 39721745 14 0.2142209697355297 39594740 40083730 488990
22 50 rs9607852 42258272 45 0.1293922455344989 40169926 42867898 2697972
22 76 rs140522 50971266 19 0.06590056585945675 50435480 51104680 669200
22 32 rs1002189 30771458 19 0.05947218512241715 30658722 31290637 631915
22 45 rs2284033 37534034 14 0.05710408793206849 37367928 37673781 305853
22 9 rs7291930 20876509 2 0.04976787049945892 20753615 20903410 149795
22 11 rs1210606 21452237 7 0.03993391987767777 21352181 21460220 108039
22 7 rs2531708 20017445 21 0.03778528193992964 19766782 20189202 422420
22 31 rs2857651 30075052 27 0.03686789800006276 28288136 30597810 2309674
22 5 rs5748167 19370586 17 0.033419278222163173 18901004 19594436 693432
22 17 rs1041749 24846391 13 0.03109735603718519 24460593 24991895 531302
22 53 rs2267597 44427612 16 0.02904913104903963 43950853 44466550 515697
22 21 rs8139900 26394724 6 0.0259815821067174 26283020 26438495 155475
22 64 rs4476 47440669 8 0.0250091677761953 47108189 47573257 465068
22 63 rs13057352 47095235 3 0.02447701517042218 46919541 47103512 183971
22 40 rs4820201 35970204 5 0.02253077985994045 35899384 36130577 231193
22 25 rs2157465 27381346 2 -0.02115089596731557 27301137 27381346 80209
22 60 rs6006756 45884487 9 0.02110698206034304 45680473 45937149 256676
22 15 rs5759742 23700907 3 0.02071023876159843 23700907 23854860 153953
22 16 rs7287310 24047092 13 0.020429821356871 23922983 24270777 347794
22 1 rs2231495 17669306 4 -0.01908974321617493 17589209 17724093 134884
22 3 rs439231 18319179 13 0.01877166720726726 17990852 18486017 495165
22 70 rs12163450 49214863 11 0.01816344471809363 49027446 49228507 201061
22 38 rs204276 34744069 6 0.01777330947988819 34537450 34940942 403492
22 13 rs16985150 22525600 6 -0.01769402097314121 22418813 22584809 165996
22 46 rs5750446 37902926 9 0.01581575843599086 37699377 37958268 258891
22 72 rs11703376 49678713 8 0.0140640490116102 49559242 49685455 126213
22 20 rs739281 26277148 8 0.01267315833285754 25872592 26278427 405835
22 12 rs181362 21932068 9 0.01159449744137705 21806401 22355496 549095
22 36 rs16992276 33801983 10 0.01159015800539891 33523109 33893601 370492
22 47 rs5757166 38995385 11 0.01145910785195319 37982012 39300936 1318924
22 27 rs9620665 27557030 11 0.0098512740376782 27533998 27668370 134372
22 23 rs5752327 26844070 20 0.00934201457456637 26794102 27141605 347503
22 18 rs139762 25307571 9 0.00881274373147433 25079925 25388318 308393
22 28 rs136923 27785809 9 0.00871131821485118 27689956 27785809 95853
22 61 rs739215 45967526 5 -0.00861052948638706 45967526 46255004 287478
22 65 rs2027855 47837513 9 -0.00705065546550886 47604571 47910705 306134
22 75 rs6009845 50117191 2 -0.00669402241116058 49932138 50319170 387032
22 26 rs760529 27485345 9 0.00642601104463088 27410749 27508858 98109
22 24 rs13054025 27222059 6 0.00636456172161961 27167348 27273238 105890
22 29 rs8136304 27917070 7 0.00627602028891466 27802721 27935369 132648
22 69 rs8136255 48832904 6 -0.00582760695268667 48766791 48958927 192136
22 14 rs9624019 23407301 8 0.00573384709483587 23250737 23644794 394057
22 71 rs6009503 49532043 16 0.00572813817814912 49316305 49532043 215738
22 0 rs11703655 17450952 4 0.00551202071423829 17075353 17492452 417099
22 55 rs133795 44842354 10 -0.00529352697095177 44737646 44881837 144191
22 74 rs12158315 49874136 4 -0.00511831420676821 49803587 49924929 121342
22 62 rs910923 46487902 4 0.00498236894115567 46487902 46900462 412560
22 56 rs965027 45005361 6 -0.00464339537682847 44898190 45057826 159636
22 59 rs9626655 45612551 8 0.00398749747282506 45465068 45665663 200595
22 58 rs132011 45421536 9 0.00348707370896576 45180554 45435202 254648
22 51 rs4988386 43514886 19 -0.00344351092343353 42876604 43559137 682533
22 66 rs10460765 47944748 7 0.00343098922637637 47940908 48269511 328603
22 54 rs5764558 44544028 3 0.00313692571309597 44503633 44695088 191455
22 10 rs2072517 21115244 4 0.00297180264491941 20993328 21339751 346423
22 39 rs61735502 35481493 14 -0.00295185059300006 35033249 35818398 785149
22 44 rs4821540 37241788 10 0.00286681500392076 37197530 37333804 136274
22 37 rs240073 34086494 8 0.00241141953787319 33941163 34474560 533397
22 73 rs5770391 49790713 3 0.00231330459438082 49722925 49796800 73875
22 52 rs11704418 43705678 6 -0.0022457906642514 43577048 43857328 280280
22 4 rs5992185 18633978 1 0.00222459658552139 18504801 18640300 135499
22 33 rs5994466 32518130 15 -0.0019390421070688 31487701 32655284 1167583
22 43 rs2267341 36976975 4 -0.00191275158132326 36965284 37170915 205631
22 22 rs2226691 26789849 10 0.00153508669533613 26485668 26789849 304181
22 41 rs80584 36555794 7 0.00143638325808124 36259560 36623920 364360
22 48 rs4820369 39529133 5 -0.00128910414980693 39320828 39552597 231769
22 67 rs4499 48646288 9 0.00113434898935497 48284514 48646288 361774
22 6 rs5748391 19659099 2 9.2373455303505e-4 19609943 19678655 68712
22 2 rs4819996 17790731 3 7.626934994325198e-4 17790731 17946202 155471
22 19 rs5760863 25510459 4 7.215266401796963e-4 25473134 25640628 167494
22 8 rs2280117 20306993 1 -6.864295032927448e-4 20306993 20306993 0
22 35 rs743762 32959350 20 -6.672266979225704e-4 32959350 33502167 542817
22 42 rs139933 36845207 6 6.617271607018242e-4 36652931 36941065 288134
22 34 rs762909 32930568 10 5.579216542553056e-4 32706904 32939719 232815
22 68 rs11090830 48726996 2 -5.145374186514838e-4 48666450 48726996 60546
22 30 rs5762311 28090207 8 2.1380868142433732e-4 27962517 28160972 198455
