CHR Group SNP.lead BP.lead Size W BP.min BP.max BP.width
22 231 rs12627970 39721745 7 0.13445846339373194 39659773 39721745 61972
22 142 rs1002189 30771458 9 0.05996638385231367 30658722 30796422 137700
22 233 rs2294360 39897792 5 0.05589397471009623 39897792 39989216 91424
22 40 rs7291930 20876509 3 0.05101627219338891 20753615 20903410 149795
22 207 rs2284033 37534034 5 0.03523462608468119 37506680 37535471 28791
22 240 rs9607852 42258272 7 0.03444986449379922 41961831 42282012 320181
22 241 rs5996130 42612297 4 0.03334182785785344 42338152 42685537 347385
22 72 rs1041749 24846391 4 0.03113103243961925 24755025 24946924 191899
22 120 rs550260 27575542 6 -0.02816897707685878 27557030 27613318 56288
22 27 rs5748167 19370586 4 0.02795657649505892 19154522 19505531 351009
22 47 rs1210606 21452237 4 0.02624213408818981 21423908 21452237 28329
22 305 rs13057352 47095235 4 0.02537581250555613 47021203 47103512 82309
22 36 rs2531708 20017445 8 0.02525815947550148 19956781 20020229 63448
22 259 rs2267597 44427612 1 0.02342971680273389 44424108 44435552 11444
22 237 rs6001931 40877514 5 0.02334404819803745 40729614 41075543 345929
22 200 rs2283994 37016614 2 -0.02205793317260034 37013694 37027680 13986
22 369 rs140522 50971266 3 0.02157704410291323 50937445 50971752 34307
22 17 rs439231 18319179 4 0.02123577053302345 18286672 18319179 32507
22 137 rs4823003 29410232 9 0.02046493941176902 29100711 29454477 353766
22 177 rs204276 34744069 4 0.0194934940617662 34646980 34799261 152281
22 368 rs11555194 50876662 9 0.01915714907942697 50814075 50910875 96800
22 225 rs132513 39291626 4 -0.01897217134773863 39163856 39300936 137080
22 102 rs5752327 26844070 7 0.01850348111365548 26794102 26909750 115648
22 104 rs4822763 27060641 10 -0.01773420606449534 26981039 27110259 129220
22 218 rs143910997 38321806 3 -0.01770044555508874 38093169 38447444 354275
22 370 rs131749 51024624 7 0.01636676466505639 50990669 51072161 81492
22 62 rs2330452 23754578 2 0.01571393450981983 23752398 23754578 2180
22 290 rs6006756 45884487 2 0.01567071110497702 45864459 45892433 27974
22 88 rs739281 26277148 1 0.01557422181886039 26227767 26278427 50660
22 94 rs134703 26500417 4 -0.01541631331930661 26485668 26507645 21977
22 213 rs4821653 37771985 2 0.01528641427900666 37728491 37771985 43494
22 28 rs2157727 19565395 3 0.01528201524096348 19534856 19594436 59580
22 344 rs12158344 49214032 3 0.01520338504230304 49212730 49228507 15777
22 122 rs932299 27661009 4 -0.01513121247433234 27657507 27668370 10863
22 37 rs9606241 20075858 7 0.01493426144565303 20037315 20100596 63281
22 328 rs5768412 48567467 2 -0.01459677803299266 48546285 48569604 23319
22 243 rs733278 42811919 5 0.01428493356462618 42776276 42867898 91622
22 337 rs5771758 49028180 3 -0.01424941565268329 49027446 49033984 6538
22 239 rs4822024 41757647 9 0.0140116973364605 41418154 41799106 380952
22 31 rs1015939 19678655 4 -0.01390744542773584 19643245 19678655 35410
22 232 rs5757670 39829736 2 0.01369298494929008 39781585 39829736 48151
22 353 rs11703376 49678713 1 0.01335543322315718 49671776 49685455 13679
22 61 rs5759742 23700907 2 0.0130557589873781 23700907 23700907 0
22 150 rs9606916 32567306 2 -0.01257721519222638 32554997 32592390 37393
22 126 rs136923 27785809 2 0.01253502674523095 27779122 27785809 6687
22 308 rs4476 47440669 3 0.01252713651060024 47302584 47440669 138085
22 149 rs5994466 32518130 5 0.01228199348849499 32355455 32533584 178129
22 131 rs9613477 27989890 3 -0.01226118422967803 27988228 27989890 1662
22 148 rs16989291 31971282 10 0.01199380946031512 31543260 32324140 780880
22 109 rs13054025 27222059 2 0.01184975340962217 27222059 27222286 227
22 321 rs761917 48258293 3 -0.01184418281926215 48222045 48269511 47466
22 270 rs135938 44812036 1 -0.01182721131686312 44812036 44812036 0
22 338 rs8142256 49050435 5 -0.01167955943122526 49050435 49074301 23866
22 129 rs8136304 27917070 3 0.01143976222311945 27905428 27935369 29941
22 50 rs4821112 21964761 3 0.01129932352536143 21917190 21982892 65702
22 194 rs6000197 36603294 1 -0.01119984229120767 36602779 36623920 21141
22 341 rs13056461 49155087 3 0.01051694091010978 49154931 49175009 20078
22 202 rs4821540 37241788 1 0.01047600548325937 37197530 37241788 44258
22 92 rs8139900 26394724 3 0.01022320603369383 26394724 26415475 20751
22 153 rs5753991 32738182 4 0.01001802961749281 32729530 32823071 93541
22 79 rs139762 25307571 2 0.0098359474026479 25307571 25320371 12800
22 18 rs1072405 18406068 4 0.00964779180521929 18350514 18486017 135503
22 234 rs136858 40065322 5 -0.00953923533226071 40065322 40083730 18408
22 334 rs2032489 48843478 2 -0.00920354871145766 48838815 48897881 59066
22 212 rs2284051 37710569 1 0.00900477655663091 37699377 37710569 11192
22 117 rs760529 27485345 3 0.00881497353818696 27438631 27485959 47328
22 130 rs723184 27962517 3 -0.00871244929861393 27962517 27974819 12302
22 335 rs6007873 48906295 4 -0.00868205440111749 48906295 48918829 12534
22 307 rs974226 47230348 2 0.00867220497363982 47138659 47230348 91689
22 197 rs6000262 36770038 4 -0.00831467910903223 36770038 36900806 130768
22 215 rs8140025 37910395 3 0.00827886717667845 37843239 37929759 86520
22 289 rs6006753 45846472 4 -0.00781870526890863 45693828 45846472 152644
22 138 rs132372 29604561 1 0.00779914111514779 29498118 29604561 106443
22 140 rs2857651 30075052 2 0.00770956885709291 29840180 30079213 239033
22 185 rs11704301 35711543 2 0.00763974896964018 35544775 35733654 188879
22 186 rs743811 35792974 2 0.00752675857434219 35792974 35818398 25424
22 154 rs6518779 32847116 4 -0.00737400654802295 32831809 32849712 17903
22 224 rs5757166 38995385 3 0.00736088134605283 38995385 39138332 142947
22 145 rs4820902 31165724 11 -0.00714061368372406 31070493 31261107 190614
22 4 rs917838 17492452 2 -0.00701424336857488 17492452 17492452 0
22 166 rs16992276 33801983 3 0.00666519843278391 33771672 33801983 30311
22 147 rs5753469 31526811 2 -0.0065766050228817 31487701 31533967 46266
22 246 rs738533 43172308 4 0.00647829770479899 43162952 43179166 16214
22 136 rs2143180 28298336 3 0.00647448104351661 28288136 28923317 635181
22 348 rs6009424 49473747 4 0.0064027151258317 49450131 49486490 36359
22 262 rs5764558 44544028 2 0.00639428978002499 44530420 44544028 13608
22 55 rs10483109 22537581 5 0.00632974063601501 22504946 22548831 43885
22 206 rs5756471 37404249 4 0.00617039909901638 37367928 37470224 102296
22 283 rs1005617 45421242 3 -0.00610593647219357 45421242 45435202 13960
22 90 rs9613049 26345603 2 0.0061044773472047 26330370 26346108 15738
22 65 rs140174 23922983 1 0.0060370977125155 23922983 23922983 0
22 282 rs961500 45339110 2 -0.00600666685317886 45333182 45409136 75954
22 296 rs910923 46487902 1 0.00587019027251164 46487902 46487902 0
22 256 rs739231 44282276 7 -0.00582400116587058 43950853 44286950 336097
22 193 rs132736 36598058 1 -0.00549760217792958 36583084 36598058 14974
22 317 rs10460765 47944748 1 0.00530659649339527 47940908 47944748 3840
22 360 rs12159805 49874509 2 -0.00530638024548477 49874136 49900158 26022
22 210 rs5995396 37586000 3 0.00524466863860038 37570845 37611807 40962
22 340 rs130129 49096694 1 0.00523624590287468 49096694 49128427 31733
22 71 rs17854874 24468386 6 0.00515834358311875 24460593 24639069 178476
22 172 rs3819670 34226660 8 -0.00509298945126672 34133758 34260738 126980
22 211 rs8139798 37660255 3 0.00504506571907868 37618637 37673781 55144
22 95 rs134760 26573345 2 -0.00494635896969566 26565156 26597805 32649
22 14 rs174330 18009909 1 0.00475821859413157 17990852 18021760 30908
22 101 rs2226691 26789849 1 0.00474138733929815 26758375 26789849 31474
22 155 rs7292178 32859619 1 0.00459672912412489 32859619 32882121 22502
22 329 rs4499 48646288 2 -0.00442846660344592 48603295 48646288 42993
22 242 rs9620039 42738766 2 0.00436808487470251 42698800 42742451 43651
22 245 rs12166331 43121426 3 0.00435205412073636 43061482 43122720 61238
22 146 rs11089481 31288769 1 -0.00421731169550276 31288769 31290637 1868
22 91 rs9306419 26369358 2 0.00414084743871124 26369358 26369358 0
22 121 rs498789 27627416 2 -0.00405510259927833 27622907 27627416 4509
22 181 rs137269 35167444 2 -0.0040332664616866 35157380 35337195 179815
22 26 rs4819778 19134083 2 -0.00395866389706669 19133605 19135603 1998
22 49 rs460106 21806401 1 0.00395714829640843 21806401 21809185 2784
22 105 rs6005150 27122480 1 0.00394161853835719 27122480 27141605 19125
22 59 rs9624019 23407301 1 0.00385786176077882 23407301 23569063 161762
22 216 rs2235336 37958268 2 0.0038245973581742 37943299 37958268 14969
22 286 rs1125398 45589490 3 -0.00379975864166517 45589490 45648846 59356
22 110 rs136504 27236439 2 -0.00371622917942205 27227219 27273238 46019
22 313 rs6008118 47683805 1 -0.00370133686508947 47683805 47688003 4198
22 169 rs240590 34021876 2 -0.00369740683804079 33984394 34061215 76821
22 221 rs6001064 38638071 2 0.00367841186659308 38628306 38678387 50081
22 135 rs3819658 28160074 1 -0.00367058794157875 28160074 28160972 898
22 67 rs6003847 24047657 10 0.0036357209467738 23971028 24096783 125755
22 258 rs738491 44354111 4 0.00362355354537482 44322970 44395451 72481
22 188 rs13054394 35950648 1 0.00359518284466612 35922604 35952603 29999
22 253 rs11704418 43705678 2 0.0035724198575207 43685657 43705678 20021
22 352 rs8140508 49610259 5 -0.00347606526683896 49593847 49623181 29334
22 75 rs7287595 25208398 1 0.00345050532075051 25158445 25208398 49953
22 35 rs165631 19951816 3 0.00344976616946445 19928022 19951816 23794
22 3 rs11703655 17450952 2 0.00344887393853184 17414640 17450952 36312
22 157 rs1962222 32971900 3 0.00339644378225511 32959350 32971900 12550
22 139 rs13056977 29710360 6 -0.00309367742406271 29630337 29791234 160897
22 77 rs56123612 25251372 4 0.00305123928912667 25238729 25284829 46100
22 189 rs4820201 35970204 5 -0.00283679354490922 35970204 36041650 71446
22 87 rs5996973 26185235 3 -0.00254008877567621 26173661 26222454 48793
22 46 rs2072550 21386019 1 0.00252291332250178 21381646 21386019 4373
22 171 rs17806754 34087553 4 -0.00251929188730975 34083987 34108174 24187
22 294 rs3788673 45994189 1 0.00248571639325455 45988571 46038908 50337
22 23 rs5992185 18633978 1 0.00247952926227209 18633978 18640300 6322
22 347 rs5769373 49411595 3 0.0024710269123364 49405594 49434131 28537
22 229 rs139316 39499763 1 -0.0024693303659909 39497452 39552597 55145
22 204 rs5750326 37276285 3 0.00246671857638311 37268555 37310046 41491
22 292 rs136753 45936121 5 -0.00246325386635058 45926585 45937149 10564
22 248 rs8141749 43483242 4 0.00243787366428976 43430077 43483242 53165
22 226 rs5757387 39333340 1 0.002394457050465 39320828 39355109 34281
22 112 rs5761863 27348456 2 0.00236895161884967 27331206 27348456 17250
22 114 rs6005266 27410749 1 0.00232232590480623 27410749 27413509 2760
22 45 rs398577 21362849 1 -0.00224948808760711 21352181 21362849 10668
22 165 rs5998876 33729763 5 -0.00221493615722783 33728035 33743341 15306
22 98 rs3788378 26715923 3 0.00219700560300019 26702015 26716432 14417
22 371 rs9616906 51104680 2 -0.00214645255534898 51104680 51104680 0
22 124 rs507070 27700919 4 -0.00209002537672393 27700318 27729548 29230
22 349 rs135230 49513663 2 0.00204014012143517 49505948 49514337 8389
22 113 rs2157465 27381346 1 -0.00199579601001689 27381346 27381346 0
22 118 rs4822859 27508858 2 0.0019947988092977 27497704 27508858 11154
22 285 rs9306489 45525484 2 0.00195201581845617 45518890 45568986 50096
22 309 rs86559 47454664 3 0.00190466040903587 47454664 47489470 34806
22 82 rs4820621 25608548 3 0.00190146730556128 25608548 25620142 11594
22 103 rs9608498 26945288 2 0.00189419899803909 26916722 26960789 44067
22 190 rs2073198 36123313 1 -0.00183974259128074 36074596 36130577 55981
22 160 rs9606990 33140654 1 -0.00173299762187942 33116109 33142908 26799
22 162 rs9609653 33307066 6 -0.00164200483468529 33246032 33433761 187729
22 54 rs5750449 22418813 1 -0.00161496427071662 22418813 22457546 38733
22 288 rs2673087 45682975 1 -0.00157585923827979 45680473 45686090 5617
22 156 rs12628631 32939719 2 0.00157164678726535 32925170 32939719 14549
22 10 rs4819996 17790731 2 0.00147311084320975 17790731 17790731 0
22 252 rs5759250 43673800 1 0.00145350510222157 43655427 43673800 18373
22 250 rs148458324 43618695 1 0.001409207340704 43577048 43624305 47257
22 60 rs5751614 23593051 2 0.00139015756509179 23593051 23644794 51743
22 345 rs13058268 49338361 1 0.00133522499532251 49316305 49351767 35462
22 227 rs2142833 39392296 3 0.00131242558182159 39392296 39407399 15103
22 179 rs738968 34889097 3 0.00129473766976108 34880370 34940942 60572
22 25 rs2023634 18972450 1 -0.00128458316910626 18972450 19120959 148509
22 86 rs4822649 26163003 1 0.00124439401698074 26144760 26164413 19653
22 316 rs6008243 47910705 1 -0.00110988645157473 47862727 47910705 47978
22 330 rs133588 48666450 2 0.0010714931572215 48666450 48672302 5852
22 69 rs2330625 24207962 1 -0.0010670359380585 24192879 24207962 15083
22 303 rs5767244 46924254 1 0.00104130591863189 46919541 46924254 4713
22 180 rs5999506 35096084 2 -0.00103129786768806 35033249 35131487 98238
22 161 rs130301 33234199 5 -0.00101919532891476 33159636 33234931 75295
22 44 rs7292968 21335559 1 0.0010147785092972 21328568 21339751 11183
22 51 rs73166641 21998280 1 0.00100280412518134 21998280 22068740 70460
22 238 rs61756762 41257393 1 9.929587982852835e-4 41081561 41291730 210169
22 339 rs4925435 49085205 1 -9.880057116528117e-4 49085205 49085205 0
22 164 rs2213457 33568560 3 -9.479688459639862e-4 33523109 33637087 113978
22 168 rs3819662 33965497 1 -8.760106716790949e-4 33941163 33965497 24334
22 351 rs12170052 49571596 2 8.691974234903311e-4 49559242 49589243 30001
22 249 rs4988394 43516133 5 8.576769470990871e-4 43514886 43559137 44251
22 58 rs6003484 23379985 1 8.542430213327589e-4 23299769 23379985 80216
22 178 rs10427794 34851109 4 -8.516861983346345e-4 34811838 34859793 47955
22 281 rs4823418 45315232 1 8.294238249041385e-4 45303255 45320631 17376
22 356 rs5770391 49790713 2 8.235592509149912e-4 49784591 49796800 12209
22 314 rs131853 47763158 2 -7.949763000084074e-4 47711836 47763158 51322
22 30 rs5748371 19636858 1 -7.773446710585749e-4 19634330 19636858 2528
22 271 rs8135880 44834292 1 -7.693687601692252e-4 44828077 44881837 53760
22 22 rs9618203 18607872 2 -7.53083318840321e-4 18582650 18607872 25222
22 266 rs3935378 44695088 1 -7.418459664755962e-4 44695088 44695088 0
22 115 rs134932 27425365 1 7.415102613973597e-4 27425162 27425365 203
22 175 rs242885 34423169 2 -7.283591118769596e-4 34395171 34474560 79389
22 96 rs1207386 26650662 3 -7.077712294653336e-4 26650662 26670085 19423
22 280 rs5766113 45251423 1 6.943621033174766e-4 45225297 45255043 29746
22 52 rs5999264 22095920 2 6.703252066631285e-4 22082820 22329747 246927
22 269 rs7285004 44774700 1 6.667192216416118e-4 44769535 44788913 19378
22 125 rs7511351 27748742 3 -6.614943139348311e-4 27747270 27756300 9030
22 41 rs7290923 20999208 1 6.467296338797523e-4 20993328 20999208 5880
22 85 rs542162 25938025 1 -6.241175097834594e-4 25938025 26069727 131702
22 70 rs7293178 24248370 3 6.150690551388734e-4 24226890 24270777 43887
22 247 rs5758972 43232973 3 6.079963595289248e-4 43193641 43390319 196678
22 327 rs5768350 48494758 2 5.615730479359357e-4 48494758 48538763 44005
22 33 rs1053001 19833781 1 -5.572621115003454e-4 19814714 19849501 34787
22 42 rs2072517 21115244 3 5.524638217101091e-4 21004805 21115244 110439
22 1 rs5748648 17280822 4 -5.522133223390864e-4 17278762 17329601 50839
22 81 rs5752075 25572748 5 -5.458176920416807e-4 25473134 25572748 99614
22 20 rs458888 18533434 1 -5.385475940664924e-4 18533434 18539553 6119
22 264 rs139135 44583246 3 -5.216308997007958e-4 44583246 44646105 62859
22 295 rs136033 46255004 3 -4.989531956635958e-4 46154366 46255004 100638
22 275 rs965027 45005361 2 -4.860278232969641e-4 45003748 45012097 8349
22 306 rs9627540 47115825 2 -4.8076533219133533e-4 47108189 47115825 7636
22 254 rs5759305 43755827 1 4.6021971114446807e-4 43755827 43757691 1864
22 9 rs5747037 17724093 1 -4.481958049471206e-4 17724093 17724093 0
22 333 rs8136255 48832904 1 -4.473914160888864e-4 48816766 48832904 16138
22 192 rs80584 36555794 5 4.344362516305058e-4 36500899 36557550 56651
22 141 rs28635872 30297546 9 -4.2299187066675414e-4 30121285 30597810 476525
22 274 rs2349634 44973739 1 4.146385249215496e-4 44973739 44973739 0
22 323 rs12165477 48305427 1 4.08481990775346e-4 48295417 48343389 47972
22 143 rs8142204 30853082 1 4.073173850875282e-4 30850395 30953295 102900
22 29 rs1476445 19621011 1 3.48251606237488e-4 19609943 19623386 13443
22 84 rs760555 25872837 2 3.231639156340344e-4 25872592 25924444 51852
22 297 rs135551 46553021 1 -3.2079678037733874e-4 46553021 46553308 287
22 15 rs11538 18220831 1 -3.18061241906211e-4 18115392 18235305 119913
22 198 rs5756233 36935796 1 3.1753311682702353e-4 36923499 36941065 17566
22 144 rs4820891 31032309 1 -2.835463853163963e-4 30957832 31046587 88755
22 320 rs1003567 48161131 3 -2.793472666116793e-4 48062251 48184882 122631
22 127 rs79556 27814314 5 2.7723635922098004e-4 27802721 27818766 16045
22 5 rs879575 17589567 4 -2.5624984571269676e-4 17589209 17634050 44841
22 203 rs10854693 37252010 1 -2.411087781482384e-4 37251377 37252010 633
22 119 rs9608581 27533998 1 2.2821262181671383e-4 27533998 27548374 14376
22 220 rs6001027 38545619 1 2.227383424341592e-4 38509439 38569006 59567
22 176 rs5754910 34636072 1 2.20334882092293e-4 34537450 34640618 103168
22 261 rs6006486 44503633 1 2.0048717412339076e-4 44503633 44522312 18679
22 359 rs8138283 49841479 1 1.920251816798983e-4 49841479 49841479 0
22 223 rs9607537 38839485 1 -1.865950094549663e-4 38807144 38840221 33077
22 107 rs4822799 27191942 1 1.8099639020034117e-4 27189536 27191942 2406
22 159 rs13340089 33032041 2 1.7764896249144557e-4 33003307 33033048 29741
22 167 rs9609802 33846914 2 1.7009643298069064e-4 33826566 33893601 67035
22 73 rs4820599 24990213 1 1.6929866698344912e-4 24990213 24991895 1682
22 78 rs2877253 25290487 1 -1.6899166469493617e-4 25290487 25303941 13454
22 365 rs5771069 50435480 1 1.5847444467685122e-4 50435480 50482126 46646
22 366 rs6010164 50515270 2 -1.4279439238123266e-4 50492235 50599466 107231
22 362 rs135793 49946905 1 -1.3982425002863387e-4 49932138 50092148 160010
22 12 rs5746366 17890558 1 1.3798549422147833e-4 17890558 17903330 12772
22 21 rs5992985 18545634 1 1.32278253200495e-4 18545634 18549740 4106
22 128 rs5762167 27863694 2 -1.267505406906804e-4 27852183 27896011 43828
22 158 rs16990808 32994093 1 1.1783775343705542e-4 32980455 32995751 15296
22 357 rs5770418 49812076 2 -1.178327852838546e-4 49803587 49823224 19637
22 268 rs8138173 44760039 2 1.1561154012331508e-4 44760039 44763752 3713
22 287 rs6006973 45665663 1 1.143641484425231e-4 45665663 45665663 0
22 279 rs5766005 45180554 2 -1.0772624729162754e-4 45180554 45192660 12106
22 312 rs4823616 47625078 2 -1.0152319148055787e-4 47604571 47627231 22660
22 76 rs139633 25225879 1 -9.437359659826764e-5 25209724 25232065 22341
22 133 rs134099 28071675 1 9.162221549438212e-5 28044594 28129239 84645
22 97 rs909742 26683793 1 -5.136220714124392e-5 26681640 26688831 7191
22 235 rs6001679 40169926 2 5.009994796153323e-5 40169926 40363778 193852
22 38 rs175197 20165632 1 -4.796700499322568e-5 20165632 20189202 23570
22 195 rs136148 36652931 1 3.463176108039669e-5 36652931 36661842 8911
22 332 rs130811 48803912 1 -3.149673783868263e-5 48766791 48809362 42571
22 284 rs6006926 45475332 1 2.7176727472482456e-5 45465068 45475332 10264
22 293 rs739215 45967526 1 4.34941895751199e-6 45967526 45967526 0
22 57 rs2854096 23255525 2 -3.085171522356175e-6 23250737 23278593 27856
22 278 rs5765956 45150659 1 2.518090096251943e-6 45150659 45150659 0
