CHR Group SNP.lead BP.lead Size W BP.min BP.max BP.width
21 127 rs2834109 34521087 8 0.04098972371687508 34515010 34584544 69534
21 222 rs7283760 45640629 5 0.03974016994155405 45611950 45670770 58820
21 104 rs2832310 30768350 9 0.03054144746300599 30004254 30768350 764096
21 146 rs2835076 37043885 10 -0.02592710178270624 36892781 37301361 408580
21 194 rs2280807 42821265 3 0.02523123217664558 42756996 42862936 105940
21 109 rs565489 31523734 3 0.02422850073129751 31511924 31531438 19514
21 20 rs1449525 17762328 5 0.02121538008091365 17743767 17762328 18561
21 123 rs16989559 33974322 6 -0.02109901240911117 33782887 33974322 191435
21 24 rs2824098 18235587 6 0.01993317529825612 18228575 18347660 119085
21 63 rs2827079 23196432 9 0.01650250614292773 23140523 23264430 123907
21 163 rs2836447 39873981 3 -0.0156555569938956 39838825 39947747 108922
21 156 rs928723 38970666 10 -0.0152271381986281 38721309 39083309 362000
21 102 rs2831772 29772530 7 0.01509174008080539 29533040 29799861 266821
21 161 rs2211860 39552192 10 0.01493370301104543 39493232 39721888 228656
21 110 rs2832660 31593066 2 0.01363281565878092 31554936 31719836 164900
21 134 rs2834440 35690499 2 -0.01333796370960783 35631938 35716371 84433
21 114 rs762194 32493031 3 0.01326063105293274 32485200 32517961 32761
21 173 rs447480 41221971 6 0.0127693529841297 41136712 41254456 117744
21 128 rs9981243 34594878 4 0.01274501032169669 34594878 34640788 45910
21 238 rs2839315 47962186 5 0.01232419848915536 47614553 48029698 415145
21 80 rs2829535 26451776 9 0.01210942729780799 26119438 26453241 333803
21 131 rs9978194 35254293 2 -0.01209564017338207 35227484 35254293 26809
21 101 rs2831503 29481474 2 0.01189085127300327 29449806 29485359 35553
21 202 rs220229 43448797 1 0.01125501293525199 43448797 43453662 4865
21 160 rs2836074 39346333 2 0.01065731130951893 39332384 39440942 108558
21 59 rs7509723 22403814 2 0.01040373236685331 22403814 22479797 75983
21 165 rs992244 40252150 9 0.00998985322290214 40157281 40261157 103876
21 133 rs4817616 35444498 2 -0.00961713693868105 35444498 35551600 107102
21 79 rs7281937 26021230 3 0.00955863050314439 25971850 26058246 86396
21 89 rs222935 27899198 1 -0.00942887270861878 27891664 27911452 19788
21 19 rs2823748 17675675 1 0.00912967291402859 17667779 17675675 7896
21 234 rs2838965 47021784 5 -0.00907981816936599 46982335 47021784 39449
21 147 rs2835272 37452919 13 -0.00902553397945873 37312721 37579423 266702
21 235 rs4819138 47061267 3 -0.00859951575645035 47061267 47383056 321789
21 125 rs10427540 34374530 1 0.00792755788198803 34374072 34375854 1782
21 7 rs1292747 16115679 4 0.00791444867065734 16077016 16128671 51655
21 70 rs12483180 24720653 5 0.00790226763747857 24696982 24790421 93439
21 154 rs2277784 38380225 2 0.00767792347151779 38185881 38429389 243508
21 178 rs2142123 41418208 4 0.00756074999550146 41400858 41527915 127057
21 75 rs2828789 25441375 3 -0.00754665375405929 25370697 25503128 132431
21 68 rs198088 24407851 8 0.00733433320167256 24185967 24475368 289401
21 58 rs1009164 22217613 4 0.00728865689658844 22217613 22362499 144886
21 143 rs2008256 36583687 3 0.00701511123812065 36530416 36683519 153103
21 137 rs2834591 36071202 4 -0.00693539189713702 36015246 36184939 169693
21 158 rs3787835 39189570 4 -0.00679498207647902 39176328 39248065 71737
21 230 rs8129133 46454237 7 0.00677202339838549 46454237 46684517 230280
21 113 rs2833162 32296251 5 0.00672701584485535 32294481 32454561 160080
21 83 rs17001080 26908384 2 0.00657838943639574 26908384 27065046 156662
21 72 rs13051045 24905803 6 -0.00641949475279707 24902807 25075551 172744
21 115 rs581394 32747521 5 -0.00632168452809051 32695264 32759208 63944
21 97 rs2830981 28862137 2 -0.00626310101353389 28839532 28927839 88307
21 92 rs229092 28255787 5 0.00626152495695903 28216066 28375935 159869
21 213 rs1789956 44519655 2 0.00613269498032983 44508020 44519655 11635
21 168 rs2410100 40424619 2 -0.00602286221836071 40389724 40434499 44775
21 210 rs373700 44039966 5 0.00592306946588535 44039013 44145777 106764
21 217 rs496300 44779680 2 0.00528106265169141 44779343 44788262 8919
21 182 rs11088518 41852932 6 0.00516108653969616 41813127 41910637 97510
21 164 rs17194186 39967076 6 0.00510925153075916 39967076 40103951 136875
21 77 rs1119268 25798660 11 0.00506140272026321 25591352 25896423 305071
21 116 rs2409415 32968522 3 -0.00501337566832238 32832384 32999423 167039
21 145 rs2242747 36872638 2 -0.00485811841862977 36834597 36873163 38566
21 197 rs9917486 43102097 2 0.00484724468880908 43086944 43107623 20679
21 180 rs2837565 41672532 3 -0.00480497626080541 41566588 41698322 131734
21 196 rs2247788 43067245 3 0.00480110662482493 43059884 43068319 8435
21 62 rs2826910 22983216 7 -0.00471373570920058 22888198 23101812 213614
21 203 rs220126 43531008 3 0.00467780198435607 43466047 43531632 65585
21 96 rs239677 28774869 6 -0.00466457839456116 28721847 28818560 96713
21 111 rs9636832 31763618 2 -0.00462945627397244 31763618 32214655 451037
21 69 rs20461 24521301 2 0.00459530981706855 24506241 24684174 177933
21 136 rs8129311 35922006 10 0.00441337743322274 35838907 36009296 170389
21 232 rs2236462 46897221 1 0.00420902251116753 46841398 46897221 55823
21 208 rs2254368 43862466 3 -0.00419770004198498 43810084 43875848 65764
21 30 rs1389995 19024565 5 -0.00419005866619374 18968320 19073355 105035
21 170 rs2297256 40558421 6 0.00418820966647361 40485574 40887185 401611
21 207 rs480449 43740749 8 -0.00416622780835874 43740749 43803167 62418
21 177 rs926084 41368110 4 -0.00404828555181012 41354868 41387324 32456
21 14 rs1736148 16813212 1 -0.00403679547456296 16718706 16815872 97166
21 231 rs2838899 46795214 3 0.00385332421766551 46778772 46817380 38608
21 119 rs12165267 33364621 1 0.0038275777084415402 33328529 33409932 81403
21 35 rs13048405 19522891 4 0.0037347854548486 19506651 19548232 41581
21 171 rs498027 41016873 3 0.00365729690452475 40909706 41016873 107167
21 78 rs2829159 25918197 1 -0.00333093647910154 25912293 25946431 34138
21 212 rs3737434 44437142 8 0.0032827635751388 44362904 44487404 124500
21 228 rs2838677 46189767 4 0.00324896965334238 46189767 46335580 145813
21 190 rs2837926 42463501 6 -0.0032284825890389 42409324 42501062 91738
21 105 rs363501 30927772 1 0.00308668662928994 30861858 30927772 65914
21 48 rs11088748 21050002 2 -0.00291950241832491 21025259 21050002 24743
21 82 rs2829558 26514597 7 -0.00291488696723145 26514597 26866666 352069
21 151 rs2845795 38064902 4 -0.00285985079358736 38009239 38064902 55663
21 227 rs2838659 46128238 3 0.00282908436340801 46060222 46158738 98516
21 84 rs1571660 27199496 5 -0.00268465577299256 27195389 27399541 204152
21 49 rs8134910 21117409 5 0.00260169711528661 21069156 21352899 283743
21 43 rs419684 20300281 5 0.00244796094264626 20290322 20402382 112060
21 122 rs8127350 33548880 4 0.00242205558975653 33548880 33752626 203746
21 41 rs2825011 20078424 7 0.00237696230414446 19957829 20186304 228475
21 237 rs2839102 47501261 2 -0.00232023459795207 47501261 47544838 43577
21 73 rs2828572 25241584 5 -0.00230427931526342 25095694 25241584 145890
21 6 rs458525 15970507 4 0.00225287373757722 15954660 16054626 99966
21 157 rs2835927 39120344 1 0.00217394273959368 39096903 39132864 35961
21 193 rs441810 42698907 4 0.00216914385091117 42682644 42746081 63437
21 22 rs13047224 18040023 2 0.00214993515243252 18040023 18064333 24310
21 60 rs2826672 22503372 1 0.00209666053183736 22487854 22503372 15518
21 40 rs7278560 19926397 1 -0.00207349903466064 19871219 19926493 55274
21 90 rs2830286 27954042 2 0.00201185040807562 27926088 28078159 152071
21 106 rs420121 31146608 2 0.0019350528622565 30981245 31181420 200175
21 129 rs8133680 34671539 3 -0.00191613858496262 34671539 34716789 45250
21 31 rs2824483 19139775 4 0.00181717711433457 19139775 19179271 39496
21 209 rs2839535 43905327 1 -0.00177169821810232 43887160 44022793 135633
21 57 rs461016 22121510 3 -0.0016148035285643 22089964 22138217 48253
21 61 rs2826756 22627620 3 -0.00161211359776633 22535349 22868864 333515
21 67 rs2827373 23672710 2 0.00158074268706603 23654246 23990758 336512
21 141 rs2834737 36396167 1 0.00143066459743871 36378571 36396167 17596
21 199 rs1054761 43218520 6 -0.00142148722695879 43218520 43319984 101464
21 155 rs2835575 38455936 2 -0.00140790540536562 38444881 38703319 258438
21 74 rs7281704 25297931 2 -0.00137257164635502 25293908 25328443 34535
21 11 rs975336 16451845 1 0.00130067820383533 16451845 16451845 0
21 204 rs4148082 43619415 3 0.00128896199881922 43539287 43619415 80128
21 17 rs390503 17368852 2 -0.00128284205588928 17363428 17395270 31842
21 118 rs2833555 33285149 1 -0.00127518832281769 33285149 33322819 37670
21 121 rs2833670 33505090 1 0.00126397761592742 33478113 33523381 45268
21 162 rs3746880 39795202 2 0.00126058804088879 39747504 39797764 50260
21 181 rs16999738 41780398 2 -0.00122232108207317 41733191 41792388 59197
21 195 rs9975623 42920296 5 -0.00117603130091571 42872751 42941420 68669
21 86 rs985456 27625716 3 0.00117496282952634 27616602 27775118 158516
21 224 rs749909 45854807 1 -0.00113009834418417 45854386 45868239 13853
21 167 rs7276778 40335046 5 0.00112718610295287 40323728 40377215 53487
21 54 rs2155889 21889841 1 0.00109974892058496 21884955 21903798 18843
21 130 rs9978223 34770358 6 -0.00108530124877312 34770358 35220001 449643
21 183 rs73364974 41917406 3 0.00107251086743723 41917406 42022951 105545
21 174 rs2244084 41277049 1 0.00103445147190835 41265911 41277049 11138
21 9 rs2178999 16247212 2 0.00102703064124409 16229925 16247212 17287
21 15 rs2823307 16865946 2 9.95516346197517e-4 16865946 16939662 73716
21 85 rs462281 27537769 5 -9.4969698724253e-4 27430925 27581283 150358
21 1 rs2246835 15491250 1 -9.125241027973168e-4 15412399 15554030 141631
21 95 rs183569 28687650 2 -9.065090765126872e-4 28649659 28704127 54468
21 126 rs9984627 34471603 4 8.966595520019812e-4 34399401 34506306 106905
21 236 rs13051923 47489546 5 8.709844239250652e-4 47423389 47489546 66157
21 176 rs978935 41337036 2 -8.581188837489276e-4 41322812 41344489 21677
21 13 rs2823202 16658097 2 -8.541672782041997e-4 16629033 16691926 62893
21 117 rs9981074 33165958 1 -8.31482192818643e-4 33140026 33249294 109268
21 172 rs12233347 41084811 4 -8.242808338782192e-4 41032740 41092950 60210
21 135 rs34016792 35757915 1 8.232866101295606e-4 35757915 35821821 63906
21 76 rs12627020 25510293 1 7.971212789767073e-4 25510293 25544579 34286
21 124 rs4817502 34175240 3 -7.685089863327999e-4 33998027 34306815 308788
21 218 rs2838331 45026728 1 7.671943691326003e-4 44859686 45128454 268768
21 98 rs2831046 29025638 2 7.099505895798888e-4 28951567 29112277 160710
21 188 rs10222193 42324388 5 -6.554510672292981e-4 42277689 42324388 46699
21 71 rs1354481 24836014 1 6.497903546922731e-4 24807495 24836014 28519
21 39 rs8129824 19822840 1 -6.377743032234742e-4 19729121 19844745 115624
21 2 rs2822511 15624647 2 -5.912242364339707e-4 15591689 15668384 76695
21 100 rs2831314 29360990 5 5.683733192378078e-4 29305612 29440969 135357
21 144 rs8129353 36730471 1 -5.47818817576371e-4 36702489 36816352 113863
21 175 rs4143343 41285481 4 -5.332313452716831e-4 41282698 41301355 18657
21 25 rs2824226 18457828 2 5.085140798311426e-4 18371006 18457828 86822
21 47 rs2825686 20996612 1 -4.516341474765779e-4 20986798 20996612 9814
21 112 rs2833135 32224934 2 4.4843895142458495e-4 32216253 32272902 56649
21 34 rs2824639 19494749 4 -4.404336769433929e-4 19487468 19497606 10138
21 132 rs2834291 35269767 4 -4.158609507754203e-4 35265524 35417380 151856
21 3 rs28699022 15742124 2 -4.118347516821387e-4 15671024 15790187 119163
21 93 rs633502 28419053 4 -3.918793227203436e-4 28419053 28558373 139320
21 142 rs984659 36469177 1 -3.798753646423203e-4 36433963 36514505 80542
21 211 rs4148973 44323590 2 -3.7876077038535275e-4 44190901 44324365 133464
21 108 rs2832547 31410125 1 3.64651719797479e-4 31381600 31487612 106012
21 166 rs2836757 40294024 1 3.343064999731886e-4 40289113 40315316 26203
21 91 rs1893577 28112756 3 3.2039345482173364e-4 28111563 28194581 83018
21 8 rs2822942 16189981 1 3.1946252525854023e-4 16145761 16189981 44220
21 53 rs17199154 21854478 2 -2.9560192647445736e-4 21817825 21871727 53902
21 50 rs9982120 21526261 1 2.693948495281092e-4 21472584 21636664 164080
21 18 rs1689059 17591602 1 -2.6499177594351166e-4 17536183 17631152 94969
21 220 rs2838458 45398656 1 2.59738550500696e-4 45209559 45398853 189294
21 42 rs7276040 20235268 1 2.496971729093149e-4 20202738 20264466 61728
21 28 rs208894 18814568 3 -2.3230033570996e-4 18772963 18814568 41605
21 26 rs952779 18474093 2 -2.17981974254284e-4 18471041 18629416 158375
21 64 rs2827147 23321380 1 -1.891000258874093e-4 23294509 23321380 26871
21 184 rs1022424 42047446 1 1.756171250825928e-4 42047446 42047910 464
21 33 rs158014 19451271 1 1.743178447254851e-4 19433441 19474777 41336
21 94 rs2830768 28572980 3 1.628431723105058e-4 28568502 28590051 21549
21 107 rs2223023 31253144 3 -1.4790388177496902e-4 31197963 31302472 104509
21 153 rs3787750 38147602 2 -1.3301914127078246e-4 38134511 38147602 13091
21 191 rs7276900 42532075 1 -1.2057916202175005e-4 42510744 42532075 21331
21 148 rs7279231 37656134 1 1.1310521033506798e-4 37606670 37661405 54735
21 185 rs2837801 42110235 7 -1.1245384306066142e-4 42067941 42168325 100384
21 55 rs2826401 21939786 1 9.396246172912036e-5 21916740 21990601 73861
21 216 rs638268 44737883 1 -8.845519628555373e-5 44737883 44769676 31793
21 52 rs1786427 21812287 1 -6.336571579695822e-5 21793691 21814838 21147
21 51 rs2407647 21709136 3 -5.559760163396563e-5 21649595 21742922 93327
21 66 rs1041416 23542443 2 5.500917541033235e-5 23370523 23608099 237576
21 186 rs6517623 42204137 1 -4.216312034335755e-5 42204137 42212238 8101
21 201 rs61731656 43362295 1 3.9506988406369674e-5 43359680 43438674 78994
21 10 rs2256417 16295354 1 -2.7964000612706743e-5 16295354 16422603 127249
21 56 rs1482417 22065557 1 -1.1581401363808211e-5 22037850 22065557 27707
21 226 rs464504 45998768 1 1.2414930515549305e-8 45979255 46032094 52839
