CHR Group SNP.lead BP.lead Size W BP.min BP.max BP.width
21 65 rs2834109 34521087 11 0.06159600413851899 34515010 34716789 201779
21 114 rs7283760 45640629 8 0.0389865479038813 45209559 45670770 461211
21 55 rs565489 31523734 8 0.02926060478344075 31511924 31719836 207912
21 75 rs2835076 37043885 10 -0.02797611812838145 36892781 37301361 408580
21 83 rs2836074 39346333 11 0.02543100727048313 39332384 39721888 389504
21 52 rs2832310 30768350 13 0.02499898192704554 30004254 30768350 764096
21 100 rs2280807 42821265 11 0.01939961808284045 42682644 42862936 180292
21 66 rs6517178 34888621 7 -0.01865892848853042 34770358 35220001 449643
21 9 rs1449525 17762328 7 0.01769308559610136 17743767 17826260 82493
21 57 rs762194 32493031 12 0.01617816159592601 32294481 32517961 223480
21 31 rs2827079 23196432 11 0.01590143057987299 22888198 23264430 376232
21 50 rs2831503 29481474 3 0.01587553472460691 29305612 29485359 179747
21 51 rs2831772 29772530 8 0.01527862854297334 29533040 29912452 379412
21 35 rs12483180 24720653 9 0.01403029231464164 24696982 25075551 378569
21 86 rs992244 40252150 15 0.01393670729593244 40157281 40377215 219934
21 107 rs4920091 43778036 6 -0.01256093715256341 43740749 43803167 62418
21 90 rs447480 41221971 9 0.01216999355061296 41136712 41277049 140337
21 110 rs3737434 44437142 9 0.01214872852271002 44362904 44519655 156751
21 70 rs2834591 36071202 4 -0.01154357343701929 36015246 36184939 169693
21 46 rs914130 28574546 7 -0.01101467063658053 28419053 28590051 170998
21 29 rs7509723 22403814 3 0.01047551689395151 22403814 22503372 99558
21 56 rs1507396 32038030 4 -0.01042269856135862 31763618 32272902 509284
21 85 rs2836447 39873981 11 -0.00995552007158938 39838825 40103951 265126
21 123 rs2839315 47962186 12 0.00988541399917831 47501261 48029698 528437
21 67 rs2834322 35358762 7 -0.00947444787640204 35227484 35417380 189896
21 39 rs7281937 26021230 1 0.00892388601822649 25912293 26058246 145953
21 119 rs8129133 46454237 7 0.00872018521615945 46454237 46684517 230280
21 34 rs20461 24521301 17 0.00870304569970639 24185967 24684174 498207
21 104 rs220229 43448797 3 0.00869799921350225 43359680 43453662 93982
21 19 rs419684 20300281 10 0.00850835005903813 19957829 20402382 444553
21 45 rs11702216 28165330 7 0.00848312807040027 28111563 28375935 264372
21 102 rs9917486 43102097 3 0.0080896665899956 43059884 43107623 47739
21 8 rs2823748 17675675 1 0.00789158037354008 17536183 17675675 139492
21 63 rs10427540 34374530 3 0.00785555839032053 33998027 34375854 377827
21 121 rs944422 46982335 4 0.00728234680141643 46841398 47021784 180386
21 82 rs9983351 39176328 8 0.00695231466484697 39096903 39268012 171109
21 11 rs2824098 18235587 10 0.00678644405658625 18228575 18457828 229253
21 73 rs2008256 36583687 6 0.00615909892352552 36433963 36683519 249556
21 28 rs1009164 22217613 5 0.00590471594743764 22217613 22362499 144886
21 27 rs461016 22121510 1 -0.00586767889423282 22089964 22138217 48253
21 80 rs2277784 38380225 8 0.00576641354761942 38185881 38703319 517438
21 62 rs2833803 33795961 11 -0.00543422097169854 33548880 33974322 425442
21 112 rs496300 44779680 2 0.00512089426831579 44737883 44788262 50379
21 98 rs13050861 42485808 5 -0.00491983282785154 42343159 42532075 188916
21 58 rs1855703 32753155 3 0.00469703902158433 32695264 32759208 63944
21 94 rs1882757 41790020 11 -0.00455412140723004 41733191 41910637 177446
21 78 rs2845795 38064902 5 -0.00422490888889903 38009239 38064902 55663
21 53 rs363501 30927772 6 0.00416472459596448 30861858 31181420 319562
21 97 rs10222193 42324388 6 0.0041449477024769 42204137 42324388 120251
21 42 rs985456 27625716 9 0.00403645181125195 27430925 27775118 344193
21 92 rs2142123 41418208 8 0.00371568858466027 41354868 41527915 173047
21 105 rs220126 43531008 9 0.00369555519748626 43466047 43619415 153368
21 76 rs20572 37444973 11 0.00350773355339083 37312721 37661405 348684
21 81 rs928723 38970666 6 -0.00347325662228613 38721309 39083309 362000
21 13 rs8129963 18989513 3 0.00346756859618476 18832365 19073355 240990
21 116 rs233276 45990819 2 -0.00326865556154485 45957792 46032094 74302
21 89 rs12233347 41084811 1 0.00325176654363078 41032740 41092950 60210
21 60 rs12165267 33364621 1 0.0029607612734201 33285149 33409932 124783
21 41 rs17001080 26908384 13 0.00294422947984632 26514597 27399541 884944
21 12 rs11702385 18541509 3 -0.00285982905921921 18471041 18814568 343527
21 69 rs11701051 35839963 11 -0.00285054448721577 35757915 36009296 251381
21 103 rs9984905 43319043 4 -0.00281255253238592 43161357 43331362 170005
21 106 rs915842 43679513 1 -0.00267892504200119 43658444 43718611 60167
21 120 rs13047971 46778772 3 0.00258397223556356 46778772 46817380 38608
21 38 rs7283527 25706768 11 0.00256281817954006 25591352 25896423 305071
21 24 rs1786427 21812287 1 -0.00252384473965653 21793691 21814838 21147
21 21 rs2825523 20705880 3 -0.00227682369509783 20705880 20955904 250024
21 23 rs2826174 21698075 8 -0.00225280232608974 21472584 21742922 270338
21 33 rs2827373 23672710 5 0.00205658689293058 23370523 23990758 620235
21 109 rs373700 44039966 7 0.00201539924362782 44039013 44324365 285352
21 4 rs975336 16451845 4 0.00199848682552832 16229925 16451845 221920
21 48 rs2830919 28778338 2 0.00163811819550288 28721847 28927839 205992
21 20 rs2825391 20537661 1 -0.00162558032634665 20410051 20676645 266594
21 122 rs4819138 47061267 5 0.00156282002044794 47061267 47489546 428279
21 113 rs9981291 45031458 2 -0.00148456923144322 44859686 45175571 315885
21 37 rs11087904 25503128 6 -0.00147521174045444 25370697 25544579 173882
21 44 rs2830286 27954042 4 0.00146602791722974 27891664 28078159 186495
21 84 rs3746880 39795202 2 0.00141204044386853 39747504 39797764 50260
21 14 rs171477 19150133 5 0.00137549744773457 19139775 19403222 263447
21 64 rs9984627 34471603 5 0.00136439026045194 34399401 34506306 106905
21 22 rs8134910 21117409 6 0.00134445833878712 20986798 21352899 366101
21 79 rs2850106 38134511 1 0.00133820987904154 38085444 38147602 62158
21 10 rs13047224 18040023 4 0.00112806081558535 18040023 18219506 179483
21 40 rs2829535 26451776 8 0.00110225951774876 26119438 26489237 369799
21 5 rs2064040 16584341 3 -0.00108598439844913 16520878 16691926 171048
21 59 rs2211781 33249294 5 -0.00105875579292287 32832384 33249294 416910
21 91 rs4143343 41285481 7 0.00105366525438411 41282698 41344489 61791
21 95 rs73364974 41917406 2 0.00101324911860586 41917406 42022951 105545
21 108 rs2254368 43862466 8 9.955100313474095e-4 43810084 44022793 212709
21 61 rs2833670 33505090 1 9.06581065181373e-4 33426886 33523381 96495
21 96 rs2837801 42110235 6 8.629950832177316e-4 42047446 42168325 120879
21 54 rs2223023 31253144 6 8.587388202469582e-4 31197963 31487612 289649
21 118 rs2838677 46189767 9 8.578166969153635e-4 46189767 46344426 154659
21 47 rs183569 28687650 3 -7.384304244443689e-4 28649659 28704127 54468
21 72 rs2834737 36396167 2 6.706010258984433e-4 36294342 36396167 101825
21 93 rs8133535 41664277 2 -6.613177541365943e-4 41540088 41698322 158234
21 6 rs2823238 16718706 5 -6.504819751750185e-4 16718706 16939662 220956
21 68 rs4817616 35444498 6 -6.463431339763697e-4 35444498 35716371 271873
21 15 rs13048405 19522891 9 5.930506696582988e-4 19433441 19548232 114791
21 49 rs7275935 29015007 2 5.75580953361449e-4 28951567 29213323 261756
21 88 rs13050927 40722324 9 -5.560701431140316e-4 40485574 41016873 531299
21 36 rs9977556 25324935 5 -3.1454136236714844e-4 25095694 25328443 232749
21 25 rs2155889 21889841 6 -2.98954992076177e-4 21817825 21903798 85973
21 101 rs9975623 42920296 5 2.8367055519968004e-4 42872751 42941420 68669
21 26 rs1384315 22061708 3 -2.2158528033754905e-4 21916740 22065557 148817
21 117 rs17284014 46087583 6 -2.1104527443547045e-4 46060222 46158738 98516
21 99 rs2838000 42646518 1 -2.0441753166701237e-4 42581448 42655515 74067
21 77 rs409231 37935548 1 1.9573567615264027e-4 37780822 37987916 207094
21 74 rs8132760 36771337 1 1.451480814737813e-4 36702489 36873163 170674
21 1 rs4817081 15641852 7 1.2564816415146116e-4 15412399 15790187 377788
21 3 rs455547 16054626 14 -7.882904247361565e-5 15954660 16189981 235321
21 30 rs2826809 22726557 6 -6.134782953236349e-5 22535349 22868864 333515
21 115 rs2838552 45764434 1 -1.1480432622679527e-5 45746102 45868239 122137
