0	0
1	0.0187562
2	0.05672579
3	0.06239148
4	0.09933624
5	0.28442151
6	0.40707059
7	0.78860574
8	1.28579013
9	1.45775699
10	1.58539503
11	1.58730675
12	1.58785018
13	1.58797213
14	1.5881972
15	1.58890956
16	1.58900831
17	1.58906362
18	1.58979896
19	1.60933575
20	1.61133171
21	1.62775914
22	1.62831313
23	1.63239635
24	1.63252264
25	1.63300825
26	1.63307619
27	1.63328246
28	1.63466224
29	1.63577911
30	1.64221675
31	1.67963461
32	1.68806559
33	1.68937129
34	1.69201505
35	1.69402528
36	1.6955587
37	1.69605518
38	1.69674109
39	1.69716033
40	1.69907874
41	1.70021744
42	1.70883478
43	1.71790642
44	1.7229879
45	1.72684808
46	1.7407209
47	1.7498707
48	1.7827777
49	1.79913757
50	1.79925539
51	1.80102302
52	1.80105363
53	1.80228688
54	1.83597872
55	1.83768461
56	1.83777921
57	1.83810349
58	1.83899401
59	1.84036636
60	1.8405106
61	1.84105207
62	1.84125202
63	1.84126485
64	1.8430626
65	1.84322518
66	1.84366074
67	1.84461285
68	1.86296564
69	1.86381182
70	1.88804299
71	1.89480653
72	1.9035173
73	1.91722439
74	1.91768374
75	1.91877613
76	1.96783592
77	1.96895626
78	1.99191947
79	1.9920274
80	1.99299104
81	1.99309555
82	1.99464753
83	1.99497034
84	1.99506521
85	1.99571158
86	1.99582692
87	1.99618721
88	1.99633963
89	1.99685494
90	1.99726256
91	2.00617035
92	2.02926676
93	2.03148465
94	2.03832076
95	2.03949181
96	2.04015224
97	2.04570908
98	2.04621862
99	2.04647798
100	2.04675064
101	2.04730197
102	2.04789286
103	2.04833454
104	2.0507277
105	2.05410682
106	2.05426519
107	2.05640357
108	2.05642082
109	2.05649626
110	2.05739574
111	2.06344759
112	2.14247778
113	2.16389089
114	2.1643183
115	2.16453673
116	2.16500954
117	2.16539854
118	2.16615713
119	2.16623586
120	2.16630809
121	2.16645986
122	2.16705668
123	2.16903702
124	2.16952054
125	2.17044659
126	2.17068733
127	2.17093637
128	2.17106613
129	2.17236237
130	2.17314786
131	2.17317926
132	2.1733616
133	2.17522808
134	2.17650663
135	2.17710301
136	2.17733434
137	2.17762257
138	2.1777788
139	2.17997383
140	2.19098806
141	2.19135333
142	2.19140631
143	2.191606
144	2.19219685
145	2.19228621
146	2.19254077
147	2.19257296
148	2.19266108
149	2.19711898
150	2.19732772
151	2.19770738
152	2.19780321
153	2.19792546
154	2.19915878
155	2.19969189
156	2.20023858
157	2.20102186
158	2.20322512
159	2.20418355
160	2.20490937
161	2.2050071
162	2.20505332
163	2.20509952
164	2.20519564
165	2.20544223
166	2.20548235
167	2.20579023
168	2.20637974
169	2.20658036
170	2.20784434
171	2.20921304
172	2.20942909
173	2.2094659
174	2.20974144
175	2.20984456
176	2.20991265
177	2.20999819
178	2.21032517
179	2.21043671
180	2.21051837
181	2.21071786
182	2.21134084
183	2.21163156
184	2.21283133
185	2.24683849
186	2.47543746
187	2.48478768
188	2.49163063
189	2.49514205
190	2.49553833
191	2.49630789
192	2.49786882
193	2.49833143
194	2.50160118
195	2.50292113
196	2.50352921
197	2.5050943
198	2.50746968
199	2.50955497
200	2.51052355
201	2.51166901
202	2.51294373
203	2.51316164
204	2.51371811
205	2.51444444
206	2.51546478
207	2.51562079
208	2.51584275
209	2.51621819
210	2.51720907
211	2.51745216
212	2.51829684
213	2.54697609
214	2.58508311
215	2.58633639
216	2.5873738
217	2.58793846
218	2.59020526
219	2.59189193
220	2.59209353
221	2.5927239
222	2.59294484
223	2.59333997
224	2.59502053
225	2.59562928
226	2.59716141
227	2.59856395
228	2.59943275
229	2.60015617
230	2.6002863
231	2.60064369
232	2.60150501
233	2.6017066
234	2.60323891
235	2.6033211
236	2.60502242
237	2.60551798
238	2.60553176
239	2.60558712
240	2.60645497
241	2.6069493
242	2.60730631
243	2.60805865
244	2.60858847
245	2.60914276
246	2.60916192
247	2.61146827
248	2.61157573
249	2.61204146
250	2.61284708
251	2.61286105
252	2.61305996
253	2.61319515
254	2.61473879
255	2.61584323
256	2.61702342
257	2.61967314
258	2.62065041
259	2.62090845
260	2.62465846
261	2.68029377
262	2.6847291
263	2.68849949
264	2.69006129
265	2.69188178
266	2.723609
267	2.73501251
268	2.76118009
269	2.76213477
270	2.76963861
271	2.77043844
272	2.77139129
273	2.77609069
274	2.77749627
275	2.77922654
276	2.77934982
277	2.78064231
278	2.78066225
279	2.78074088
280	2.78075907
281	2.78086158
282	2.78198752
283	2.78202364
284	2.78206728
285	2.78233923
286	2.78243507
287	2.78282422
288	2.78385414
289	2.78405675
290	2.78479436
291	2.78490832
292	2.7885567
293	2.79814807
294	3.03505227
295	3.12698998
296	3.13613531
297	3.13960296
298	3.14367431
299	3.14466813
300	3.1487236
301	3.15062771
302	3.15384347
303	3.1552584
304	3.15529697
305	3.1555301
306	3.1576231
307	3.15771364
308	3.15798743
309	3.15951371
310	3.16378778
311	3.17035901
312	3.17346245
313	3.1764037
314	3.179126
315	3.1853276
316	3.18550036
317	3.18963294
318	3.18966623
319	3.19140354
320	3.19206866
321	3.19517538
322	3.19778938
323	3.20618959
324	3.21204724
325	3.22026449
326	3.22500138
327	3.23114815
328	3.23464905
329	3.24241928
330	3.24509856
331	3.24601916
332	3.24739177
333	3.24999714
334	3.25348737
335	3.2535786
336	3.25461085
337	3.25489484
338	3.25626802
339	3.25824395
340	3.25862964
341	3.30853644
342	3.31097243
343	3.32585174
344	3.33736763
345	3.37601596
346	3.4193181
347	3.42420967
348	3.44591693
349	3.44770845
350	3.45580641
351	3.4580491
352	3.46155501
353	3.47036568
354	3.4753549
355	3.56193429
356	3.56356488
357	3.56598409
358	3.56670539
359	3.57010779
360	3.5721479
361	3.57510413
362	3.57537189
363	3.57698894
364	3.58019783
365	3.5804836
366	3.58701947
367	3.63599351
368	3.65821004
369	3.79865458
370	3.90010549
371	3.91081893
372	3.92021633
373	3.92236534
374	3.93780468
375	3.96038563
376	3.96157654
377	3.98845957
378	4.01501252
379	4.03761403
380	4.05220813
381	4.06379417
382	4.26488448
383	4.31479358
384	4.41789574
385	4.44304168
386	4.46055817
387	4.65431316
388	4.65724035
389	4.66554312
390	4.6721534
391	4.67611167
392	4.68202019
393	4.68251606
394	4.68547573
395	4.68694508
396	4.75885119
397	4.78758115
398	4.78914533
399	4.79103361
400	4.79112211
401	4.79208937
402	4.79214877
403	4.79498819
404	4.79714756
405	4.80087585
406	4.80389497
407	4.80758567
408	4.83029074
409	4.83596075
410	4.88454981
411	4.90045379
412	4.9121623
413	4.91413665
414	4.91506165
415	4.97258893
416	4.97778505
417	5.02835046
418	5.02904136
419	5.03040737
420	5.03852718
421	5.04230225
422	5.04579522
423	5.04965214
424	5.0527489
425	5.08204639
426	5.10272207
427	5.10317386
428	5.12001559
429	5.12305083
430	5.22018451
431	5.2323682
432	5.23629302
433	5.23849945
434	5.24072729
435	5.24242542
436	5.24347806
437	5.243627
438	5.24367941
439	5.24454548
440	5.24464558
441	5.24510905
442	5.2477964
443	5.28232427
444	5.28312612
445	5.28516028
446	5.29393897
447	5.29430986
448	5.31108502
449	5.31214447
450	5.3125042
451	5.31259591
452	5.31492691
453	5.31515428
454	5.31600311
455	5.31624648
456	5.31639331
457	5.32213462
458	5.32530478
459	5.32922087
460	5.33124247
461	5.34614645
462	5.34722996
463	5.34937369
464	5.37386442
465	5.37483465
466	5.37677464
467	5.39127865
468	5.39169791
469	5.39914084
470	5.40061464
471	5.40356677
472	5.40814061
473	5.40853168
474	5.40895098
475	5.41762355
476	5.41904529
477	5.41970071
478	5.42072534
479	5.4721357
480	5.50932137
481	5.65025272
482	5.65261461
483	5.65379547
484	5.65382198
485	5.65465602
486	5.65583975
487	5.65620338
488	5.65989466
489	5.66054162
490	5.66101285
491	5.6613928
492	5.66167403
493	5.66233619
494	5.66262341
495	5.66406652
496	5.66469718
497	5.66568055
498	5.66600737
499	5.67876352
500	5.68612326
501	5.6961277
502	5.70304454
503	5.70340477
504	5.71340731
505	5.72683718
506	5.74090408
507	5.77335301
508	5.79411317
509	5.79538824
510	5.79724049
511	5.83851276
512	5.86214948
513	5.86587101
514	5.87539809
515	5.87547276
516	5.87549883
517	5.87550156
518	5.87557853
519	5.87606319
520	5.87607178
521	5.87607345
522	5.87607477
523	5.87607665
524	5.87607956
525	5.87608432
526	5.87608481
527	5.87608548
528	5.87608713
529	5.87608782
530	5.87608861
531	5.87608921
532	5.87608955
533	5.8760908
534	5.87609559
535	5.87910547
536	5.87910636
537	5.8796776
538	5.88068395
539	5.88075343
540	5.88109731
541	5.88509901
542	5.88766154
543	5.88773845
544	5.88962716
545	5.89368312
546	5.89458927
547	5.90087934
548	5.90104175
549	5.90123943
550	5.90160073
551	5.90176829
552	5.90190253
553	5.90221815
554	5.90229727
555	5.90330289
556	5.90333877
557	5.90336202
558	5.90340035
559	5.90345565
560	5.90349019
561	5.9035332
562	5.90354653
563	5.90354771
564	5.90360156
565	5.90360902
566	5.90367918
567	5.90403458
568	5.90425285
569	5.9043097
570	5.90434482
571	5.90438777
572	5.90503133
573	5.90535782
574	5.90535932
575	5.90538
576	5.90544125
577	5.90554626
578	5.90604559
579	5.90810024
580	5.91011428
581	5.91103604
582	5.91275545
583	5.91390708
584	5.9179477
585	5.9192708
586	5.91976372
587	5.91994481
588	5.92243848
589	5.92340247
590	5.92438505
591	5.93127651
592	5.93940872
593	5.94169485
594	5.94480822
595	5.95605296
596	5.95613619
597	5.95970717
598	5.96655969
599	6.01143209
600	6.01308674
601	6.01324892
602	6.01474348
603	6.02343306
604	6.03352637
605	6.07696369
606	6.10385916
607	6.10985196
608	6.11526832
609	6.11797307
610	6.13110284
611	6.164426
612	6.22646814
613	6.24463797
614	6.29742183
615	6.29868874
616	6.29928929
617	6.30091912
618	6.30243611
619	6.30512957
620	6.30813243
621	6.3098115
622	6.31075671
623	6.31195426
624	6.31309512
625	6.32393668
626	6.35439982
627	6.35757244
628	6.35859769
629	6.36019518
630	6.36129584
631	6.36274536
632	6.36438439
633	6.36652273
634	6.36985353
635	6.37019764
636	6.37032111
637	6.38029736
638	6.38844036
639	6.38851343
640	6.38896919
641	6.38919038
642	6.39030524
643	6.39104079
644	6.39127578
645	6.39203148
646	6.39216152
647	6.39267534
648	6.39282305
649	6.39315506
650	6.39461935
651	6.39472077
652	6.39516642
653	6.40752387
654	6.41245099
655	6.41581728
656	6.41972654
657	6.42080068
658	6.42435462
659	6.45860966
660	6.45922522
661	6.46266774
662	6.46298403
663	6.46420058
664	6.46585225
665	6.46597758
666	6.46597898
667	6.46608809
668	6.46613327
669	6.46756018
670	6.46767816
671	6.46801054
672	6.46856513
673	6.46874364
674	6.46904634
675	6.46971944
676	6.46977471
677	6.46978631
678	6.46983538
679	6.46990268
680	6.47023572
681	6.47106724
682	6.47121042
683	6.47168594
684	6.47179607
685	6.47244933
686	6.47277572
687	6.4790268
688	6.48021262
689	6.48037253
690	6.48093991
691	6.48169187
692	6.4832528
693	6.4882411
694	6.48891977
695	6.4894981
696	6.49059244
697	6.49218168
698	6.4966939
699	6.49772625
700	6.49873731
701	6.4993182
702	6.50135072
703	6.5052577
704	6.50526218
705	6.50600054
706	6.50627608
707	6.50688363
708	6.50761368
709	6.50861549
710	6.50938279
711	6.510285
712	6.51036723
713	6.51068658
714	6.51074322
715	6.5108563
716	6.51087765
717	6.51165589
718	6.51168684
719	6.51171274
720	6.51171829
721	6.51175889
722	6.52089204
723	6.52095131
724	6.5211601
725	6.52127182
726	6.52182546
727	6.52212036
728	6.52241642
729	6.52355728
730	6.52404094
731	6.52409055
732	6.52423979
733	6.5244003
734	6.5257982
735	6.52827665
736	6.53078922
737	6.53090714
738	6.53159018
739	6.53333617
740	6.53350102
741	6.53845479
742	6.53927037
743	6.54977245
744	6.55116349
745	6.55313132
746	6.59344791
747	6.69564291
748	6.7029246
749	6.704829
750	6.71725982
751	6.72789951
752	6.72823307
753	6.74341019
754	6.77067229
755	6.77463455
756	6.78346213
757	6.78732912
758	6.81101437
759	6.81137213
760	6.83273035
761	6.84220057
762	6.88297559
763	6.91905986
764	6.92947474
765	6.93395265
766	6.93448199
767	6.93486102
768	6.93668635
769	6.9420632
770	6.94605888
771	6.9470916
772	6.94772882
773	6.95171129
774	6.95560462
775	7.03247426
776	7.06671388
777	7.0691741
778	7.07000749
779	7.07014779
780	7.07027478
781	7.0704597
782	7.07198815
783	7.0732865
784	7.07377067
785	7.07386591
786	7.07477043
787	7.07564691
788	7.07612551
789	7.07613899
790	7.11393225
791	7.12188274
792	7.12232015
793	7.12797191
794	7.14273016
795	7.15926146
796	7.21004609
797	7.2198668
798	7.22083073
799	7.25463711
800	7.26379312
801	8.94621358
802	8.94634554
803	8.94678969
804	8.94909015
805	8.949098
806	8.95063615
807	8.95261648
808	8.98928445
809	8.99682607
810	8.99887299
811	9.0020193
812	9.00751376
813	9.0082521
814	9.01020769
815	9.01074842
816	9.01698133
817	9.02113121
818	9.02263372
819	9.03526109
820	9.036371
821	9.03697762
822	9.03747553
823	9.03939542
824	9.03965177
825	9.04395079
826	9.04566424
827	9.04710727
828	9.0483885
829	9.05550162
830	9.05747137
831	9.06009515
832	9.06237614
833	9.06727963
834	9.08175388
835	9.08610495
836	9.08628403
837	9.08891142
838	9.08917329
839	9.09026443
840	9.09034377
841	9.09109464
842	9.09449586
843	9.09494373
844	9.09558725
845	9.09628171
846	9.09661321
847	9.0994176
848	9.14259185
849	9.14309091
850	9.14375231
851	9.14449956
852	9.14555767
853	9.14705765
854	9.15267846
855	9.15387866
856	9.15481495
857	9.16273191
858	9.16276766
859	9.16335277
860	9.16337511
861	9.16337704
862	9.16338037
863	9.16412244
864	9.16412936
865	9.1642251
866	9.16518337
867	9.16518957
868	9.16519018
869	9.16519193
870	9.16519481
871	9.16519926
872	9.16521211
873	9.16521257
874	9.16521609
875	9.16521618
876	9.16521677
877	9.16530308
878	9.16577032
879	9.16580453
880	9.16580541
881	9.16580647
882	9.16580874
883	9.16580909
884	9.16581397
885	9.16581907
886	9.16644624
887	9.16652518
888	9.16652909
889	9.16653023
890	9.16653073
891	9.16653078
892	9.16653449
893	9.16653672
894	9.16654027
895	9.16654452
896	9.16654709
897	9.16654745
898	9.16654918
899	9.16666247
900	9.16701621
901	9.16701773
902	9.16701796
903	9.16701885
904	9.16702054
905	9.16702354
906	9.16713011
907	9.16719443
908	9.16728851
909	9.16814226
910	9.16817756
911	9.168365
912	9.16836704
913	9.16836877
914	9.16837042
915	9.16837115
916	9.16837922
917	9.16838294
918	9.16838459
919	9.16838776
920	9.16839193
921	9.16885018
922	9.16885641
923	9.16914022
924	9.1693314
925	9.16941861
926	9.16943106
927	9.17017348
928	9.17134027
929	9.17139534
930	9.17220103
931	9.17316567
932	9.17621688
933	9.17672386
934	9.17696234
935	9.23923272
936	9.2411503
937	9.24486291
938	9.2454463
939	9.2466943
940	9.25073884
941	9.260601
942	9.28057374
943	9.4454433
944	9.44814897
945	9.45226454
946	9.45507657
947	9.45530292
948	9.45814372
949	9.45828678
950	9.47894322
951	9.47932262
952	9.48327472
953	9.48369019
954	9.48408235
955	9.48798656
956	9.48815106
957	9.4883808
958	9.48889349
959	9.48889538
960	9.48894904
961	9.48898753
962	9.48908808
963	9.48911082
964	9.48917082
965	9.48994313
966	9.49001584
967	9.49003466
968	9.49005536
969	9.49012074
970	9.49015212
971	9.49076883
972	9.49094792
973	9.49096272
974	9.49107645
975	9.49108774
976	9.49177575
977	9.49180511
978	9.49191129
979	9.49196981
980	9.49212248
981	9.49220619
982	9.4923763
983	9.4923887
984	9.49424933
985	9.49517827
986	9.49544236
987	9.49722091
988	9.49890104
989	9.49986707
990	9.49987666
991	9.500294
992	9.50222219
993	9.50263815
994	9.50280602
995	9.5035371
996	9.50397827
997	9.50438534
998	9.50467489
999	9.50620826
