CHR Group SNP.lead BP.lead Size W BP.min BP.max BP.width
22 49 rs2076125 39711351 19 0.21252911525867577 39594740 40083730 488990
22 50 rs34030679 42610099 48 0.12507762960085445 40169926 42867898 2697972
22 76 rs140522 50971266 25 0.05693491887967312 50435480 51104680 669200
22 45 rs2284033 37534034 16 0.05500752509789346 37367928 37673781 305853
22 32 rs1002189 30771458 11 0.0526160526173926 30658722 31290637 631915
22 9 rs7291930 20876509 4 0.04779315262995845 20753615 20903410 149795
22 11 rs1210606 21452237 4 0.04332263228456277 21352181 21460220 108039
22 5 rs5748167 19370586 15 0.03802725800297497 18901004 19594436 693432
22 53 rs2267597 44427612 13 0.03471419548636986 43950853 44466550 515697
22 17 rs1041749 24846391 11 0.03462654826260183 24460593 24991895 531302
22 70 rs12158344 49214032 13 0.03400799914008258 49027446 49228507 201061
22 46 rs2284051 37710569 9 0.0327273735600783 37699377 37958268 258891
22 64 rs4476 47440669 8 0.03241490593652458 47108189 47573257 465068
22 3 rs439231 18319179 9 0.03021232005935623 17990852 18486017 495165
22 15 rs5759742 23700907 5 0.02701843980451467 23700907 23854860 153953
22 31 rs132369 29603611 26 0.02661410119352906 28288136 30597810 2309674
22 7 rs2239395 19962203 26 0.02409520286373738 19766782 20189202 422420
22 63 rs13057352 47095235 5 0.02282111780751587 46919541 47103512 183971
22 27 rs738156 27561500 9 -0.02202265715918906 27533998 27668370 134372
22 40 rs4820201 35970204 6 0.02147126940283961 35899384 36130577 231193
22 56 rs136904 45057826 2 -0.02022863634580999 44898190 45057826 159636
22 16 rs6003824 23993051 12 0.01939551936463653 23922983 24270777 347794
22 55 rs5764924 44763651 10 -0.01695649402583601 44737646 44881837 144191
22 38 rs204276 34744069 11 0.01624628775310672 34537450 34940942 403492
22 72 rs11703376 49678713 9 0.01545502783150457 49559242 49685455 126213
22 23 rs5752327 26844070 16 0.01304207816853201 26794102 27141605 347503
22 34 rs11703151 32849712 14 0.01230447956538003 32706904 32939719 232815
22 73 rs737844 49746915 4 -0.01219582130460661 49722925 49796800 73875
22 33 rs5994466 32518130 25 -0.01215976786811107 31487701 32655284 1167583
22 26 rs760530 27485959 12 0.01184244061985116 27410749 27508858 98109
22 1 rs1076102 17658341 5 -0.01183930039240449 17589209 17724093 134884
22 28 rs768784 27690377 10 -0.01174310594184139 27689956 27785809 95853
22 44 rs4821540 37241788 4 0.011308709067847 37197530 37333804 136274
22 36 rs16992276 33801983 10 0.01110469815743287 33523109 33893601 370492
22 39 rs743811 35792974 13 0.01016226120982888 35033249 35818398 785149
22 62 rs4044210 46786315 8 -0.01002960382252794 46487902 46900462 412560
22 47 rs5757166 38995385 16 0.00884278277812941 37982012 39300936 1318924
22 20 rs739281 26277148 11 0.00850339101937529 25872592 26278427 405835
22 12 rs181362 21932068 10 0.00835986011711496 21806401 22355496 549095
22 67 rs4499 48646288 9 0.00833494260540975 48284514 48646288 361774
22 29 rs8136304 27917070 4 0.00827177017911268 27802721 27935369 132648
22 71 rs2318432 49405594 11 0.00809616380903839 49316305 49532043 215738
22 51 rs4393836 43193641 21 0.00680260673070537 42876604 43559137 682533
22 35 rs242076 33229830 26 -0.00675243127285139 32959350 33502167 542817
22 66 rs7286675 48227401 8 -0.00594978291094636 47940908 48269511 328603
22 24 rs13054025 27222059 7 0.00586983309427611 27167348 27273238 105890
22 13 rs10483109 22537581 5 0.00585465416492574 22418813 22584809 165996
22 58 rs132011 45421536 10 0.00548891889604832 45180554 45435202 254648
22 30 rs5752599 28017801 9 -0.00546662200330547 27962517 28160972 198455
22 18 rs139762 25307571 10 0.00518745550853052 25079925 25388318 308393
22 19 rs9608379 25620142 5 -0.00517331015536869 25473134 25640628 167494
22 48 rs5757387 39333340 7 0.00476711034256528 39320828 39552597 231769
22 42 rs139933 36845207 4 0.00472227603894611 36652931 36941065 288134
22 22 rs2226691 26789849 7 0.00451212817039851 26485668 26789849 304181
22 52 rs933218 43818279 9 -0.00446974966402104 43577048 43857328 280280
22 60 rs6006756 45884487 12 0.00424918131910094 45680473 45937149 256676
22 14 rs9624019 23407301 7 0.00424397664601376 23250737 23644794 394057
22 59 rs9306489 45525484 8 -0.00389154607949556 45465068 45665663 200595
22 10 rs2072517 21115244 5 0.00360690403490234 20993328 21339751 346423
22 61 rs3788673 45994189 3 0.00341266758495237 45967526 46255004 287478
22 54 rs5764558 44544028 6 0.00294553443660165 44503633 44695088 191455
22 21 rs8139900 26394724 10 0.00278210184389025 26283020 26438495 155475
22 2 rs1004973 17931566 6 -0.00246559821759846 17790731 17946202 155471
22 75 rs11545763 50319170 3 -0.00239817881292253 49932138 50319170 387032
22 43 rs738974 37025274 2 -0.00188881780769638 36965284 37170915 205631
22 37 rs240073 34086494 9 0.00156232654112443 33941163 34474560 533397
22 41 rs4821469 36616445 9 -0.00141802776536552 36259560 36623920 364360
22 68 rs133588 48666450 1 0.0012936413106704 48666450 48726996 60546
22 4 rs5992185 18633978 2 -0.00127695755520985 18504801 18640300 135499
22 57 rs5765956 45150659 1 -9.573172188105936e-4 45109666 45150659 40993
22 25 rs5761863 27348456 3 8.532995710230064e-4 27301137 27381346 80209
22 65 rs6008118 47683805 4 5.893387482499761e-4 47604571 47910705 306134
22 69 rs133503 48911602 5 5.528682956570706e-4 48766791 48958927 192136
22 6 rs1985884 19643245 3 -4.271898458659884e-4 19609943 19678655 68712
22 74 rs6009663 49803587 5 3.7655045083360094e-4 49803587 49924929 121342
22 0 rs5747999 17075353 6 2.839401627815685e-4 17075353 17492452 417099
