CHR Group SNP.lead BP.lead Size W BP.min BP.max BP.width
22 49 rs2076125 39711351 19 0.21252911525867577 39594740 40083730 488990
22 50 rs34030679 42610099 48 0.12507762960085445 40169926 42867898 2697972
22 76 rs140522 50971266 25 0.05693491887967312 50435480 51104680 669200
22 45 rs2284033 37534034 16 0.05500752509789346 37367928 37673781 305853
22 32 rs1002189 30771458 11 0.0526160526173926 30658722 31290637 631915
22 9 rs7291930 20876509 4 0.04779315262995845 20753615 20903410 149795
22 11 rs1210606 21452237 4 0.04332263228456277 21352181 21460220 108039
22 5 rs5748167 19370586 15 0.03802725800297497 18901004 19594436 693432
22 53 rs2267597 44427612 13 0.03471419548636986 43950853 44466550 515697
22 17 rs1041749 24846391 11 0.03462654826260183 24460593 24991895 531302
22 70 rs12158344 49214032 13 0.03400799914008258 49027446 49228507 201061
22 46 rs2284051 37710569 9 0.0327273735600783 37699377 37958268 258891
22 64 rs4476 47440669 8 0.03241490593652458 47108189 47573257 465068
22 3 rs439231 18319179 9 0.03021232005935623 17990852 18486017 495165
22 15 rs5759742 23700907 5 0.02701843980451467 23700907 23854860 153953
22 31 rs132369 29603611 26 0.02661410119352906 28288136 30597810 2309674
22 7 rs2239395 19962203 26 0.02409520286373738 19766782 20189202 422420
22 63 rs13057352 47095235 5 0.02282111780751587 46919541 47103512 183971
