CHR Group SNP.lead BP.lead Size W BP.min BP.max BP.width
22 1801 rs2076125 39711351 2 0.07034925628986655 39711351 39711351 0
22 248 rs7291930 20876509 1 0.05892793295565278 20876509 20876509 0
22 933 rs1002189 30771458 1 0.04406797492744711 30771458 30771458 0
22 276 rs1210606 21452237 1 0.04359969957402286 21452237 21452237 0
22 1797 rs968451 39670851 1 0.04208777984612553 39670851 39670851 0
22 1949 rs34030679 42610099 1 0.03623360643382795 42610099 42610099 0
22 1651 rs2284033 37534034 1 0.03089029500039483 37534034 37534034 0
22 1807 rs5757670 39829736 1 -0.02754948408238576 39829736 39829736 0
22 1895 rs4822024 41757647 2 -0.02687164228135604 41757647 41757647 0
22 2713 rs140522 50971266 2 0.02670739380701373 50971266 50971266 0
22 1518 rs4820201 35970204 1 0.02651347578882429 35970204 35970204 0
22 1809 rs710192 39913420 1 -0.02603395211909871 39913420 39913420 0
22 1887 rs139461 41611460 1 -0.02534569003009119 41611460 41611460 0
22 1091 rs5994466 32518130 1 0.02486992531819251 32518130 32518130 0
22 1916 rs9607852 42258272 1 0.0244474071222116 42258272 42258272 0
22 59 rs439231 18319179 1 0.02377230724714519 18319179 18319179 0
22 565 rs8139900 26394724 1 0.02337419590868726 26394724 26394724 0
22 2135 rs2267597 44427612 1 0.02333606794143332 44427612 44427612 0
22 2360 rs13057352 47095235 1 0.02179414422303696 47095235 47095235 0
22 377 rs5759742 23700907 1 0.02038919549931681 23700907 23700907 0
22 246 rs997145 20866658 1 -0.02029897130595393 20866658 20866658 0
22 893 rs2857651 30075052 1 -0.02013810765868084 30075052 30075052 0
22 444 rs1041749 24846391 2 0.01979280463001303 24846391 24846391 0
22 555 rs739281 26277148 1 0.01978262102089493 26277148 26277148 0
22 853 rs5762930 29378708 2 -0.01865836418736198 29378708 29378708 0
22 1800 rs2076124 39709605 1 0.01807175955565222 39709605 39709605 0
22 2383 rs4823464 47489470 1 -0.01805378909416189 47489470 47489470 0
22 936 rs5997637 30794950 1 0.01783063865637179 30794950 30794950 0
22 2722 rs131749 51024624 2 -0.01759175214785026 51024624 51024624 0
22 2288 rs6006756 45884487 2 0.01754068950807354 45884487 45884487 0
22 619 rs5752327 26844070 1 0.01731631423760214 26844070 26844070 0
22 2571 rs12158344 49214032 1 0.01719337436033818 49214032 49214032 0
22 1753 rs5757166 38995385 1 0.0170824088130449 38995385 38995385 0
22 213 rs2531708 20017445 1 -0.01642534701028345 20017445 20017445 0
22 2632 rs11703376 49678713 1 0.01630764911037316 49678713 49678713 0
22 1147 rs11703151 32849712 1 -0.01582911357322389 32849712 32849712 0
22 2019 rs5759111 43442599 1 -0.01564719507793362 43442599 43442599 0
22 1914 rs7287886 42238027 1 0.01556696307648575 42238027 42238027 0
22 1804 rs12627970 39721745 2 0.01522702755162553 39721745 39721745 0
22 394 rs6003824 23993051 1 -0.01499630463223885 23993051 23993051 0
22 1997 rs738533 43172308 1 0.01486944853568038 43172308 43172308 0
22 497 rs2294371 25509030 1 -0.01482347869808185 25509030 25509030 0
22 1412 rs204276 34744069 2 -0.01479538421532428 34744069 34744069 0
22 564 rs9306419 26369358 2 -0.0147425045831682 26369358 26369358 0
22 1814 rs132575 39982721 1 0.01401518371635559 39982721 39982721 0
22 754 rs136923 27785809 2 0.01401127204503558 27785809 27785809 0
22 2381 rs4476 47440669 1 0.01393502925518318 47440669 47440669 0
22 776 rs8136304 27917070 1 0.01383282382910661 27917070 27917070 0
22 2707 rs11555194 50876662 2 0.01375779765587378 50876662 50876662 0
22 1652 rs2281094 37535471 2 -0.01370616115459324 37535471 37535471 0
22 1968 rs733278 42811919 2 0.0133090623125936 42811919 42811919 0
22 410 rs6003847 24047657 1 -0.01308395973662382 24047657 24047657 0
22 858 rs4823003 29410232 1 0.01275782697519816 29410232 29410232 0
22 1975 rs5996168 42862481 1 -0.01270165902684091 42862481 42862481 0
22 1430 rs1005285 34828825 1 -0.01258287282056941 34828825 34828825 0
22 715 rs760530 27485959 1 0.0124263549217385 27485959 27485959 0
22 205 rs2073741 19989890 1 -0.01241463554728344 19989890 19989890 0
22 1506 rs743811 35792974 1 0.01233051021263773 35792974 35792974 0
22 1619 rs4821540 37241788 2 0.0122722906287772 37241788 37241788 0
22 2561 rs13056461 49155087 1 0.01216741746926119 49155087 49155087 0
22 867 rs132366 29599984 1 -0.0112838484658756 29599984 29599984 0
22 1516 rs13054394 35950648 2 -0.01108095740438308 35950648 35950648 0
22 193 rs2239395 19962203 1 -0.01062080335430844 19962203 19962203 0
22 1853 rs6001931 40877514 1 0.01047756612700804 40877514 40877514 0
22 721 rs9620665 27557030 1 0.0104337072820889 27557030 27557030 0
22 1281 rs5998876 33729763 1 0.0104201713937521 33729763 33729763 0
22 1897 rs132902 41797758 1 0.01029677309026326 41797758 41797758 0
22 1225 rs137489 33262935 1 -0.01027041458796599 33262935 33262935 0
22 1970 rs8139123 42822283 1 -0.01017239439734384 42822283 42822283 0
22 2219 rs5765956 45150659 1 -0.01008362273425773 45150659 45150659 0
22 968 rs4820897 31117495 1 0.0098709147939359 31117495 31117495 0
22 2014 rs2267475 43321816 1 -0.00984114865515223 43321816 43321816 0
22 2405 rs131853 47763158 1 -0.00956668132928287 47763158 47763158 0
22 2418 rs10460765 47944748 2 -0.00940577176848719 47944748 47944748 0
22 1326 rs240073 34086494 1 -0.00927653047988102 34086494 34086494 0
22 2522 rs133515 48907545 1 -0.00921295703237653 48907545 48907545 0
22 487 rs139762 25307571 1 0.00914586867182631 25307571 25307571 0
22 67 rs1072405 18406068 1 0.00911750781954081 18406068 18406068 0
22 1813 rs2413599 39952098 1 0.00901151438496717 39952098 39952098 0
22 2103 rs2401203 44284854 1 -0.0090077787206252 44284854 44284854 0
22 446 rs738813 24862738 1 -0.00900423237479257 24862738 24862738 0
22 1688 rs5750423 37734452 1 0.00892684146600005 37734452 37734452 0
22 1116 rs5753991 32738182 1 0.00891537804121437 32738182 32738182 0
22 2283 rs6006753 45846472 1 -0.00885640656124422 45846472 45846472 0
22 1745 rs6001064 38638071 1 0.00885383834473428 38638071 38638071 0
22 780 rs723184 27962517 1 0.00881175128323845 27962517 27962517 0
22 2605 rs135230 49513663 1 -0.00873970409595858 49513663 49513663 0
22 2460 rs12165477 48305427 2 -0.00852499030912893 48305427 48305427 0
22 2166 rs62226816 44681317 2 -0.00844133429596864 44681317 44681317 0
22 2646 rs5770391 49790713 1 0.00840811544859593 49790713 49790713 0
22 1691 rs4821653 37771985 1 0.00836338142023004 37771985 37771985 0
22 185 rs165631 19951816 1 0.00829795235063049 19951816 19951816 0
22 2493 rs4499 48646288 1 0.00828054305193582 48646288 48646288 0
22 2357 rs875559 47034838 1 0.00825497629301889 47034838 47034838 0
22 2313 rs910923 46487902 1 0.00819554555033109 46487902 46487902 0
22 1698 rs8140025 37910395 2 0.00819299733995109 37910395 37910395 0
22 698 rs134931 27425162 1 -0.00803771239028231 27425162 27425162 0
22 1558 rs132646 36550067 1 -0.00799517668781653 36550067 36550067 0
22 2549 rs130129 49096694 1 0.00796530001049656 49096694 49096694 0
22 834 rs738722 29130012 1 -0.00794402926890585 29130012 29130012 0
22 226 rs9606241 20075858 1 0.00791619066248541 20075858 20075858 0
22 2389 rs754890 47556231 1 -0.00780005271424013 47556231 47556231 0
22 2053 rs11704418 43705678 1 0.00774074643099179 43705678 43705678 0
22 2142 rs5764558 44544028 1 0.00769822456198106 44544028 44544028 0
22 563 rs6004851 26346108 1 0.00761883060485281 26346108 26346108 0
22 1706 rs2235336 37958268 1 0.0075303276311468 37958268 37958268 0
22 979 rs4820902 31165724 1 0.00746357700260755 31165724 31165724 0
22 744 rs980078 27715760 1 -0.0074405516446623 27715760 27715760 0
22 1290 rs16992276 33801983 2 0.00742948532409016 33801983 33801983 0
22 1044 rs12627933 32027449 1 -0.00738841824718216 32027449 32027449 0
22 1893 rs9607793 41736090 1 -0.00738143522933903 41736090 41736090 0
22 1663 rs5995396 37586000 1 0.00737161580080851 37586000 37586000 0
22 1027 rs5753683 31937414 1 -0.00734854161345462 31937414 31937414 0
22 2025 rs4988386 43514886 1 -0.00734813819052768 43514886 43514886 0
22 1591 rs2011107 36890353 1 -0.00731601835339199 36890353 36890353 0
22 144 rs2157727 19565395 2 -0.00722981125706489 19565395 19565395 0
22 1798 rs79290 39685832 1 0.00716092890026666 39685832 39685832 0
22 2625 rs8140508 49610259 2 0.00712570129712937 49610259 49610259 0
22 1771 rs5757387 39333340 1 -0.00690207372010059 39333340 39333340 0
22 607 rs2226691 26789849 2 0.00684771392899925 26789849 26789849 0
22 2139 rs6006486 44503633 1 -0.00659521923110626 44503633 44503633 0
22 1689 rs4821651 37761813 1 -0.00659419374842586 37761813 37761813 0
22 61 rs5992128 18354783 1 -0.0065703426212557 18354783 18354783 0
22 696 rs6005266 27410749 1 0.00638760074261724 27410749 27410749 0
22 820 rs2143180 28298336 2 -0.00628560742122183 28298336 28298336 0
22 1487 rs5750060 35516556 1 -0.00622527506949482 35516556 35516556 0
22 245 rs361988 20810054 1 -0.00605203766839851 20810054 20810054 0
22 341 rs10483109 22537581 1 0.00598912989044771 22537581 22537581 0
22 41 rs174330 18009909 1 0.00588225230865543 18009909 18009909 0
22 1638 rs5756471 37404249 1 0.0058520607113238 37404249 37404249 0
22 379 rs2330452 23754578 2 0.00584235182143154 23754578 23754578 0
22 2364 rs6008957 47108669 1 -0.00579682426898517 47108669 47108669 0
22 2042 rs11705577 43645133 1 -0.00579421190562692 43645133 43645133 0
22 2377 rs136068 47344209 1 0.00577372828062805 47344209 47344209 0
22 2311 rs11090654 46160991 1 -0.00575286211741444 46160991 46160991 0
22 267 rs2072550 21386019 1 0.00560977483942867 21386019 21386019 0
22 434 rs17854874 24468386 1 0.00555516834912897 24468386 24468386 0
22 1994 rs12166331 43121426 1 0.00553344839465627 43121426 43121426 0
22 694 rs5761863 27348456 1 0.00553208226694532 27348456 27348456 0
22 13 rs11703655 17450952 1 0.00541976366675188 17450952 17450952 0
22 2372 rs139596 47224481 1 0.00522088093936459 47224481 47224481 0
22 1584 rs139933 36845207 1 0.00520163997615924 36845207 36845207 0
22 598 rs3788378 26715923 1 0.00520061161058812 26715923 26715923 0
22 68 rs1076539 18439598 1 0.00519651485454165 18439598 18439598 0
22 1872 rs61756762 41257393 2 -0.00519574346683628 41257393 41257393 0
22 328 rs16985150 22525600 1 0.00516017252833338 22525600 22525600 0
22 993 rs5753338 31227901 1 0.00514562021856814 31227901 31227901 0
22 1826 rs2284078 40363778 1 -0.0050829712803302 40363778 40363778 0
22 2080 rs1476036 44158490 1 0.0050803228949628 44158490 44158490 0
22 2246 rs132011 45421536 2 0.0050617725552393 45421536 45421536 0
22 924 rs9614157 30597810 1 -0.00495471023643351 30597810 30597810 0
22 869 rs132372 29604561 1 0.00493992140483261 29604561 29604561 0
22 717 rs5761976 27498426 1 -0.00493942770450543 27498426 27498426 0
22 1414 rs204280 34748164 2 -0.00491709262671201 34748164 34748164 0
22 186 rs165599 19956781 1 -0.00484521195548896 19956781 19956781 0
22 1145 rs6518779 32847116 1 -0.0047845000106032 32847116 32847116 0
22 1148 rs7292178 32859619 1 0.00470795595046551 32859619 32859619 0
22 1839 rs733381 40669648 1 -0.00466114910899843 40669648 40669648 0
22 663 rs6005150 27122480 1 0.00462304037152642 27122480 27122480 0
22 857 rs4823002 29410104 1 0.00461704507201538 29410104 29410104 0
22 2189 rs5766063 44788913 1 -0.00460315905289446 44788913 44788913 0
22 182 rs5993883 19937638 1 -0.00459732140498592 19937638 19937638 0
22 2352 rs5767244 46924254 1 0.0045107977248861 46924254 46924254 0
22 2532 rs5771622 49027446 1 0.00449742251664325 49027446 49027446 0
22 2373 rs974226 47230348 2 0.00449597361079963 47230348 47230348 0
22 14 rs917838 17492452 1 0.00447764868776389 17492452 17492452 0
22 2039 rs148458324 43618695 1 0.00445890262267135 43618695 43618695 0
22 2106 rs2017461 44285765 1 0.00441827871684105 44285765 44285765 0
22 1998 rs9623697 43179166 1 0.00441650961513973 43179166 43179166 0
22 1036 rs2236033 32001050 1 -0.00437696610530889 32001050 32001050 0
22 569 rs5752254 26415475 1 0.00434579753842079 26415475 26415475 0
22 2298 rs136756 45937061 1 -0.00433529871825666 45937061 45937061 0
22 17 rs738033 17599844 1 0.00427809329703739 17599844 17599844 0
22 1494 rs2103642 35631590 1 0.00427356859500791 35631590 35631590 0
22 2542 rs4925429 49059945 1 0.00427305573659407 49059945 49059945 0
22 1643 rs855791 37462936 1 0.00426359732642374 37462936 37462936 0
22 281 rs181362 21932068 2 0.00425636383215342 21932068 21932068 0
22 1043 rs11703808 32024980 1 0.00421970541167605 32024980 32024980 0
22 365 rs9624019 23407301 1 0.00416986707546271 23407301 23407301 0
22 1848 rs6001906 40812499 1 0.00416893059177953 40812499 40812499 0
22 1625 rs5750326 37276285 1 0.00415398231805626 37276285 37276285 0
22 467 rs7287595 25208398 1 0.00409177949806748 25208398 25208398 0
22 1662 rs229527 37581485 1 -0.00404571718884522 37581485 37581485 0
22 2616 rs12170052 49571596 2 0.00400624776382564 49571596 49571596 0
22 733 rs498789 27627416 1 0.00396171117985626 27627416 27627416 0
22 2426 rs132125 48070614 1 -0.00390424253215066 48070614 48070614 0
22 621 rs1894704 26853905 1 0.0038916365157789 26853905 26853905 0
22 2715 rs6520149 50990669 1 -0.00383902063825281 50990669 50990669 0
22 937 rs7288366 30796422 1 0.00382914155363235 30796422 30796422 0
22 1854 rs6001932 40877635 2 -0.0037649257828854 40877635 40877635 0
22 2538 rs8135393 49050448 1 0.00372855805158084 49050448 49050448 0
22 2705 rs9616997 50859049 2 -0.00370895014214766 50859049 50859049 0
22 1876 rs926914 41418154 1 -0.00370720938526078 41418154 41418154 0
22 86 rs5992185 18633978 2 0.00365005728105159 18633978 18633978 0
22 387 rs140174 23922983 2 -0.00362768352533727 23922983 23922983 0
22 837 rs5752793 29160314 1 0.00360075223031493 29160314 29160314 0
22 2054 rs5759305 43755827 1 -0.00352024187593897 43755827 43755827 0
22 2691 rs138220 50550808 1 -0.00349951287402186 50550808 50550808 0
22 824 rs5762549 28693496 1 -0.00349141305462271 28693496 28693496 0
22 50 rs369081 18286672 1 0.00348422725825952 18286672 18286672 0
22 315 rs5750449 22418813 1 -0.00345688449263246 22418813 22418813 0
22 822 rs7292859 28368266 2 -0.00340364528737131 28368266 28368266 0
22 396 rs738785 24022631 1 0.00339994573509826 24022631 24022631 0
22 1220 rs2071947 33246032 1 -0.00339236919654921 33246032 33246032 0
22 2263 rs8135904 45568419 1 -0.00338747290513221 45568419 45568419 0
22 2147 rs139135 44583246 1 -0.00338376400307223 44583246 44583246 0
22 2740 rs9616906 51104680 1 0.00335768512498686 51104680 51104680 0
22 364 rs6003484 23379985 1 0.00334972461935339 23379985 23379985 0
22 1627 rs5756390 37296129 1 -0.00333382092848228 37296129 37296129 0
22 1200 rs4992163 33170856 1 -0.00333324964686044 33170856 33170856 0
22 231 rs8139591 20093317 1 -0.0033188725334177 20093317 20093317 0
22 2586 rs5769373 49411595 1 0.00331395771861718 49411595 49411595 0
22 756 rs136944 27804019 1 -0.00331163011300403 27804019 27804019 0
22 2010 rs2267465 43299878 1 -0.00329977456550655 43299878 43299878 0
22 441 rs5751862 24802564 1 0.00324995838742271 24802564 24802564 0
22 1808 rs2294360 39897792 2 0.00324211986896623 39897792 39897792 0
22 504 rs4820621 25608548 2 0.00322112415395569 25608548 25608548 0
22 2703 rs7284516 50817485 2 0.00317539038900939 50817485 50817485 0
22 352 rs1475930 23250737 1 -0.0031568451151291 23250737 23250737 0
22 127 rs5748167 19370586 2 -0.00311344150438099 19370586 19370586 0
22 718 rs4822859 27508858 1 0.00310862274849597 27508858 27508858 0
22 1431 rs1380148 34842677 1 -0.00310463182035709 34842677 34842677 0
22 156 rs1476445 19621011 1 -0.00309831472876009 19621011 19621011 0
22 2537 rs8142256 49050435 1 -0.00304786270694172 49050435 49050435 0
22 2122 rs3177036 44368204 1 -0.00303606074662739 44368204 44368204 0
22 2489 rs2001902 48569604 1 -0.00302022832244179 48569604 48569604 0
22 162 rs5748391 19659099 1 -0.00296996718630206 19659099 19659099 0
22 745 rs545614 27729548 2 -0.00285913336322641 27729548 27729548 0
22 1803 rs5995711 39720348 1 0.00285686445571176 39720348 39720348 0
22 2662 rs5770527 49932138 1 -0.00284936544269526 49932138 49932138 0
22 113 rs1060376 19196502 1 0.00284451391148165 19196502 19196502 0
22 2670 rs5770650 50077362 1 -0.00283300604990833 50077362 50077362 0
22 2268 rs9626655 45612551 1 0.00282390370609717 45612551 45612551 0
22 161 rs1985884 19643245 1 -0.00280071019733386 19643245 19643245 0
22 2706 rs8185000 50861324 2 0.00275297446231822 50861324 50861324 0
22 2303 rs3788673 45994189 1 0.00275280714960321 45994189 45994189 0
22 1459 rs137270 35167583 1 -0.00274853507445566 35167583 35167583 0
22 2294 rs2238810 45912376 1 -0.00273514166201537 45912376 45912376 0
22 2184 rs2071815 44778738 1 -0.00272033899522104 44778738 44778738 0
22 488 rs139763 25308272 2 -0.00268036351246083 25308272 25308272 0
22 816 rs6005605 28141301 1 -0.00267529264782795 28141301 28141301 0
22 2049 rs5759250 43673800 1 0.00266793943524659 43673800 43673800 0
22 1765 rs469987 39287355 1 0.00265667628137508 39287355 39287355 0
22 792 rs133996 28029685 1 -0.00263012067066821 28029685 28029685 0
22 1565 rs6000197 36603294 1 0.00260885033291594 36603294 36603294 0
22 1501 rs11704301 35711543 2 0.00259165653268041 35711543 35711543 0
22 675 rs13054025 27222059 2 -0.00258956644960373 27222059 27222059 0
22 2191 rs135976 44828077 1 -0.00258527903643861 44828077 44828077 0
22 2240 rs6007397 45339200 2 -0.00255820418793983 45339200 45339200 0
22 2185 rs5764981 44780466 1 -0.00255219027613156 44780466 44780466 0
22 466 rs139606 25189055 1 -0.00253873684661538 25189055 25189055 0
22 1143 rs2076051 32831809 1 0.00253173388772775 32831809 32831809 0
22 1739 rs6001027 38545619 1 0.00252117873607219 38545619 38545619 0
22 702 rs5761922 27438631 1 -0.00251696594724514 27438631 27438631 0
22 1437 rs5999398 34880370 1 0.00249255479275216 34880370 34880370 0
22 1367 rs13057617 34247064 1 0.00246816981943339 34247064 34247064 0
22 1760 rs5757279 39168987 1 -0.00246331396362287 39168987 39168987 0
22 1170 rs1962222 32971900 2 0.0024268420496425 32971900 32971900 0
22 1983 rs130370 43080028 1 -0.00240127593986662 43080028 43080028 0
22 2597 rs6009408 49461764 1 0.0023819067528182 49461764 49461764 0
22 2017 rs2018340 43390319 1 -0.00237458016545319 43390319 43390319 0
22 781 rs5762257 27968208 1 0.00234554599504387 27968208 27968208 0
22 29 rs4819996 17790731 1 0.00233597324427929 17790731 17790731 0
22 2117 rs926633 44337533 2 -0.00233155532386492 44337533 44337533 0
22 982 rs136287 31192023 2 0.00231794332749483 31192023 31192023 0
22 2570 rs7286388 49212730 2 -0.00230561460327027 49212730 49212730 0
22 1395 rs5754914 34640046 1 -0.00228000719977152 34640046 34640046 0
22 2484 rs16994730 48514296 1 0.00227848639291201 48514296 48514296 0
22 210 rs2518827 20010730 1 -0.00226516633646095 20010730 20010730 0
22 1182 rs13340089 33032041 2 0.00225728730778527 33032041 33032041 0
22 2599 rs6009424 49473747 1 0.00225469946760979 49473747 49473747 0
22 2494 rs133588 48666450 1 0.0022464259563237 48666450 48666450 0
22 438 rs2275984 24622648 1 0.00223974625982155 24622648 24622648 0
22 1712 rs9610841 38121152 1 -0.00222217032224532 38121152 38121152 0
22 1719 rs34834842 38328597 2 -0.00220438491816859 38328597 38328597 0
22 422 rs738807 24234245 1 -0.00216720278836482 24234245 24234245 0
22 2482 rs5768350 48494758 1 0.0021510433079596 48494758 48494758 0
22 2247 rs132028 45428606 2 -0.00215044241239109 45428606 45428606 0
22 939 rs8142204 30853082 1 -0.00214521103212543 30853082 30853082 0
22 1686 rs2284051 37710569 2 -0.00214234384513557 37710569 37710569 0
22 2188 rs13055798 44787383 1 -0.00213966278669199 44787383 44787383 0
22 2121 rs3761472 44368122 1 -0.00211154037433905 44368122 44368122 0
22 1181 rs16990872 33031393 1 -0.00211053797834435 33031393 33031393 0
22 948 rs4820018 30986172 1 -0.0021077906458198 30986172 30986172 0
22 241 rs361640 20753615 1 -0.0021011174534407 20753615 20753615 0
22 1167 rs12628631 32939719 1 0.00208517631167976 32939719 32939719 0
22 1066 rs61731667 32218727 2 -0.00207326310524057 32218727 32218727 0
22 2584 rs5770661 49372831 1 -0.00207231703632529 49372831 49372831 0
22 908 rs41159 30407364 1 -0.00203691678916945 30407364 30407364 0
22 741 rs507070 27700919 2 -0.00202186686740339 27700919 27700919 0
22 870 rs3950176 29630337 1 0.00198029631389437 29630337 29630337 0
22 1680 rs13054809 37650844 1 -0.00197564026215658 37650844 37650844 0
22 311 rs9610690 22304943 1 -0.00197380007172836 22304943 22304943 0
22 748 rs4302309 27751796 2 0.0019494793240945 27751796 27751796 0
22 373 rs5751614 23593051 1 0.00192662422970904 23593051 23593051 0
22 2704 rs7410465 50856222 1 0.00188970063888353 50856222 50856222 0
22 1156 rs17771806 32881581 1 -0.0018826381715872 32881581 32881581 0
22 2162 rs5764659 44646105 1 0.0018749375189886 44646105 44646105 0
22 153 rs9606090 19593854 1 0.00186010225514865 19593854 19593854 0
22 1020 rs1858821 31676454 1 -0.00185395764913813 31676454 31676454 0
22 1136 rs9609537 32807769 1 -0.00185011956712418 32807769 32807769 0
22 437 rs7288201 24621293 1 0.0018417177513705 24621293 24621293 0
22 2580 rs4824047 49351767 1 0.00183984824499703 49351767 49351767 0
22 1781 rs139298 39497452 1 0.00183873422071258 39497452 39497452 0
22 626 rs3747137 26879691 1 0.00182603300004517 26879691 26879691 0
22 2407 rs11090767 47783452 1 -0.00182479749307222 47783452 47783452 0
22 1022 rs737887 31696615 1 -0.00179507995867519 31696615 31696615 0
22 2579 rs2092779 49339278 1 -0.00178900684368594 49339278 49339278 0
22 2560 rs16999845 49154931 1 -0.00178341482988454 49154931 49154931 0
22 1696 rs5750446 37902926 1 -0.00177764955657004 37902926 37902926 0
22 2252 rs723553 45518890 1 -0.00177681194787657 45518890 45518890 0
22 637 rs9608498 26945288 1 0.00176840716238267 26945288 26945288 0
22 2273 rs2673087 45682975 1 -0.00174402580722552 45682975 45682975 0
22 195 rs1990277 19970502 1 -0.00172773921537532 19970502 19970502 0
22 254 rs1339959 21005697 1 0.00172713407215579 21005697 21005697 0
22 2116 rs1010023 44336098 2 -0.00172161133267498 44336098 44336098 0
22 426 rs7293178 24248370 1 0.00171102038171804 24248370 24248370 0
22 1288 rs9609779 33799128 1 0.00170261714811862 33799128 33799128 0
22 1857 rs16985899 40963402 1 0.00170228074496517 40963402 40963402 0
22 1766 rs132513 39291626 1 -0.00168118011595736 39291626 39291626 0
22 1394 rs5754910 34636072 2 -0.0016553924563741 34636072 34636072 0
22 739 rs768784 27690377 1 -0.00164371360239337 27690377 27690377 0
22 659 rs5752378 27069835 1 0.00162853150509147 27069835 27069835 0
22 2181 rs7285004 44774700 1 -0.00161897687966632 44774700 44774700 0
22 874 rs2267136 29767925 2 -0.00161173504445796 29767925 29767925 0
22 573 rs11090428 26485668 1 0.00160991637437943 26485668 26485668 0
22 2301 rs763100 45988571 1 -0.00160569230119474 45988571 45988571 0
22 899 rs28635872 30297546 2 -0.0015974335351143 30297546 30297546 0
22 727 rs550260 27575542 1 0.00159345404463041 27575542 27575542 0
22 1677 rs2284038 37635055 1 -0.00158966459334695 37635055 37635055 0
22 1624 rs5756379 37275904 1 0.00155950367707358 37275904 37275904 0
22 1201 rs17503 33173944 1 -0.00155258754801287 33173944 33173944 0
22 2222 rs3788630 45191504 1 0.00154447209494083 45191504 45191504 0
22 2697 rs5771086 50595842 2 -0.00153219660316006 50595842 50595842 0
22 80 rs9618193 18549740 1 -0.00151491440728463 18549740 18549740 0
22 807 rs7290472 28101265 1 -0.00149448429833461 28101265 28101265 0
22 719 rs9608581 27533998 2 0.00148953837190253 27533998 27533998 0
22 1263 rs137297 33502167 1 -0.00148531466676511 33502167 33502167 0
22 2237 rs5766218 45337329 1 -0.00146719390239297 45337329 45337329 0
22 2299 rs9682 45937149 1 -0.00146510991912629 45937149 45937149 0
22 102 rs4819778 19134083 1 -0.00146174870519489 19134083 19134083 0
22 1816 rs136858 40065322 1 0.0014586536772164 40065322 40065322 0
22 2256 rs9306489 45525484 2 0.00144925535018896 45525484 45525484 0
22 1280 rs2283889 33728035 1 0.00144661548268079 33728035 33728035 0
22 1827 rs11912922 40403171 1 -0.00144362668738399 40403171 40403171 0
22 1458 rs137269 35167444 1 -0.00143813497411 35167444 35167444 0
22 483 rs139724 25284829 1 0.00143687883753891 25284829 25284829 0
22 1717 rs6519091 38307909 2 -0.00143338311484903 38307909 38307909 0
22 1278 rs5998822 33628586 1 0.00143201154569779 33628586 33628586 0
22 2626 rs2091051 49613009 1 0.00141320171054899 49613009 49613009 0
22 10 rs7287116 17443131 1 -0.0014106803998264 17443131 17443131 0
22 2118 rs738491 44354111 1 -0.00140503223443714 44354111 44354111 0
22 78 rs5992985 18545634 1 -0.0013850628193908 18545634 18545634 0
22 2274 rs3788643 45686090 1 -0.00136028110915382 45686090 45686090 0
22 2304 rs2071871 45996110 1 -0.00135757475829046 45996110 45996110 0
22 714 rs760529 27485345 1 0.00135664985930562 27485345 27485345 0
22 2277 rs12172195 45813687 1 0.00133295458037197 45813687 45813687 0
22 1944 rs73167167 42537623 1 -0.00132081903271849 42537623 42537623 0
22 1093 rs12160839 32533584 1 0.00131764854182716 32533584 32533584 0
22 1423 rs204448 34798397 1 -0.0012933599764287 34798397 34798397 0
22 260 rs7292968 21335559 2 0.00128578315330362 21335559 21335559 0
22 1030 rs16989291 31971282 1 -0.00128314707207957 31971282 31971282 0
22 928 rs4823086 30688659 1 0.00128145923232877 30688659 30688659 0
22 1718 rs143910997 38321806 2 -0.00128118989028179 38321806 38321806 0
22 454 rs4820599 24990213 1 0.00127930797744879 24990213 24990213 0
22 481 rs139684 25252510 1 -0.00127770275538379 25252510 25252510 0
22 831 rs1547014 29100711 1 -0.00127046059389233 29100711 29100711 0
22 1218 rs130301 33234199 1 0.0012605487885056 33234199 33234199 0
22 2731 rs131728 51054264 1 -0.00125201592625104 51054264 51054264 0
22 1957 rs134874 42661144 1 0.00124456294644707 42661144 42661144 0
22 1284 rs2142550 33743341 1 0.00124450753849629 33743341 33743341 0
22 2305 rs13268 45996298 1 -0.00123235970571483 45996298 45996298 0
22 543 rs8143030 26222247 1 0.00122778057747602 26222247 26222247 0
22 30 rs2040692 17831813 1 -0.00121909024884116 17831813 17831813 0
22 2152 rs470111 44595591 1 0.00121785989152181 44595591 44595591 0
22 453 rs743368 24946924 1 0.00121236519744392 24946924 24946924 0
22 742 rs79136 27701317 1 0.00120879875629681 27701317 27701317 0
22 475 rs4822549 25231422 1 -0.00120426575514539 25231422 25231422 0
22 800 rs134099 28071675 1 0.00120140062148918 28071675 28071675 0
22 2565 rs131025 49175009 1 -0.00119595720092341 49175009 49175009 0
22 1705 rs8137687 37943299 1 -0.00119585205625651 37943299 37943299 0
22 662 rs5761697 27110259 1 -0.00118536258875265 27110259 27110259 0
22 1128 rs9619261 32777364 1 -0.00118217006182246 32777364 32777364 0
22 664 rs763105 27137135 1 -0.00118164537484944 27137135 27137135 0
22 1588 rs6000284 36883074 1 -0.00117905616561095 36883074 36883074 0
22 2141 rs2267614 44530420 1 0.0011673055534725 44530420 44530420 0
22 2725 rs3219201 51043278 1 -0.00116517122877575 51043278 51043278 0
22 902 rs737906 30367857 1 -0.00116107363655836 30367857 30367857 0
22 1520 rs5750120 35975792 1 -0.0011594958049571 35975792 35975792 0
22 537 rs5996973 26185235 1 0.0011581138754917 26185235 26185235 0
22 1693 rs5995425 37794293 2 -0.00115335997170351 37794293 37794293 0
22 1583 rs9610510 36804282 1 -0.00115051736340202 36804282 36804282 0
22 872 rs13056977 29710360 1 0.0011343776935389 29710360 29710360 0
22 1866 rs5995941 41144917 2 -0.00112675024516858 41144917 41144917 0
22 2251 rs6006926 45475332 1 -0.0011219428770656 45475332 45475332 0
22 1099 rs9606916 32567306 2 -0.00111369454166564 32567306 32567306 0
22 1018 rs2106294 31645759 1 -0.00110330785800088 31645759 31645759 0
22 0 rs5747999 17075353 2 -0.00109935209076466 17075353 17075353 0
22 2495 rs6007822 48671102 1 -0.00109516791288448 48671102 48671102 0
22 1962 rs9620039 42738766 2 -0.0010711422658552 42738766 42738766 0
22 2233 rs4823418 45315232 1 0.00106919727021178 45315232 45315232 0
22 16 rs879575 17589567 1 0.00106439931844002 17589567 17589567 0
22 374 rs5759670 23614426 1 -0.00105833847669254 23614426 23614426 0
22 146 rs4819808 19567149 1 0.00103296088302063 19567149 19567149 0
22 2444 rs4823703 48222045 1 0.001028059431829 48222045 48222045 0
22 2020 rs2076160 43448117 1 -0.00102387680676428 43448117 43448117 0
22 605 rs5752314 26772006 1 0.0010224812605519 26772006 26772006 0
22 2604 rs135223 49512164 1 0.00102175054086502 49512164 49512164 0
22 1877 rs12628527 41431490 1 -0.00101500783564126 41431490 41431490 0
22 2649 rs5770418 49812076 1 0.00100906929761459 49812076 49812076 0
22 903 rs5763662 30378703 1 0.00100618315961311 30378703 30378703 0
22 126 rs2285334 19365286 1 -0.00100049873704482 19365286 19365286 0
22 1286 rs7286572 33776430 1 9.989109474972417e-4 33776430 33776430 0
22 2728 rs14136 51048721 2 9.98816448845915e-4 51048721 51048721 0
22 1489 rs2157592 35519850 1 -9.964708859564813e-4 35519850 35519850 0
22 2684 rs5771069 50435480 1 9.964474922260146e-4 50435480 50435480 0
22 1722 rs6519095 38431917 1 9.931402910526813e-4 38431917 38431917 0
22 1026 rs2413054 31904170 1 -9.78941565701592e-4 31904170 31904170 0
22 574 rs134703 26500417 1 -9.780494479359838e-4 26500417 26500417 0
22 1601 rs2267341 36976975 1 -9.77876753330644e-4 36976975 36976975 0
22 769 rs2092741 27888434 1 9.75439749113886e-4 27888434 27888434 0
22 2102 rs2071881 44283440 1 -9.7498531235577e-4 44283440 44283440 0
22 1913 rs2267439 42237769 1 9.470938986053928e-4 42237769 42237769 0
22 2212 rs9614840 45012097 1 -9.377184977023568e-4 45012097 45012097 0
22 722 rs9625165 27557351 2 -9.375707943565888e-4 27557351 27557351 0
22 512 rs1930961 25875265 1 -9.302474760830904e-4 25875265 25875265 0
22 1681 rs8139798 37660255 2 -9.279741928282194e-4 37660255 37660255 0
22 1861 rs12159200 41042091 1 -9.212636647132088e-4 41042091 41042091 0
22 2265 rs1125398 45589490 1 -9.160352980372588e-4 45589490 45589490 0
22 2435 rs11703636 48173591 1 9.15401609116391e-4 48173591 48173591 0
22 1923 rs6002555 42343091 1 9.12379703904994e-4 42343091 42343091 0
22 2032 rs6971 43558926 1 9.083863472885592e-4 43558926 43558926 0
22 2284 rs5764742 45864459 1 -8.819472582400434e-4 45864459 45864459 0
22 1173 rs16990808 32994093 1 8.791378597583296e-4 32994093 32994093 0
22 784 rs9613476 27989777 1 8.685041896727396e-4 27989777 27989777 0
22 2276 rs73169241 45728596 2 8.660881022596622e-4 45728596 45728596 0
22 1264 rs137326 33523109 1 -8.641274988856372e-4 33523109 33523109 0
22 1424 rs204456 34799184 1 -8.571070384385589e-4 34799184 34799184 0
22 1204 rs7292199 33181575 1 -8.563352487970805e-4 33181575 33181575 0
22 2034 rs6973 43559137 1 8.552514422612626e-4 43559137 43559137 0
22 2229 rs6006893 45253895 1 -8.54944971659252e-4 45253895 45253895 0
22 1852 rs9607721 40862120 1 -8.466046736203423e-4 40862120 40862120 0
22 866 rs80604 29596502 1 -8.186635455343138e-4 29596502 29596502 0
22 740 rs9625200 27700318 1 -8.09125211432264e-4 27700318 27700318 0
22 759 rs136958 27815491 1 8.058688388095916e-4 27815491 27815491 0
22 1084 rs738993 32437340 1 7.839117876221009e-4 32437340 32437340 0
22 1252 rs9609686 33430734 1 -7.776952858595763e-4 33430734 33430734 0
22 580 rs134760 26573345 1 -7.68603937168662e-4 26573345 26573345 0
22 661 rs5752388 27109475 1 7.637448894363284e-4 27109475 27109475 0
22 82 rs467504 18583267 1 -7.57960811441614e-4 18583267 18583267 0
22 1428 rs4821257 34825788 1 -7.514110773095839e-4 34825788 34825788 0
22 2521 rs8142739 48906678 2 -7.467962970344521e-4 48906678 48906678 0
22 2176 rs763041 44763752 2 -7.421603213996191e-4 44763752 44763752 0
22 2397 rs2187793 47688003 1 -7.350920636670669e-4 47688003 47688003 0
22 2192 rs8135880 44834292 1 7.291875349513476e-4 44834292 44834292 0
22 137 rs5746758 19496882 1 7.27827136021055e-4 19496882 19496882 0
22 251 rs7290923 20999208 1 7.217690785166575e-4 20999208 20999208 0
22 2207 rs2349634 44973739 1 7.080520860856415e-4 44973739 44973739 0
22 4 rs874836 17301843 1 7.061984074898489e-4 17301843 17301843 0
22 647 rs5752351 26990807 2 6.989927686172523e-4 26990807 26990807 0
22 2171 rs743864 44747100 1 -6.97603258262253e-4 44747100 44747100 0
22 595 rs137203 26688831 1 6.941878902582353e-4 26688831 26688831 0
22 2338 rs6008598 46704243 1 -6.931487227385628e-4 46704243 46704243 0
22 354 rs737885 23263708 1 6.930944919635306e-4 23263708 23263708 0
22 1439 rs743726 34903156 1 -6.9085923806279e-4 34903156 34903156 0
22 641 rs9613212 26957774 1 -6.899247042336789e-4 26957774 26957774 0
22 2363 rs9616101 47108189 1 6.882776106947367e-4 47108189 47108189 0
22 1214 rs738992 33210005 1 -6.673820899204194e-4 33210005 33210005 0
22 2382 rs86559 47454664 2 -6.633286639879737e-4 47454664 47454664 0
22 736 rs5762049 27662213 1 6.596184176396759e-4 27662213 27662213 0
22 1383 rs2213325 34474560 1 6.594722248387151e-4 34474560 34474560 0
22 1372 rs7287612 34277434 1 -6.591141390663292e-4 34277434 34277434 0
22 57 rs61744286 18310439 1 6.572202930674032e-4 18310439 18310439 0
22 282 rs5754217 21939675 1 -6.486831082124489e-4 21939675 21939675 0
22 265 rs2541953 21381646 1 -6.414145241527432e-4 21381646 21381646 0
22 1411 rs738959 34740703 1 -6.391795858984954e-4 34740703 34740703 0
22 651 rs2071862 27021401 1 6.389431810178302e-4 27021401 27021401 0
22 62 rs5992882 18358301 1 -6.378917754909935e-4 18358301 18358301 0
22 1054 rs117343825 32110988 1 -6.318521747907397e-4 32110988 32110988 0
22 79 rs17742344 18549641 1 -6.308420399025075e-4 18549641 18549641 0
22 1904 rs8139203 42166416 1 -6.307857136601301e-4 42166416 42166416 0
22 1198 rs135150 33170101 1 -6.302693277451698e-4 33170101 33170101 0
22 2734 rs73172277 51061827 1 -6.257738784505299e-4 51061827 51061827 0
22 1029 rs5753700 31971258 1 6.1560042100602e-4 31971258 31971258 0
22 1287 rs715487 33791374 1 -6.135936385980557e-4 33791374 33791374 0
22 823 rs5762511 28575543 1 -6.134504561483634e-4 28575543 28575543 0
22 2201 rs5765728 44922408 1 -6.121214588854557e-4 44922408 44922408 0
22 2174 rs8138173 44760039 1 6.01465498761968e-4 44760039 44760039 0
22 2136 rs1018795 44429762 1 5.967443851934319e-4 44429762 44429762 0
22 421 rs60699980 24226890 1 -5.963965471783094e-4 24226890 24226890 0
22 566 rs7287184 26399432 1 -5.900533326420959e-4 26399432 26399432 0
22 1378 rs4820127 34395171 1 5.895645011768695e-4 34395171 34395171 0
22 2316 rs4253730 46610409 1 -5.893280560906876e-4 46610409 46610409 0
22 2663 rs135793 49946905 2 5.789969843571108e-4 49946905 49946905 0
22 270 rs383331 21424414 1 5.754524201633944e-4 21424414 21424414 0
22 2442 rs9626773 48182991 1 -5.719539716552175e-4 48182991 48182991 0
22 65 rs4819647 18391061 1 5.693378206978654e-4 18391061 18391061 0
22 257 rs2072517 21115244 2 5.676018591580752e-4 21115244 21115244 0
22 2151 rs139154 44595562 1 -5.65675199186507e-4 44595562 44595562 0
22 1779 rs2014881 39445380 1 5.647336860580037e-4 39445380 39445380 0
22 1272 rs2213457 33568560 1 -5.630890966114917e-4 33568560 33568560 0
22 873 rs2267135 29767034 1 5.618222093233579e-4 29767034 29767034 0
22 2409 rs4823482 47820668 1 -5.585540895301687e-4 47820668 47820668 0
22 1821 rs6001679 40169926 1 5.572704066368875e-4 40169926 40169926 0
22 2115 rs2896019 44333694 1 5.437887023695434e-4 44333694 44333694 0
22 70 rs5992917 18443699 1 5.43188006154635e-4 18443699 18443699 0
22 425 rs1007888 24241101 1 5.411145520447703e-4 24241101 24241101 0
22 2500 rs4823756 48766791 1 -5.392689535880962e-4 48766791 48766791 0
22 1891 rs139513 41655058 1 -5.329692326448312e-4 41655058 41655058 0
22 1621 rs10854693 37252010 2 -5.324715499018006e-4 37252010 37252010 0
22 2071 rs767249 44113813 1 5.215813660770618e-4 44113813 44113813 0
22 122 rs3761407 19279641 1 5.190898469175133e-4 19279641 19279641 0
22 1521 rs2009681 35976171 1 5.165171355352818e-4 35976171 35976171 0
22 277 rs2543398 21460220 1 -5.128650547373601e-4 21460220 21460220 0
22 2416 rs130481 47940908 1 -5.120262719925247e-4 47940908 47940908 0
22 1963 rs6002695 42742451 2 -5.079453015594297e-4 42742451 42742451 0
22 864 rs5752866 29498118 1 -5.063398343222549e-4 29498118 29498118 0
22 817 rs3819658 28160074 1 4.997897580768037e-4 28160074 28160074 0
22 1219 rs715572 33234931 1 4.968423390524604e-4 33234931 33234931 0
22 1453 rs5999506 35096084 1 4.962512562117016e-4 35096084 35096084 0
22 2588 rs4823969 49416063 2 -4.943976204130417e-4 49416063 49416063 0
22 228 rs35569747 20082293 1 4.913709274831097e-4 20082293 20082293 0
22 2492 rs5768453 48621722 2 4.895730625485184e-4 48621722 48621722 0
22 1127 rs9621435 32774944 1 4.832066220821273e-4 32774944 32774944 0
22 1549 rs5756047 36425725 1 4.8130968080340255e-4 36425725 36425725 0
22 1188 rs2008206 33124633 1 -4.794614537809265e-4 33124633 33124633 0
22 272 rs408718 21425769 1 4.7551545476740297e-4 21425769 21425769 0
22 2172 rs5766627 44750243 1 4.73953051882472e-4 44750243 44750243 0
22 1038 rs9621295 32007153 1 4.716090745845992e-4 32007153 32007153 0
22 432 rs9624395 24460593 1 4.705086351499691e-4 24460593 24460593 0
22 2225 rs9614576 45225297 1 -4.628323857671703e-4 45225297 45225297 0
22 2596 rs6009399 49459944 2 4.607654558399571e-4 49459944 49459944 0
22 2671 rs5770651 50077531 1 -4.5244077508426584e-4 50077531 50077531 0
22 1373 rs2213360 34291750 1 -4.479777306729014e-4 34291750 34291750 0
22 2654 rs8138283 49841479 1 4.463447749466096e-4 49841479 49841479 0
22 2436 rs738731 48177064 1 -4.426045345353031e-4 48177064 48177064 0
22 636 rs2267085 26945043 1 4.412571882108938e-4 26945043 26945043 0
22 562 rs9613049 26345603 2 -4.371059581884105e-4 26345603 26345603 0
22 89 rs11913840 18912677 1 -4.370650525921004e-4 18912677 18912677 0
22 2353 rs5767265 46964267 1 4.3644925459489713e-4 46964267 46964267 0
22 366 rs5751574 23416005 1 -4.3621538766906297e-4 23416005 23416005 0
22 803 rs5762311 28090207 2 -4.311051533366601e-4 28090207 28090207 0
22 794 rs134005 28033628 1 -4.2975857492242155e-4 28033628 28033628 0
22 2155 rs139163 44597929 1 4.281633101827789e-4 44597929 44597929 0
22 1775 rs2142833 39392296 2 4.234397288273221e-4 39392296 39392296 0
22 2314 rs135551 46553021 1 -4.1692583586659313e-4 46553021 46553021 0
22 735 rs932299 27661009 1 4.101663003819243e-4 27661009 27661009 0
22 2067 rs137731 44031042 1 -4.08909053408287e-4 44031042 44031042 0
22 994 rs738372 31228584 1 -4.03815727789043e-4 31228584 31228584 0
22 1139 rs35856742 32810378 1 4.032185856642517e-4 32810378 32810378 0
22 2732 rs131724 51055900 1 4.016622354139313e-4 51055900 51055900 0
22 1377 rs4820125 34332195 1 -3.9508652673479305e-4 34332195 34332195 0
22 344 rs9623019 22539076 1 3.940792647936159e-4 22539076 22539076 0
22 1526 rs738370 35982672 1 -3.92598322195857e-4 35982672 35982672 0
22 283 rs4821112 21964761 1 3.872148064445861e-4 21964761 21964761 0
22 420 rs2330625 24207962 1 -3.83835912230495e-4 24207962 24207962 0
22 1448 rs738254 35043920 1 -3.8125906198486673e-4 35043920 35043920 0
22 710 rs4822842 27471415 1 -3.727257569798237e-4 27471415 27471415 0
22 2348 rs9616019 46886036 1 -3.702848061490728e-4 46886036 46886036 0
22 774 rs737384 27913012 1 -3.649839709204669e-4 27913012 27913012 0
22 2396 rs6008118 47683805 1 3.6110951688352874e-4 47683805 47683805 0
22 1433 rs12170276 34847027 1 3.590936542099838e-4 34847027 34847027 0
22 2611 rs7290456 49568230 1 -3.564101394302392e-4 49568230 49568230 0
22 278 rs460106 21806401 2 3.547104083273028e-4 21806401 21806401 0
22 2101 rs739231 44282276 1 -3.511881307985424e-4 44282276 44282276 0
22 395 rs5751708 24022307 1 3.467985455739216e-4 24022307 24022307 0
22 2699 rs34163881 50655543 1 -3.462487890364233e-4 50655543 50655543 0
22 479 rs56123612 25251372 1 3.424273448922024e-4 25251372 25251372 0
22 1166 rs739006 32937959 1 3.414840047221512e-4 32937959 32937959 0
22 464 rs56032751 25158445 1 3.409627045601475e-4 25158445 25158445 0
22 529 rs4822649 26163003 1 3.394153318400723e-4 26163003 26163003 0
22 439 rs2267073 24639069 1 3.2986029167822857e-4 24639069 24639069 0
22 813 rs134131 28128858 1 3.278828655726864e-4 28128858 28128858 0
22 1289 rs2283904 33800119 1 -3.2698207685234184e-4 33800119 33800119 0
22 1603 rs9622424 36984307 1 3.2360609458227847e-4 36984307 36984307 0
22 2624 rs2688173 49610157 2 3.196907393590492e-4 49610157 49610157 0
22 2007 rs5758972 43232973 1 -3.165360859824865e-4 43232973 43232973 0
22 1596 rs5756233 36935796 1 3.105008635511426e-4 36935796 36935796 0
22 357 rs915613 23299769 1 3.100331341522212e-4 23299769 23299769 0
22 9 rs9618937 17414640 1 -3.0767853628262614e-4 17414640 17414640 0
22 1637 rs9610624 37387257 1 3.0409094724711795e-4 37387257 37387257 0
22 2608 rs9616437 49529613 1 -3.0130810284644324e-4 49529613 49529613 0
22 650 rs35520672 27019264 2 -3.004410706499853e-4 27019264 27019264 0
22 585 rs737792 26651766 1 -2.9753390449727384e-4 26651766 26651766 0
22 558 rs5761308 26304988 1 2.9522956456397504e-4 26304988 26304988 0
22 1979 rs11703700 42877543 1 2.9474839476012927e-4 42877543 42877543 0
22 2346 rs61737816 46829377 1 2.930777779010862e-4 46829377 46829377 0
22 2469 rs9615717 48381376 1 -2.8648805237249425e-4 48381376 48381376 0
22 757 rs136945 27804079 1 -2.842112405392594e-4 27804079 27804079 0
22 684 rs136531 27245485 1 -2.815601926608973e-4 27245485 27245485 0
22 2114 rs2281135 44332570 1 2.8092199532837875e-4 44332570 44332570 0
22 2712 rs11479 50964236 1 -2.803835830040712e-4 50964236 50964236 0
22 680 rs136504 27236439 1 2.790730807193651e-4 27236439 27236439 0
22 151 rs5748336 19588535 1 -2.785114545168774e-4 19588535 19588535 0
22 2711 rs12148 50962208 1 2.6447390122449107e-4 50962208 50962208 0
22 726 rs475069 27569081 2 -2.641605274321962e-4 27569081 27569081 0
22 513 rs5996945 25875573 1 -2.631594871068672e-4 25875573 25875573 0
22 1 rs4819535 17278762 1 2.62458382746965e-4 17278762 17278762 0
22 1993 rs5758898 43117463 2 2.6104652105708726e-4 43117463 43117463 0
22 1524 rs7287460 35979857 1 2.598762212632197e-4 35979857 35979857 0
22 463 rs2007382 25109027 1 -2.5675812039375133e-4 25109027 25109027 0
22 758 rs79556 27814314 1 2.54360609706645e-4 27814314 27814314 0
22 1482 rs5999687 35440082 1 -2.506206217635995e-4 35440082 35440082 0
22 297 rs5999264 22095920 2 -2.4483643171110936e-4 22095920 22095920 0
22 2211 rs6006832 45007468 1 -2.44259270341383e-4 45007468 45007468 0
22 158 rs2871039 19634330 1 2.423086527133566e-4 19634330 19634330 0
22 2644 rs713997 49784591 1 -2.412184016055006e-4 49784591 49784591 0
22 2 rs5748648 17280822 1 2.4059083570682167e-4 17280822 17280822 0
22 2417 rs4263223 47944269 1 -2.3937421151308465e-4 47944269 47944269 0
22 1221 rs2283885 33248902 1 -2.328923694043299e-4 33248902 33248902 0
22 173 rs17745302 19839438 1 -2.2684632070841897e-4 19839438 19839438 0
22 2648 rs6009663 49803587 2 2.2398046659289912e-4 49803587 49803587 0
22 418 rs5760066 24187820 1 -2.2332891381524083e-4 24187820 24187820 0
22 2358 rs135676 47091321 1 2.2250307545738324e-4 47091321 47091321 0
22 2099 rs138099 44251852 1 -2.1826245317569905e-4 44251852 44251852 0
22 1978 rs4822135 42876604 1 2.1768749206796636e-4 42876604 42876604 0
22 535 rs4822652 26180196 1 -2.1726263052850053e-4 26180196 26180196 0
22 2227 rs5766113 45251423 2 2.1226945512439752e-4 45251423 45251423 0
22 356 rs463235 23278593 1 2.1058216078441216e-4 23278593 23278593 0
22 52 rs389496 18289204 1 2.0949076977536663e-4 18289204 18289204 0
22 676 rs10483127 27222286 2 2.0926569770977335e-4 27222286 27222286 0
22 829 rs9620804 28919200 1 -2.068168111230552e-4 28919200 28919200 0
22 2639 rs848728 49740746 1 -2.0193506759608537e-4 49740746 49740746 0
22 926 rs2108093 30679387 1 1.9851471309185385e-4 30679387 30679387 0
22 1777 rs6001376 39407399 1 1.9837446580153688e-4 39407399 39407399 0
22 2486 rs2338671 48538763 1 1.9603243069731484e-4 48538763 48538763 0
22 2018 rs6003007 43430077 1 -1.8975787394730895e-4 43430077 43430077 0
22 2035 rs2071724 43577048 2 -1.859524110739655e-4 43577048 43577048 0
22 31 rs5746366 17890558 1 1.8475122347336517e-4 17890558 17890558 0
22 326 rs5757142 22518517 1 1.834487954617414e-4 22518517 22518517 0
22 1100 rs136410 32574274 1 -1.8229511082360145e-4 32574274 32574274 0
22 750 rs2142619 27756300 1 1.8206168203418067e-4 27756300 27756300 0
22 2051 rs2269670 43700013 1 -1.810730679117232e-4 43700013 43700013 0
22 1074 rs9621357 32275852 1 1.809952093805847e-4 32275852 32275852 0
22 1573 rs136148 36652931 2 1.8063511550238463e-4 36652931 36652931 0
22 934 rs2015035 30771554 2 -1.805872348922391e-4 30771554 30771554 0
22 491 rs2179876 25319537 1 1.791662402196775e-4 25319537 25319537 0
22 2278 rs1022477 45821887 1 1.7546472708687973e-4 45821887 45821887 0
22 2150 rs16991639 44595239 1 1.7460560317562993e-4 44595239 44595239 0
22 2539 rs8140223 49050544 1 1.7363103195650216e-4 49050544 49050544 0
22 399 rs3747110 24024815 1 -1.7360184162278476e-4 24024815 24024815 0
22 2271 rs2742630 45680473 1 -1.699835728184698e-4 45680473 45680473 0
22 1922 rs7293091 42341308 1 1.6779027259255445e-4 42341308 42341308 0
22 1822 rs137972 40311879 1 1.6712704325395555e-4 40311879 40311879 0
22 2461 rs5768148 48307904 1 -1.633554002013805e-4 48307904 48307904 0
22 1612 rs2746971 37101890 1 -1.6137749552006835e-4 37101890 37101890 0
22 1788 rs6001491 39594740 1 -1.6082214824956692e-4 39594740 39594740 0
22 2730 rs131729 51053719 1 1.5925613003162255e-4 51053719 51053719 0
22 1217 rs242076 33229830 1 1.5130171869763827e-4 33229830 33229830 0
22 854 rs5762938 29382386 2 1.480004115965609e-4 29382386 29382386 0
22 2447 rs7286675 48227401 1 -1.466917349085188e-4 48227401 48227401 0
22 1746 rs9622771 38675738 1 -1.4456376376228503e-4 38675738 38675738 0
22 1844 rs17001868 40778231 1 1.4094038124853715e-4 40778231 40778231 0
22 2517 rs9615893 48851078 1 1.4053000527412915e-4 48851078 48851078 0
22 790 rs5752599 28017801 1 1.3898001919183391e-4 28017801 28017801 0
22 2520 rs6007873 48906295 1 1.3665393191929242e-4 48906295 48906295 0
22 1716 rs139842 38272929 1 -1.3205374561610649e-4 38272929 38272929 0
22 1562 rs2239831 36583084 1 1.3066645904344273e-4 36583084 36583084 0
22 505 rs9608379 25620142 2 -1.3055597148660652e-4 25620142 25620142 0
22 522 rs2205971 25958952 1 -1.3031002905511936e-4 25958952 25958952 0
22 1297 rs9609802 33846914 2 -1.2593384304757885e-4 33846914 33846914 0
22 2664 rs135796 49947789 1 -1.2095874373059808e-4 49947789 49947789 0
22 2300 rs739215 45967526 1 1.1709336162607862e-4 45967526 45967526 0
22 782 rs762064 27974819 1 1.1565094607668984e-4 27974819 27974819 0
22 47 rs181390 18222263 1 1.1233759364080648e-4 18222263 18222263 0
22 2309 rs2301449 46038908 2 -1.1133918398498988e-4 46038908 46038908 0
22 105 rs712964 19156117 1 -1.090245748953231e-4 19156117 19156117 0
22 2254 rs5766456 45523909 1 1.0139067729964142e-4 45523909 45523909 0
22 1999 rs4393836 43193641 1 -1.0131640536781214e-4 43193641 43193641 0
22 1347 rs8135273 34197802 2 9.886427159690028e-5 34197802 34197802 0
22 1180 rs7511209 33030026 1 9.784866927235042e-5 33030026 33030026 0
22 355 rs394409 23266118 1 -9.556658823223824e-5 23266118 23266118 0
22 762 rs6005451 27852183 1 9.534754525929454e-5 27852183 27852183 0
22 271 rs9620784 21424589 1 -9.378600198151354e-5 21424589 21424589 0
22 1363 rs3819670 34226660 1 9.105725551435008e-5 34226660 34226660 0
22 130 rs7575 19423250 1 -8.827509773971822e-5 19423250 19423250 0
22 2248 rs132039 45435202 1 -8.564994643771819e-5 45435202 45435202 0
22 2291 rs5765425 45892433 2 8.50655326208589e-5 45892433 45892433 0
22 2270 rs6006973 45665663 1 8.200755754160334e-5 45665663 45665663 0
22 701 rs742002 27435086 1 8.09749485830257e-5 27435086 27435086 0
22 734 rs79137 27657507 1 -7.938590275582181e-5 27657507 27657507 0
22 1593 rs760718 36900806 1 -7.790386187832253e-5 36900806 36900806 0
22 2631 rs5769520 49671776 1 -7.636930285999662e-5 49671776 49671776 0
22 1330 rs8142640 34108174 1 -7.604244532793969e-5 34108174 34108174 0
22 515 rs6004675 25889385 1 6.887682255093635e-5 25889385 25889385 0
22 268 rs2075271 21423908 1 6.743636925478718e-5 21423908 21423908 0
22 508 rs760554 25872592 1 -6.547518775457233e-5 25872592 25872592 0
22 2401 rs4823632 47735419 1 6.486843518451257e-5 47735419 47735419 0
22 391 rs17002910 23973725 1 6.236553310114258e-5 23973725 23973725 0
22 725 rs566185 27567320 1 -6.0761688676430454e-5 27567320 27567320 0
22 599 rs596633 26716432 1 6.070913632992426e-5 26716432 26716432 0
22 1368 rs2267306 34247794 1 5.9625230678262136e-5 34247794 34247794 0
22 2414 rs131056 47905322 1 -5.9424779039605665e-5 47905322 47905322 0
22 732 rs1519221 27622907 1 5.870509940947108e-5 27622907 27622907 0
22 2281 rs5764725 45823327 1 5.736204054084049e-5 45823327 45823327 0
22 125 rs737810 19348199 2 -5.4811650475962645e-5 19348199 19348199 0
22 2686 rs5771131 50478828 1 5.404642728274728e-5 50478828 50478828 0
22 264 rs398577 21362849 1 4.1372243899191394e-5 21362849 21362849 0
22 731 rs538293 27613318 1 -3.991315518820611e-5 27613318 27613318 0
22 728 rs8143105 27584291 1 3.917091090994498e-5 27584291 27584291 0
22 2320 rs41332048 46632802 1 -3.792741602887026e-5 46632802 46632802 0
22 157 rs13057911 19623386 1 -3.553952309446374e-5 19623386 19623386 0
22 90 rs4819756 18912678 1 -3.3111100300614435e-5 18912678 18912678 0
22 1870 rs11806 41166135 1 -2.8391076660886497e-5 41166135 41166135 0
22 192 rs887199 19961955 1 -2.664498813295832e-5 19961955 19961955 0
22 1890 rs9611528 41648502 1 2.4187135518183288e-5 41648502 41648502 0
22 597 rs581562 26715393 1 -2.242829194756238e-5 26715393 26715393 0
22 2183 rs135896 44778142 1 -2.151256916227699e-5 44778142 44778142 0
22 2408 rs910081 47797442 1 -1.9127896306459616e-5 47797442 47797442 0
22 1817 rs5750870 40067640 1 1.5601765046588907e-5 40067640 40067640 0
22 1751 rs9607537 38839485 1 1.389355735484644e-5 38839485 38839485 0
22 2702 rs8142229 50814075 2 1.2656852575193707e-5 50814075 50814075 0
22 2066 rs137719 44019011 1 1.2343334395123852e-5 44019011 44019011 0
22 528 rs4822648 26162775 2 1.2255536745233245e-5 26162775 26162775 0
22 492 rs5760738 25320371 1 -1.144324079494708e-5 25320371 25320371 0
22 280 rs131654 21917190 2 9.375947099188772e-6 21917190 21917190 0
22 716 rs5761974 27497704 1 6.028859720622248e-6 27497704 27497704 0
22 2729 rs140510 51052379 1 3.2439161443653047e-6 51052379 51052379 0
22 1967 rs17003058 42811101 1 2.3207522517784982e-6 42811101 42811101 0
22 944 rs118116676 30934885 1 -1.7151116973268269e-6 30934885 30934885 0
22 376 rs9608102 23644794 1 9.97487776265643e-7 23644794 23644794 0
22 747 rs7511351 27748742 1 4.914176182735556e-7 27748742 27748742 0
22 1776 rs6001363 39392480 1 1.3180212664473164e-15 39392480 39392480 0
22 69 rs1076540 18439958 1 1.2765983906317101e-15 18439958 18439958 0
22 622 rs1894706 26854441 1 5.549173781121709e-16 26854441 26854441 0
22 785 rs9613477 27989890 1 4.940776433751952e-16 27989890 27989890 0
22 1780 rs2076101 39445554 1 1.4606638313303086e-16 39445554 39445554 0
22 71 rs7286607 18444657 1 1.3006191422927174e-16 18444657 18444657 0
