CHR Group SNP.lead BP.lead Size W BP.min BP.max BP.width
22 157 rs2076125 39711351 6 0.14632023881835904 39659773 39721745 61972
22 163 rs34030679 42610099 22 0.1170001689205423 41418154 42685537 1267383
22 158 rs2294360 39897792 8 0.06014333229783349 39781585 39989216 207631
22 139 rs2284033 37534034 2 0.04926756362934188 37506680 37535471 28791
22 26 rs7291930 20876509 3 0.04630927579904534 20753615 20903410 149795
22 18 rs5748167 19370586 10 0.04025152645545368 19154522 19594436 439914
22 31 rs1210606 21452237 3 0.03749412202749848 21423908 21460220 36312
22 23 rs9606241 20075858 15 0.03661531619846571 19956781 20100596 143815
22 248 rs140522 50971266 13 0.0323937064715584 50937445 51072161 134716
22 91 rs4823003 29410232 11 0.02891313784335263 28288136 29454477 1166341
22 48 rs1041749 24846391 14 0.02399108621222574 24460593 24946924 486331
22 109 rs16992276 33801983 6 0.02309013921521781 33728035 33801983 73948
22 205 rs13057352 47095235 4 0.02183323961030831 46964267 47103512 139245
22 247 rs11555194 50876662 7 0.02182753873810285 50814075 50910875 96800
22 124 rs4820201 35970204 2 0.02149946948242769 35970204 36041650 71446
22 174 rs2267597 44427612 1 0.02138480000150846 44424108 44466550 42442
22 99 rs5994466 32518130 7 0.02112878641152034 32355455 32655284 299829
22 94 rs2857651 30075052 4 0.01994623297629546 29840180 30597810 757630
22 116 rs204276 34744069 4 0.01981887060154942 34537450 34799261 261811
22 162 rs6001931 40877514 9 0.01945454871331441 40729614 41291730 562116
