CHR Group SNP.lead BP.lead Size W BP.min BP.max BP.width
22 157 rs2076125 39711351 6 0.14632023881835904 39659773 39721745 61972
22 163 rs34030679 42610099 22 0.1170001689205423 41418154 42685537 1267383
22 158 rs2294360 39897792 8 0.06014333229783349 39781585 39989216 207631
22 139 rs2284033 37534034 2 0.04926756362934188 37506680 37535471 28791
22 26 rs7291930 20876509 3 0.04630927579904534 20753615 20903410 149795
22 18 rs5748167 19370586 10 0.04025152645545368 19154522 19594436 439914
22 31 rs1210606 21452237 3 0.03749412202749848 21423908 21460220 36312
22 23 rs9606241 20075858 15 0.03661531619846571 19956781 20100596 143815
22 248 rs140522 50971266 13 0.0323937064715584 50937445 51072161 134716
22 91 rs4823003 29410232 11 0.02891313784335263 28288136 29454477 1166341
22 48 rs1041749 24846391 14 0.02399108621222574 24460593 24946924 486331
22 109 rs16992276 33801983 6 0.02309013921521781 33728035 33801983 73948
22 205 rs13057352 47095235 4 0.02183323961030831 46964267 47103512 139245
22 247 rs11555194 50876662 7 0.02182753873810285 50814075 50910875 96800
22 124 rs4820201 35970204 2 0.02149946948242769 35970204 36041650 71446
22 174 rs2267597 44427612 1 0.02138480000150846 44424108 44466550 42442
22 99 rs5994466 32518130 7 0.02112878641152034 32355455 32655284 299829
22 98 rs2413054 31904170 17 -0.02063976454291186 31487701 32324140 836439
22 94 rs2857651 30075052 4 0.01994623297629546 29840180 30597810 757630
22 116 rs204276 34744069 4 0.01981887060154942 34537450 34799261 261811
22 162 rs6001931 40877514 9 0.01945454871331441 40729614 41291730 562116
22 57 rs7292626 25887513 3 -0.01916786219935435 25872592 25924444 51852
22 231 rs6520069 49419836 7 -0.01824960817356219 49405594 49486490 80896
22 68 rs5752327 26844070 11 0.01784390620645832 26794102 26960789 166687
22 41 rs5759742 23700907 1 0.01701916155936668 23700907 23700907 0
22 42 rs2330452 23754578 1 0.01683363081716639 23752398 23754578 2180
22 59 rs739281 26277148 6 0.01632337002643493 26173661 26278427 104766
22 43 rs131333 23838200 2 -0.01605492027788218 23816428 23854860 38432
22 164 rs8139123 42822283 7 -0.01572193983135815 42698800 42867898 169098
22 152 rs5757166 38995385 5 0.01526442658943987 38995385 39300936 305551
22 144 rs4821653 37771985 3 0.0147926066076627 37728491 37771985 43494
22 207 rs4476 47440669 3 0.01451710013727599 47302584 47440669 138085
22 229 rs12158344 49214032 3 0.01445553619412432 49203730 49228507 24777
22 83 rs136923 27785809 3 0.01441448026582481 27747270 27785809 38539
22 166 rs738533 43172308 6 0.01420806456627176 43162952 43483242 320290
22 117 rs1005285 34828825 5 -0.0137660226938139 34811838 34940942 129104
22 171 rs2017461 44285765 5 0.01365657586796668 43950853 44286950 336097
22 46 rs6003824 23993051 9 0.0128686654107261 23971028 24187820 216792
22 235 rs11703376 49678713 1 0.01271995695667113 49671776 49685455 13679
22 201 rs61748935 46644177 4 -0.01139973023558712 46610409 46731689 121280
22 72 rs13054025 27222059 3 0.0111114046299037 27206289 27222286 15997
22 86 rs8136304 27917070 2 0.01111032620869915 27905428 27935369 29941
22 185 rs136904 45057826 2 -0.0108291348072556 45003748 45057826 54078
22 234 rs8140508 49610259 3 0.01052150779659619 49593847 49623181 29334
22 61 rs8139900 26394724 5 0.01035666249479004 26369358 26415475 46117
22 101 rs11703151 32849712 3 0.01034307413948161 32831809 32849712 17903
22 192 rs5766456 45523909 4 -0.01008746487412579 45465068 45568986 103918
22 87 rs723184 27962517 2 -0.0100270575459475 27962517 27974819 12302
22 54 rs139762 25307571 2 0.00997825035349555 25307571 25388318 80747
22 226 rs8135393 49050448 5 0.00966336043924136 49027446 49074301 46855
22 146 rs8140025 37910395 2 0.00918456905502273 37843239 37929759 86520
22 135 rs4821540 37241788 1 0.00895001323500429 37197530 37241788 44258
22 220 rs4499 48646288 2 0.00888847589769047 48546285 48646288 100003
22 196 rs6006756 45884487 5 0.00850505758841662 45864459 45892433 27974
22 227 rs13056461 49155087 4 0.00846195850316686 49085205 49175009 89804
22 100 rs5753991 32738182 4 0.00826372336818829 32706904 32823071 116167
22 208 rs86559 47454664 3 0.00791312295366009 47454664 47556231 101567
22 206 rs974226 47230348 3 0.00751024992604675 47108189 47230348 122159
22 138 rs5756471 37404249 4 0.00745894637888028 37367928 37470224 102296
22 121 rs138726 35694295 6 -0.00724703603862564 35544775 35733654 188879
22 55 rs5752075 25572748 3 -0.00722074742283391 25473134 25620142 147008
22 191 rs132011 45421536 2 0.0071403257088439 45421242 45435202 13960
22 223 rs4823771 48828223 4 -0.00704676723521999 48766791 48832904 66113
22 143 rs2284051 37710569 2 0.00702343614862417 37699377 37710569 11192
22 142 rs8139798 37660255 4 0.00684189918776169 37618637 37673781 55144
22 95 rs1002189 30771458 7 0.00638532510926063 30658722 30953295 294573
22 189 rs7289868 45253872 3 -0.00625734790617696 45225297 45255043 29746
22 73 rs9608534 27273238 1 -0.00614396239221258 27227219 27273238 46019
22 97 rs4820902 31165724 7 0.006072444081618 31070493 31290637 220144
22 2 rs11703655 17450952 3 0.00559351800473564 17399211 17492452 93241
22 150 rs6001064 38638071 1 0.00557153989371831 38628306 38701393 73087
22 92 rs132372 29604561 2 0.00551119532276997 29498118 29604561 106443
22 213 rs10460765 47944748 3 0.00527945201595273 47940908 47989391 48483
22 141 rs5995396 37586000 5 0.00527301339165481 37567490 37611807 44317
22 22 rs165631 19951816 2 0.0052448340403168 19906511 19951816 45305
22 200 rs910923 46487902 1 0.00514237045659198 46487902 46553308 65406
22 67 rs2226691 26789849 1 0.00512388944415037 26758375 26789849 31474
22 79 rs9620665 27557030 7 0.00509558408281902 27533998 27613318 79320
22 36 rs10483109 22537581 4 0.00497404429387537 22504946 22548831 43885
22 71 rs4820706 27167348 2 -0.0048290185907111 27167348 27191942 24594
22 169 rs11704418 43705678 3 0.00468442633859535 43655427 43705678 50251
22 238 rs5770391 49790713 2 0.00464455718627891 49784591 49796800 12209
22 148 rs12158556 38093169 4 -0.00452978996757218 37982012 38447444 465432
22 176 rs5764558 44544028 2 0.00442314750428471 44530420 44576132 45712
22 40 rs9624019 23407301 4 0.00442036097943799 23407301 23644794 237493
22 147 rs2235336 37958268 2 0.00416795284468713 37943299 37958268 14969
22 44 rs140174 23922983 2 0.00408278052605912 23922983 23922983 0
22 130 rs139933 36845207 3 0.00405391508927009 36770038 36900806 130768
22 9 rs174330 18009909 1 0.00395428283430405 17990852 18021760 30908
22 11 rs439231 18319179 4 0.00367566887736059 18286672 18319179 32507
22 195 rs12172195 45813687 5 0.00358152937232184 45680473 45846472 165999
22 65 rs3788378 26715923 1 0.00358077365848175 26681640 26716432 34792
22 123 rs13054394 35950648 1 0.00356200651488062 35899384 35952603 53219
22 82 rs545614 27729548 6 0.00354868937705391 27689956 27729548 39592
22 30 rs2072550 21386019 3 -0.00352691728051254 21352181 21386019 33838
22 173 rs738491 44354111 5 0.00345954341974768 44322970 44395451 72481
22 14 rs17742344 18549641 3 -0.00345289615275531 18545634 18549740 4106
22 104 rs1962222 32971900 4 0.00345010352704335 32959350 32995751 36401
22 112 rs240073 34086494 2 0.00339617958373081 34070821 34108174 37353
22 137 rs5750326 37276285 3 0.00323072760629019 37268555 37333804 65249
22 27 rs7290923 20999208 5 -0.00320360488623096 20993328 21115244 121916
22 93 rs2267136 29767925 4 0.00319898220461879 29630337 29791234 160897
22 160 rs2284078 40363778 2 -0.00317535059910823 40169926 40363778 193852
22 47 rs738807 24234245 3 -0.00317073294086473 24192879 24270777 77898
22 76 rs6005266 27410749 5 0.00308428920817643 27410749 27425365 14616
22 1 rs4819535 17278762 5 -0.00308361487923133 17278762 17329601 50839
22 70 rs6005150 27122480 1 0.00304599974469091 27122480 27141605 19125
22 60 rs6004851 26346108 4 0.00302876415479884 26283020 26346108 63088
22 118 rs137269 35167444 3 -0.00293046430759939 35033249 35337195 303946
22 134 rs2267361 37100260 1 -0.00272180739358866 37100260 37170915 70655
22 199 rs3788673 45994189 4 0.00270632238225701 45988571 46255004 266433
22 249 rs9616906 51104680 2 -0.0027021113224529 51104680 51104680 0
22 32 rs181362 21932068 8 0.00265301723015794 21806401 21982892 176491
22 33 rs73166641 21998280 1 -0.00263360617039371 21998280 22068740 70460
22 84 rs136944 27804019 3 -0.00255540436002217 27802721 27818766 16045
22 167 rs4988386 43514886 4 -0.00247597364350155 43514886 43559137 44251
22 34 rs5999264 22095920 1 0.00246074928986786 22082820 22355496 272676
22 74 rs5761863 27348456 1 0.00245063489398761 27301137 27348456 47319
22 193 rs9626655 45612551 1 0.00233397635848889 45589490 45648846 59356
22 133 rs4821513 37013819 2 -0.00232204468382963 37013694 37027680 13986
22 105 rs13340089 33032041 2 0.0021432438536502 33003307 33142908 139601
22 15 rs5992185 18633978 1 0.00209727078138375 18582650 18640300 57650
22 197 rs136753 45936121 1 0.00198966011528299 45908895 45937149 28254
22 80 rs498789 27627416 1 0.00185183369707097 27622907 27627416 4509
22 120 rs2017543 35474222 1 -0.00184674025274226 35414017 35519850 105833
22 81 rs134794 27668370 1 -0.00182299302560122 27657507 27668370 10863
22 106 rs2071947 33246032 9 0.00182070389271364 33159636 33433761 274125
22 159 rs136858 40065322 2 0.00178441203086476 40065322 40083730 18408
22 89 rs1569950 28103259 2 -0.0016836625783763 28044594 28141301 96707
22 161 rs11912922 40403171 1 -0.00164873942795889 40403171 40697581 294410
22 6 rs4819996 17790731 2 0.00149758103937217 17790731 17790731 0
22 230 rs13058268 49338361 3 0.00147862114914389 49316305 49372831 56526
22 153 rs5757387 39333340 3 0.00146535364572224 39320828 39355109 34281
22 113 rs13057617 34247064 7 0.00143548044690233 34133758 34260738 126980
22 3 rs738033 17599844 2 0.00143320535813512 17589209 17669306 80097
22 64 rs134755 26565156 1 -0.00142382309306847 26565156 26670085 104929
22 221 rs133588 48666450 1 0.00138986861306513 48666450 48672302 5852
22 155 rs139410 39552597 3 -0.00137615989806675 39497452 39552597 55145
22 78 rs5761974 27497704 3 0.00132509290900503 27497704 27508858 11154
22 212 rs4823482 47820668 2 -0.00132411518937534 47783287 47910705 127418
22 187 rs5765956 45150659 1 -0.00123727272536686 45150659 45150659 0
22 103 rs12628631 32939719 1 0.00122437245758585 32925170 32939719 14549
22 50 rs7287595 25208398 2 0.00116369853660343 25079925 25208398 128473
22 0 rs5747999 17075353 1 -0.00112475954269444 17075353 17075353 0
22 127 rs80584 36555794 4 0.00110640128023802 36500899 36557550 56651
22 52 rs139724 25284829 2 0.0011010526108885 25238729 25284829 46100
22 219 rs16994730 48514296 3 0.00109902361262954 48494758 48538763 44005
22 165 rs12166331 43121426 5 0.00108752986376049 42876604 43122720 246116
22 216 rs12165477 48305427 2 0.00101012270725219 48284514 48343389 58875
22 58 rs4822649 26163003 2 9.995661677794476e-4 25938025 26164413 226388
22 88 rs134005 28033628 2 -9.688281435549672e-4 27988228 28033628 45400
22 154 rs2142833 39392296 3 9.60392757034134e-4 39392296 39445554 53258
22 128 rs6000197 36603294 2 9.56806904153246e-4 36583084 36623920 40836
22 233 rs12170052 49571596 2 9.080666246872966e-4 49559242 49589243 30001
22 215 rs4823703 48222045 2 8.487354423337031e-4 48222045 48269511 47466
22 29 rs7292968 21335559 2 8.28675441911709e-4 21328568 21339751 11183
22 39 rs6003484 23379985 1 8.218977459193853e-4 23299769 23379985 80216
22 246 rs2272852 50655676 3 -7.911434244395074e-4 50492235 50660137 167902
22 168 rs11705577 43645133 2 -7.638037751256197e-4 43577048 43645133 68085
22 232 rs135230 49513663 3 7.48281924971762e-4 49505948 49532043 26095
22 180 rs8138173 44760039 2 6.757453380215436e-4 44760039 44763752 3713
22 51 rs4822549 25231422 1 -6.212363556176404e-4 25209724 25232065 22341
22 77 rs760530 27485959 5 6.168404363200864e-4 27433250 27485959 52709
22 244 rs11545763 50319170 2 -6.138399182960511e-4 50117191 50319170 201979
22 69 rs16982564 27054179 5 5.497277602856013e-4 26981039 27110259 129220
22 203 rs5768857 46900462 1 -5.293718611443567e-4 46854398 46900462 46064
22 17 rs2275901 19135603 3 -4.674351306630922e-4 18972450 19135603 163153
22 85 rs2092741 27888434 1 4.2851109001841825e-4 27852183 27896011 43828
22 188 rs3788630 45191504 2 4.2483141689536185e-4 45180554 45192660 12106
22 190 rs6006904 45303255 5 3.625973353844209e-4 45303255 45409136 105881
22 177 rs5764659 44646105 1 3.54723593815451e-4 44583246 44646105 62859
22 211 rs2187793 47688003 3 3.4852940455195957e-4 47683805 47763158 79353
22 122 rs743811 35792974 2 3.3432090136416813e-4 35792974 35818398 25424
22 62 rs6004913 26438495 1 -3.117371547976691e-4 26429185 26438495 9310
22 181 rs5766063 44788913 4 3.0439313842123045e-4 44769535 44812036 42501
22 225 rs133504 48911477 3 -3.034239075711295e-4 48906295 48958927 52632
22 214 rs738731 48177064 1 2.9982929280637625e-4 48009277 48184882 175605
22 19 rs1476445 19621011 1 2.900918444019112e-4 19609943 19636858 26915
22 111 rs130423 33984394 1 -2.890302609146291e-4 33941163 34061215 120052
22 12 rs5992882 18358301 8 -2.829452600279815e-4 18350514 18486017 135503
22 175 rs6006486 44503633 1 -2.5734267013374367e-4 44503633 44522312 18679
22 96 rs9306264 31024934 1 -2.3750887307248417e-4 30957832 31046587 88755
22 20 rs5748391 19659099 1 2.2180578443076077e-4 19643245 19678655 35410
22 108 rs5998822 33628586 1 1.928811543275335e-4 33523109 33637087 113978
22 63 rs11090428 26485668 1 1.8831902207847013e-4 26485668 26507645 21977
22 170 rs933218 43818279 4 -1.5646906970408187e-4 43755827 43857328 101501
22 184 rs2349634 44973739 1 1.5471344211656177e-4 44973739 44973739 0
22 239 rs6009663 49803587 3 -1.5405925820830517e-4 49803587 49823224 19637
22 115 rs4820127 34395171 1 1.417307665436477e-4 34395171 34474560 79389
22 66 rs655581 26750230 1 -1.4048486876949202e-4 26733689 26750230 16541
22 21 rs6518585 19849501 2 -1.388589467361743e-4 19766782 19849501 82719
22 156 rs6001491 39594740 1 -1.246410369410028e-4 39594740 39625068 30328
22 245 rs5771069 50435480 1 1.169331942179972e-4 50435480 50482126 46646
22 178 rs62226816 44681317 1 -1.085809157302456e-4 44672019 44695088 23069
22 8 rs5746366 17890558 1 1.0824151141672702e-4 17890558 17946202 55644
22 110 rs5749617 33875161 2 -1.0765330067586427e-4 33826566 33893601 67035
22 16 rs4819756 18912678 1 -1.0677160158411446e-4 18901004 18912678 11674
22 38 rs737885 23263708 1 5.600932855777765e-5 23250737 23278593 27856
22 131 rs5756233 36935796 1 5.1050800231844426e-5 36923499 36941065 17566
22 102 rs7292178 32859619 5 2.222452741297131e-5 32859619 32882121 22502
22 240 rs8138283 49841479 1 1.9913098890725446e-5 49826381 49841479 15098
