CHR Group SNP.lead BP.lead Size W BP.min BP.max BP.width
22 81 rs2076125 39711351 9 0.13609412769391777 39594740 39721745 127005
22 84 rs34030679 42610099 31 0.08046802677472442 41418154 42867898 1449744
22 74 rs2284033 37534034 6 0.05010175886597849 37367928 37553619 185691
22 16 rs7291930 20876509 3 0.04759044992592628 20753615 20903410 149795
22 131 rs140522 50971266 9 0.04410055131990226 50937445 51104680 167235
22 19 rs1210606 21452237 3 0.04170451849139304 21352181 21460220 108039
22 82 rs2294360 39897792 12 0.04043627945925204 39781585 40083730 302145
22 11 rs5748167 19370586 7 0.04013813317288065 19154522 19594436 439914
22 28 rs1041749 24846391 12 0.0321193380174636 24460593 24991895 531302
22 24 rs5759742 23700907 2 0.02783792978699238 23700907 23754578 53671
22 53 rs1002189 30771458 8 0.02651775898121739 30658722 31046587 387865
22 108 rs13057352 47095235 3 0.02281345010462378 46919541 47103512 183971
22 31 rs5760863 25510459 5 -0.0226699781471398 25473134 25640628 167494
22 50 rs4823003 29410232 9 0.021934927865398 28288136 29454477 1166341
22 7 rs439231 18319179 9 0.02011913465176733 18286672 18486017 199345
22 43 rs738156 27561500 11 -0.02006319072759561 27533998 27627416 93418
22 55 rs5994466 32518130 21 0.02001137204579212 31487701 32655284 1167583
22 109 rs4476 47440669 4 0.01987308973089393 47108189 47440669 332480
22 76 rs2284051 37710569 3 0.01965002482027697 37699377 37807303 107926
22 35 rs8139900 26394724 4 0.01958844793751215 26369358 26438495 69137
22 102 rs6006756 45884487 6 0.01862188284129237 45680473 45892433 211960
22 91 rs2267597 44427612 2 0.0176098461080766 44424108 44466550 42442
22 52 rs2857651 30075052 3 0.01674979226225447 29840180 30597810 757630
22 83 rs12159200 41042091 11 -0.01589672246822449 40169926 41291730 1121804
22 33 rs739281 26277148 2 0.01464525273901736 26173661 26278427 104766
22 27 rs7287310 24047092 9 0.01366576222961166 23971028 24270777 299749
22 112 rs5767676 47711836 5 -0.01294108766801576 47683805 47910705 226900
22 38 rs5752327 26844070 16 0.01265502758931159 26794102 27141605 347503
22 42 rs760530 27485959 10 0.01264220015895442 27410749 27508858 98109
22 130 rs11555194 50876662 11 0.01261399262589839 50435480 50910875 475395
22 121 rs12158344 49214032 2 0.01241336186183844 49179546 49228507 48961
22 77 rs8140025 37910395 4 0.01226123511993358 37843239 37958268 115029
22 56 rs11703151 32849712 7 0.01191768689564598 32706904 32849712 142808
22 78 rs12158556 38093169 6 -0.01184248785837924 37982012 38701393 719381
22 5 rs1859120 17903330 2 -0.01107430702316582 17890558 17946202 55644
22 61 rs16992276 33801983 7 0.01104527119608328 33728035 33893601 165566
22 125 rs11703376 49678713 1 0.01090960951458346 49671776 49685455 13679
22 54 rs4820897 31117495 6 0.01020237819066853 31070493 31290637 220144
22 64 rs204276 34744069 9 0.01010942703072496 34537450 34940942 403492
22 18 rs56179977 21328568 3 -0.00979461783448431 21318433 21339751 21318
22 98 rs5765956 45150659 2 -0.00977521698469881 45109666 45150659 40993
22 79 rs5757166 38995385 5 0.00922199026512657 38807144 39300936 493792
22 124 rs8140508 49610259 5 0.0088811396646811 49559242 49623181 63939
22 86 rs738533 43172308 9 0.00864532245042178 43162952 43559137 396185
22 93 rs139149 44594135 4 -0.00819565975954769 44583246 44695088 111842
22 106 rs78864133 46638486 7 -0.00815220559405417 46610409 46829377 218968
22 73 rs4821540 37241788 4 0.00787059313411852 37197530 37333804 136274
22 120 rs131025 49175009 11 0.00780933542984088 49027446 49175009 147563
22 110 rs86559 47454664 2 0.00767723976067826 47454664 47573257 118593
22 123 rs6009408 49461764 9 0.0075112500425419 49405594 49532043 126449
22 89 rs2017461 44285765 5 0.00704763362803035 43950853 44304419 353566
22 116 rs4499 48646288 4 0.00683996887418588 48494758 48646288 151530
22 25 rs131333 23838200 1 -0.00658804878034572 23816428 23854860 38432
22 21 rs10483109 22537581 3 0.00653297394527383 22418813 22584809 165996
22 66 rs743811 35792974 9 -0.00631966898731244 35544775 35818398 273623
22 48 rs723184 27962517 3 0.00608005734738823 27962517 28033628 71111
22 49 rs5762311 28090207 6 -0.00590423070666429 28044594 28160972 116378
22 65 rs1013513 35353740 3 -0.00571174356006758 35033249 35519850 486601
22 23 rs9624019 23407301 4 0.00551631054219871 23299769 23644794 345025
22 13 rs165631 19951816 1 0.00519125581745152 19766782 19951816 185034
22 105 rs910923 46487902 2 0.00507786417391583 46487902 46553308 65406
22 34 rs6004851 26346108 2 0.00486164904164687 26283020 26346108 63088
22 87 rs11705577 43645133 2 -0.00484741001712081 43577048 43645133 68085
22 51 rs80604 29596502 8 -0.00474751454344898 29498118 29791234 293116
22 70 rs139933 36845207 3 0.00461270992076361 36770038 36941065 171027
22 47 rs8136304 27917070 3 0.00456194567756605 27852183 27935369 83186
22 12 rs5748371 19636858 3 -0.00441819584855766 19609943 19678655 68712
22 8 rs2034299 18505121 2 -0.00438521967622772 18504801 18549740 44939
22 59 rs7292199 33181575 8 -0.00422487442637664 33159636 33502167 342531
22 30 rs139762 25307571 3 0.00421423164866511 25290487 25388318 97831
22 88 rs11704418 43705678 2 0.00418861967480289 43655427 43857328 201901
22 100 rs132039 45435202 7 -0.0040740617537023 45303255 45435202 131947
22 26 rs140174 23922983 1 0.00399858702480177 23922983 23938204 15221
22 113 rs10460765 47944748 2 0.00397192095930693 47940908 47989391 48483
22 20 rs2276006 22113887 8 0.00387492839210981 21806401 22355496 549095
22 97 rs9614840 45012097 1 -0.00384923150534926 45003748 45057826 54078
22 92 rs5764558 44544028 1 0.00383237643739113 44503633 44576132 72499
22 67 rs5755820 36041562 8 -0.00369557383863653 35899384 36130577 231193
22 62 rs240073 34086494 1 0.00334250389801188 33941163 34108174 167011
22 37 rs2226691 26789849 3 -0.00325909636251293 26733689 26789849 56160
22 36 rs3788378 26715923 5 0.00324974010168489 26485668 26716432 230764
22 71 rs1569488 36965284 3 -0.00316377524011347 36965284 37027680 62396
22 14 rs2531708 20017445 18 0.00313894619560398 19956781 20189202 232421
22 72 rs2746971 37101890 3 -0.00301950707174445 37100260 37170915 70655
22 40 rs13054025 27222059 8 0.00300801005756746 27206289 27273238 66949
22 45 rs9625200 27700318 11 -0.00279951378918645 27689956 27785809 95853
22 119 rs9615919 48940644 4 -0.00263055997648925 48906295 48958927 52632
22 2 rs738033 17599844 2 0.00258831332682383 17589209 17705808 116599
22 80 rs5757387 39333340 7 0.0024516995287531 39320828 39552597 231769
22 101 rs9306489 45525484 7 0.00229521380408672 45465068 45665663 200595
22 57 rs7292178 32859619 5 0.00219909895396533 32859619 32939719 80100
22 6 rs174330 18009909 1 0.00207371880143705 17990852 18255988 265136
22 104 rs3788673 45994189 6 0.00182030947410419 45967526 46255004 287478
22 17 rs7290923 20999208 4 -0.00171799917764497 20993328 21115244 121916
22 85 rs130347 43076809 5 -0.00166057717919167 42876604 43122720 246116
22 4 rs4819996 17790731 2 -0.00165956782715802 17790731 17831813 41082
22 114 rs7286675 48227401 6 -0.00156743572899885 48009277 48269511 260234
22 129 rs738413 50092148 3 -0.00155770100640973 49932138 50319170 387032
22 41 rs5761863 27348456 1 0.00154365666183597 27301137 27381346 80209
22 29 rs7287595 25208398 8 -0.00145278318080551 25079925 25284829 204904
22 115 rs9615717 48381376 5 -0.00143253615704851 48284514 48478429 193915
22 9 rs5992185 18633978 1 0.00132590515841713 18582650 18640300 57650
22 126 rs9616300 49774599 5 -0.00131660614629753 49722925 49796800 73875
22 128 rs134461 49915815 1 -0.0012079781611487 49874136 49924929 50793
22 68 rs4821469 36616445 5 0.00115073572922345 36259560 36623920 364360
22 95 rs5766063 44788913 3 0.00114592930498035 44769535 44881837 112302
22 32 rs4822649 26163003 2 0.00112898802969838 25872592 26164413 291821
22 103 rs136753 45936121 2 0.00109108932031806 45908895 45937149 28254
22 1 rs8136206 17399211 3 0.00101334882473081 17399211 17492452 93241
22 46 rs136945 27804079 2 -9.550596983210628e-4 27802721 27818766 16045
22 63 rs13057617 34247064 4 -8.479557176425318e-4 34133758 34474560 340802
22 58 rs1962222 32971900 6 7.570574932547428e-4 32959350 33142908 183558
22 118 rs6008741 48897881 3 -7.170796850010017e-4 48766791 48897881 131090
22 117 rs133588 48666450 1 6.618823387436763e-4 48666450 48726996 60546
22 122 rs13058268 49338361 2 5.185498376449548e-4 49316305 49372831 56526
22 99 rs6006893 45253895 4 -4.0500230619591434e-4 45180554 45255043 74489
22 127 rs5770418 49812076 4 -3.5693561863420285e-4 49803587 49841479 37892
22 75 rs5750402 37661288 8 -3.227134956096233e-4 37567490 37673781 106291
22 107 rs9616019 46886036 1 -2.5749593058397647e-4 46854398 46900462 46064
22 94 rs5766627 44750243 4 -1.856242209573058e-4 44737646 44763752 26106
22 10 rs2275901 19135603 2 -1.4201850269858886e-4 18901004 19135603 234599
22 0 rs5748648 17280822 1 9.19439833592808e-5 17075353 17329601 254248
22 60 rs2899201 33535376 2 -7.268610141042995e-5 33523109 33637087 113978
22 39 rs713752 27189774 2 5.925182806650615e-5 27167348 27191942 24594
22 90 rs2073082 44360007 8 -1.621357408812746e-5 44322970 44395451 72481
