CHR Group SNP.lead BP.lead Size W BP.min BP.max BP.width
22 81 rs2076125 39711351 9 0.13609412769391777 39594740 39721745 127005
22 84 rs34030679 42610099 31 0.08046802677472442 41418154 42867898 1449744
22 74 rs2284033 37534034 6 0.05010175886597849 37367928 37553619 185691
22 16 rs7291930 20876509 3 0.04759044992592628 20753615 20903410 149795
22 131 rs140522 50971266 9 0.04410055131990226 50937445 51104680 167235
22 19 rs1210606 21452237 3 0.04170451849139304 21352181 21460220 108039
22 82 rs2294360 39897792 12 0.04043627945925204 39781585 40083730 302145
22 11 rs5748167 19370586 7 0.04013813317288065 19154522 19594436 439914
22 28 rs1041749 24846391 12 0.0321193380174636 24460593 24991895 531302
22 24 rs5759742 23700907 2 0.02783792978699238 23700907 23754578 53671
22 53 rs1002189 30771458 8 0.02651775898121739 30658722 31046587 387865
22 108 rs13057352 47095235 3 0.02281345010462378 46919541 47103512 183971
