CHR Group SNP.lead BP.lead Size W BP.min BP.max BP.width
22 326 rs2076125 39711351 9 0.13232094741401826 39659773 39721745 61972
22 194 rs1002189 30771458 6 0.06003059098185765 30679387 30796422 117035
22 294 rs2284033 37534034 2 0.05135909872009657 37524619 37535471 10852
22 64 rs1210606 21452237 1 0.04035454613609786 21438417 21452237 13820
22 54 rs7291930 20876509 4 0.03994243509279419 20778066 20903410 125344
22 66 rs463426 21809185 2 -0.03728618651370882 21806401 21809185 2784
22 337 rs139480 41626663 5 -0.03221641138831704 41418154 41626663 208509
22 514 rs11555194 50876662 7 0.02988167972874051 50814075 50876662 62587
22 341 rs34030679 42610099 4 0.02936304135747549 42379813 42685537 305724
22 206 rs16989291 31971282 6 -0.0274179578239665 31838085 32027449 189364
22 145 rs10483127 27222286 4 -0.02583950961120563 27222059 27222286 227
22 208 rs5994466 32518130 5 0.02529308873607395 32355455 32533584 178129
22 125 rs8139900 26394724 3 0.02491265147460464 26394724 26415475 20751
22 37 rs5748167 19370586 3 0.02483235521025645 19310812 19505531 194719
22 266 rs4820201 35970204 4 0.02362190231446671 35970204 35982672 12468
22 23 rs439231 18319179 2 0.02195679976560751 18299197 18319179 19982
22 366 rs2073080 44394402 8 -0.02190239804146038 44324727 44395451 70724
22 113 rs1207592 25897330 7 -0.02148507734275916 25872592 25924444 51852
22 428 rs13057352 47095235 2 0.02056300371625224 47091321 47103512 12191
22 96 rs1041749 24846391 7 0.02034418543020495 24755025 24946924 191899
22 329 rs132575 39982721 3 0.01993246659602272 39947068 39989216 42148
22 216 rs11703151 32849712 4 -0.01922653603117781 32847116 32849712 2596
22 136 rs5752327 26844070 5 0.01885113390259288 26794102 26909750 115648
22 83 rs5759742 23700907 1 0.01836373589734482 23700907 23700907 0
22 488 rs910308 49484533 6 -0.01831298944856766 49450131 49486490 36359
22 339 rs9607852 42258272 6 0.01818592383767709 41961831 42282012 320181
22 348 rs738533 43172308 2 0.01817541584579934 43162952 43179166 16214
22 120 rs739281 26277148 1 0.01808894177197264 26266939 26278427 11488
22 84 rs2330452 23754578 1 0.01750869916873858 23752398 23754578 2180
22 482 rs12158344 49214032 2 0.01747731925345928 49212730 49228507 15777
22 152 rs134932 27425365 2 -0.01714917291911661 27425162 27425365 203
22 187 rs3950176 29630337 2 -0.01695752158333816 29630337 29636985 6648
22 38 rs2157727 19565395 3 0.01679807421147534 19534856 19567149 32293
22 233 rs16992276 33801983 2 0.01678815279314705 33771672 33801983 30311
22 146 rs5761777 27227454 2 -0.01678017416956046 27227219 27248025 20806
22 249 rs204276 34744069 5 0.01661632680525781 34646980 34799261 152281
22 344 rs5996168 42862481 2 -0.01560830070293376 42855099 42867898 12799
22 434 rs4476 47440669 1 0.015403954608729 47385342 47440669 55327
22 166 rs136923 27785809 3 0.01463614282867702 27779122 27785809 6687
22 408 rs6006756 45884487 5 0.01410131157031999 45864459 45892433 27974
22 49 rs9606241 20075858 5 0.01396322449176656 20037315 20100596 63281
22 192 rs41176 30432403 6 -0.01386112947507345 30240575 30597810 357235
22 226 rs2071947 33246032 3 -0.01316103677719108 33246032 33272699 26667
22 35 rs4819778 19134083 2 -0.01315210684537508 19133605 19135603 1998
22 291 rs2032476 37386057 5 -0.01307468640203107 37367928 37407527 39599
22 170 rs8136304 27917070 1 0.01292383152341274 27905428 27917070 11642
22 157 rs9608581 27533998 1 -0.01284782524456082 27533998 27548374 14376
22 107 rs139762 25307571 2 0.01243681716227203 25307571 25320371 12800
22 493 rs8140508 49610259 3 0.01189347091278051 49593847 49623181 29334
22 494 rs11703376 49678713 2 0.01164972896320886 49671776 49679043 7267
22 158 rs9620665 27557030 2 0.01161808482221554 27557030 27561500 4470
22 22 rs369081 18286672 3 -0.01145665780664098 18286672 18292466 5794
22 272 rs80584 36555794 4 -0.01121552310257841 36539754 36557550 17796
22 232 rs5998876 33729763 3 0.01121083159861591 33728035 33743341 15306
22 431 rs974226 47230348 2 0.01116234419404774 47171456 47230348 58892
22 143 rs713751 27189835 3 -0.01088973974061547 27189536 27191942 2406
22 177 rs5762311 28090207 4 -0.01081788179257704 28071675 28103259 31584
22 299 rs2284038 37635055 2 -0.01022386461926884 37618637 37650844 32207
22 172 rs723184 27962517 2 0.01014024463301238 27962517 27968208 5691
22 287 rs4821540 37241788 1 0.00951798118562674 37241788 37241788 0
22 473 rs8135393 49050448 5 0.00946372089012589 49050435 49069776 19341
22 283 rs4821513 37013819 3 -0.00945086259512854 37013694 37027680 13986
22 298 rs5995396 37586000 4 0.00935001556039982 37575977 37611807 35830
22 200 rs4820902 31165724 7 0.00919504384421453 31160539 31249333 88794
22 280 rs2011107 36890353 3 -0.00911445769983864 36870845 36900806 29961
22 370 rs5764558 44544028 3 -0.00902475286862583 44530420 44544028 13608
22 363 rs2017461 44285765 3 0.00867177813043886 44220673 44286950 66277
22 307 rs8140025 37910395 2 0.00859495547235684 37910395 37929759 19364
22 213 rs5753991 32738182 1 0.00850968763497613 32729530 32771017 41487
22 327 rs5757670 39829736 3 0.0084876973803954 39781585 39829736 48151
22 123 rs6004851 26346108 2 0.0082403836662353 26330370 26346108 15738
22 335 rs6001931 40877514 7 0.00820739639184824 40729614 41075543 345929
22 199 rs4820897 31117495 1 0.0081943138116328 31070493 31141239 70746
22 367 rs2267597 44427612 5 0.00806067396136783 44424108 44435552 11444
22 433 rs136068 47344209 3 -0.0079851200287117 47343997 47363413 19416
22 517 rs131749 51024624 2 0.00787002787240282 50990669 51024624 33955
22 435 rs4823464 47489470 3 0.0077968418848368 47454664 47489470 34806
22 262 rs743811 35792974 2 0.00768015189929092 35792974 35818398 25424
22 301 rs2284051 37710569 2 0.00764562242011175 37699377 37710569 11192
22 407 rs12172195 45813687 4 0.0075854126408873 45813687 45846472 32785
22 186 rs132372 29604561 3 0.00755242493062192 29596502 29604561 8059
22 219 rs1962222 32971900 1 0.00739377239818961 32959350 32971900 12550
22 347 rs12166331 43121426 2 0.00719348554180019 43110919 43122720 11801
22 478 rs13056461 49155087 3 0.00707393611891669 49154931 49175009 20078
22 415 rs910923 46487902 1 0.00698006767733645 46487902 46487902 0
22 476 rs130129 49096694 1 0.00695962600116817 49096694 49103660 6966
22 32 rs4819756 18912678 1 -0.0069310672279918 18901004 18912678 11674
22 53 rs361640 20753615 1 -0.00688748443581211 20753615 20753615 0
22 47 rs165631 19951816 2 0.00688060137308942 19928022 19951816 23794
22 302 rs5750423 37734452 1 0.00676317569759917 37728491 37734452 5961
22 124 rs9306419 26369358 2 -0.00672550905951126 26369358 26369358 0
22 394 rs7289868 45253872 4 -0.00665199564430803 45248283 45255043 6760
22 313 rs6001064 38638071 1 0.00656795967121708 38628306 38638071 9765
22 499 rs5770391 49790713 1 0.00653829256595277 49784591 49796800 12209
22 374 rs62226816 44681317 1 -0.00635732132869868 44672019 44681317 9298
22 462 rs4499 48646288 2 0.00625994954216329 48603295 48646288 42993
22 489 rs135223 49512164 2 -0.00621873543510739 49505948 49514337 8389
22 90 rs738786 24034288 8 -0.00606106942011056 23971028 24048368 77340
22 300 rs8139798 37660255 2 0.00605569005546606 37660255 37673781 13526
22 398 rs132011 45421536 3 0.00577700790749922 45421242 45435202 13960
22 257 rs5755486 35386401 1 -0.00573626141678347 35386401 35389727 3326
22 31 rs5992185 18633978 2 -0.00562078746687978 18633978 18640300 6322
22 135 rs2226691 26789849 1 0.00552124589258547 26758375 26789849 31474
22 190 rs2857651 30075052 1 0.00514356351885826 29886043 30079213 193170
22 254 rs137269 35167444 3 -0.00511356058113579 35157380 35226671 69291
22 427 rs875559 47034838 1 0.00511191842545558 47021203 47034838 13635
22 358 rs11704418 43705678 2 0.00504515140685377 43685657 43705678 20021
22 87 rs140174 23922983 2 0.00491182822309735 23922983 23922983 0
22 519 rs9616906 51104680 2 -0.00485252841463398 51104680 51104680 0
22 442 rs131853 47763158 1 -0.00480191220561992 47748531 47763158 14627
22 138 rs2283831 26959826 5 -0.00478881132501515 26942127 26960789 18662
22 265 rs13054394 35950648 1 0.0047852607299883 35938381 35952603 14222
22 498 rs1023453 49776121 1 -0.00472917129444767 49774599 49776121 1522
22 289 rs5750326 37276285 5 0.00469093725973069 37268555 37310046 41491
22 3 rs11703655 17450952 1 0.00467745095575559 17414640 17450952 36312
22 155 rs760530 27485959 3 0.00455322037931269 27485111 27485959 848
22 184 rs4823003 29410232 6 0.00451996763700776 29378708 29454477 75769
22 240 rs240073 34086494 2 0.00450866450627375 34083987 34098342 14355
22 279 rs139933 36845207 1 0.00449931123106604 36770038 36857291 87253
22 132 rs3788378 26715923 1 0.00446407451245655 26702015 26716432 14417
22 268 rs5755868 36074596 1 -0.00445326425279518 36074596 36074596 0
22 5 rs738033 17599844 2 0.00443903172739569 17589209 17599844 10635
22 62 rs2072550 21386019 2 0.0043166738273576 21381646 21386019 4373
22 182 rs5762549 28693496 2 -0.00426299405239434 28575543 28923317 347774
22 308 rs2235336 37958268 2 0.00424337216211336 37943299 37958268 14969
22 183 rs1547014 29100711 5 -0.0041568959055185 29100711 29300306 199595
22 79 rs9624019 23407301 2 0.00410562186423337 23407301 23417677 10376
22 261 rs138786 35728466 4 -0.00407340551284971 35660875 35733654 72779
22 18 rs174330 18009909 1 0.00399803061149358 17990852 18021760 30908
22 151 rs6005266 27410749 2 0.00388078450573509 27410749 27413509 2760
22 472 rs5771622 49027446 1 0.00386763269315842 49027446 49033984 6538
22 242 rs5999108 34201800 4 -0.00384573457573968 34133758 34219939 86181
22 328 rs710192 39913420 4 -0.0038440628764764 39897792 39941154 43362
22 343 rs733278 42811919 3 0.00370894742632006 42776276 42822283 46007
22 95 rs17854874 24468386 6 0.00360896533438391 24460593 24639069 178476
22 164 rs545614 27729548 6 0.00358852435280412 27700318 27729548 29230
22 412 rs3788673 45994189 1 0.00357825633768211 45988571 45997852 9281
22 209 rs9606916 32567306 2 0.00355587847211933 32554997 32592390 37393
22 4 rs917838 17492452 1 0.00348886944114941 17492452 17492452 0
22 140 rs5752378 27069835 3 0.00341226647617792 27054179 27110259 56080
22 75 rs10483109 22537581 7 0.00338828765952462 22504946 22548831 43885
22 454 rs5766958 48343389 1 -0.00337371950540737 48343389 48343389 0
22 185 rs5752866 29498118 1 -0.00336402744250606 29498118 29525126 27008
22 102 rs4822549 25231422 1 -0.00329460625052245 25225580 25232065 6485
22 160 rs498789 27627416 2 0.00329306303787031 27622907 27627416 4509
22 149 rs5761863 27348456 1 0.00321841016570761 27331206 27348456 17250
22 198 rs4820018 30986172 1 -0.00315805256455375 30986172 31046587 60415
22 401 rs8135904 45568419 1 -0.00301362197677322 45535999 45568986 32987
22 330 rs5750870 40067640 3 -0.00299328815920127 40065322 40083730 18408
22 354 rs148458324 43618695 1 0.00296221852051152 43618695 43624305 5610
22 165 rs4302309 27751796 2 0.00291534463296335 27747270 27756300 9030
22 319 rs469987 39287355 1 0.00290061094872611 39287355 39300936 13581
22 292 rs855791 37462936 1 0.00287284889140573 37424848 37470224 45376
22 402 rs9626655 45612551 1 0.00279319579601688 45589490 45612551 23061
22 243 rs13057617 34247064 2 0.0027666253251104 34226660 34260738 34078
22 491 rs12170052 49571596 2 0.00276224007512997 49559242 49574991 15749
22 156 rs5761974 27497704 3 0.00273310598963452 27497704 27508858 11154
22 320 rs5757387 39333340 1 0.00270372495106656 39320828 39355109 34281
22 486 rs4823969 49416063 2 -0.0025790139896458 49405594 49416063 10469
22 260 rs2103642 35631590 1 0.00251022575179779 35544775 35631590 86815
22 317 rs5757166 38995385 2 0.00249545076846484 38995385 39138332 142947
22 463 rs133588 48666450 3 0.00241363839654183 48666450 48672302 5852
22 303 rs4821653 37771985 2 0.00236234454170593 37761813 37771985 10172
22 154 rs9613353 27440291 1 -0.00236044623449643 27438631 27473169 34538
22 275 rs6000197 36603294 1 0.00230040849748654 36602779 36603294 515
22 235 rs9306279 33893601 1 -0.00226344975778787 33875161 33893601 18440
22 116 rs13058434 26164413 3 -0.00217714182302571 26159289 26164413 5124
22 357 rs5759250 43673800 1 0.00213306489641928 43670386 43673800 3414
22 193 rs7289095 30658722 1 -0.00212539037512558 30658722 30658722 0
22 346 rs130370 43080028 3 -0.00208971394955812 43061482 43097551 36069
22 181 rs2143180 28298336 4 0.00208579076369969 28288136 28368266 80130
22 338 rs132902 41797758 7 0.00207975631322153 41648502 41799106 150604
22 390 rs5765956 45150659 2 -0.00204250732471936 45150659 45150659 0
22 70 rs5999264 22095920 1 0.00203735782970474 22082820 22204793 121973
22 71 rs9610645 22288560 4 -0.00200302232933773 22262369 22329747 67378
22 217 rs7292178 32859619 3 0.00199206232651185 32859619 32882121 22502
22 400 rs723553 45518890 3 -0.00198440358728882 45518890 45525484 6594
22 271 rs876416 36501881 2 -0.00193514324625652 36500899 36519040 18141
22 336 rs61756762 41257393 2 0.00191923585403579 41081561 41291730 210169
22 309 rs12157904 37982012 1 -0.00190999822929737 37982012 38013172 31160
22 81 rs5751614 23593051 1 0.00189934278981879 23593051 23614426 21375
22 490 rs6009503 49532043 1 -0.00189749288050937 49529613 49532043 2430
22 252 rs5999398 34880370 1 0.00188437721474687 34880370 34940942 60572
22 418 rs78864133 46638486 1 -0.00183339615219463 46626506 46644177 17671
22 68 rs73166641 21998280 1 -0.00181972699641536 21998280 21998280 0
22 469 rs6008748 48909082 2 0.00179605968859423 48906295 48918829 12534
22 464 rs11090830 48726996 1 -0.00178643600021738 48725114 48726996 1882
22 349 rs738535 43203137 6 -0.00177484623855227 43193641 43390319 196678
22 396 rs6007397 45339200 3 0.00175441750963512 45333182 45353413 20231
22 36 rs1060376 19196502 4 0.00175422102062044 19154522 19279641 125119
22 94 rs1007888 24241101 3 0.00175229525072785 24226890 24270777 43887
22 453 rs12165477 48305427 2 0.00170609190473553 48295417 48321429 26012
22 29 rs467504 18583267 2 -0.00168722890288571 18582650 18586169 3519
22 406 rs73169241 45728596 1 -0.00168616785227731 45693828 45728596 34768
22 443 rs910081 47797442 1 -0.00166623505530696 47783287 47820668 37381
22 416 rs135551 46553021 1 -0.00165284189905985 46553021 46553308 287
22 39 rs9606090 19593854 1 0.00165118907360694 19580185 19594436 14251
22 248 rs5754910 34636072 1 0.0016407373885376 34537450 34640618 103168
22 222 rs13340089 33032041 3 0.00156694516642043 33003307 33033048 29741
22 225 rs715572 33234931 8 0.00153472943132027 33159636 33234931 75295
22 100 rs7287595 25208398 2 0.00151650083719835 25158445 25208398 49953
22 110 rs4820621 25608548 1 0.00150993791153065 25608548 25608548 0
22 425 rs5767244 46924254 1 0.00150153602079583 46919541 46924254 4713
22 57 rs1339959 21005697 4 -0.0014731832568733 21004805 21115244 110439
22 218 rs12628631 32939719 1 0.00146320219716889 32925170 32939719 14549
22 437 rs754890 47556231 1 -0.00146229321606571 47548112 47556231 8119
22 24 rs1072405 18406068 8 0.00145165998016533 18350514 18444657 94143
22 459 rs5768350 48494758 2 -0.00145016814424177 48494758 48501694 6936
22 451 rs5766898 48225779 2 -0.00143454901769474 48222045 48269511 47466
22 12 rs4819996 17790731 1 0.00138550766440822 17790731 17790731 0
22 214 rs9621435 32774944 4 0.00132482207356013 32773266 32823071 49805
22 48 rs2531708 20017445 12 0.00132379940299295 19956781 20020229 63448
22 466 rs4823771 48828223 2 -0.00131557209482961 48816766 48832904 16138
22 60 rs7292968 21335559 1 0.00131055434813922 21335559 21339751 4192
22 67 rs181362 21932068 3 -0.00129484949089169 21917190 21982892 65702
22 460 rs16994730 48514296 1 0.00129267666458735 48514296 48538763 24467
22 63 rs383331 21424414 2 0.00121712710207976 21423908 21431181 7273
22 312 rs6001027 38545619 1 0.00111268727017365 38509439 38569006 59567
22 316 rs9607537 38839485 1 -0.00108905983994307 38807144 38840221 33077
22 93 rs2330625 24207962 1 -0.00107595725717423 24192879 24207962 15083
22 310 rs143910997 38321806 4 0.00107048381310241 38093169 38447444 354275
22 432 rs5767402 47302584 2 -0.00103481663724083 47302584 47309351 6767
22 340 rs6002555 42343091 1 -0.001020801519831 42338152 42344266 6114
22 323 rs139298 39497452 1 9.97734007747585e-4 39497452 39510995 13543
22 334 rs733381 40669648 1 -9.726287474666152e-4 40552119 40697581 145462
22 378 rs8138173 44760039 1 9.546020988264332e-4 44760039 44760039 0
22 362 rs5764236 44114861 5 -9.4417375068651e-4 43950853 44198015 247162
22 461 rs5768412 48567467 1 9.357490866535356e-4 48546285 48569604 23319
22 103 rs56123612 25251372 1 9.326936589842414e-4 25238729 25269518 30789
22 410 rs136753 45936121 3 9.320567223180472e-4 45926585 45937149 10564
22 414 rs6007155 46154366 4 9.254325103884404e-4 46154366 46255004 100638
22 321 rs2142833 39392296 4 9.133273433828016e-4 39392296 39407399 15103
22 128 rs134760 26573345 2 -9.127326073919356e-4 26565156 26597805 32649
22 373 rs16991689 44617562 2 -8.985866260408729e-4 44599531 44646105 46574
22 342 rs9620039 42738766 2 8.919705550874538e-4 42698800 42742451 43651
22 85 rs131333 23838200 2 -8.823020927537946e-4 23816428 23838200 21772
22 99 rs2007382 25109027 1 -8.809625791605221e-4 25095440 25109027 13587
22 392 rs3788630 45191504 1 8.797120511099217e-4 45191504 45192660 1156
22 205 rs2106294 31645759 5 8.335731626011808e-4 31543260 31696615 153355
22 161 rs5762049 27662213 1 -8.324505349259278e-4 27657507 27662213 4706
22 159 rs550260 27575542 3 8.306091413427545e-4 27565958 27613318 47360
22 306 rs5750446 37902926 1 -8.241786937026221e-4 37902926 37904251 1325
22 465 rs130816 48806360 1 -8.229682271802798e-4 48766791 48809362 42571
22 78 rs915613 23299769 2 -8.180111324409753e-4 23299769 23379985 80216
22 250 rs1034394 34823828 2 7.94337898711937e-4 34811838 34828825 16987
22 352 rs6973 43559137 2 7.795966996591012e-4 43550149 43559137 8988
22 502 rs8138283 49841479 1 7.648281895103431e-4 49841479 49841479 0
22 500 rs6009663 49803587 2 7.510158555360757e-4 49803587 49823224 19637
22 42 rs1985884 19643245 1 -7.485297279815819e-4 19643245 19643245 0
22 111 rs9608379 25620142 1 7.422826240227001e-4 25620142 25620142 0
22 495 rs977299 49685240 1 -7.355397335850411e-4 49684418 49685455 1037
22 28 rs5992985 18545634 1 -7.283840128175724e-4 18545634 18549740 4106
22 207 rs117343825 32110988 4 -7.189530344714879e-4 32054026 32324140 270114
22 331 rs6001679 40169926 1 7.159435110684862e-4 40169926 40326174 156248
22 56 rs7290923 20999208 1 -7.018586116298884e-4 20999208 20999208 0
22 141 rs6005150 27122480 3 6.981287345969403e-4 27122480 27141605 19125
22 322 rs2014881 39445380 2 6.963944588593031e-4 39413668 39445554 31886
22 277 rs41297245 36657740 1 -6.952167513668628e-4 36652931 36661842 8911
22 380 rs5766063 44788913 4 6.928817498727356e-4 44769535 44788913 19378
22 139 rs2071862 27021401 4 6.704266604621106e-4 26981039 27038853 57814
22 174 rs9613476 27989777 2 6.581763924515125e-4 27988228 27989890 1662
22 104 rs139724 25284829 1 6.321373847324081e-4 25284829 25284829 0
22 516 rs140522 50971266 2 -6.238406282981987e-4 50937445 50971752 34307
22 506 rs5770527 49932138 3 -5.900909066780459e-4 49932138 50062427 130289
22 169 rs2092741 27888434 1 5.827814029186762e-4 27886736 27896011 9275
22 73 rs5750449 22418813 1 -5.812048086009231e-4 22418813 22428873 10060
22 167 rs136944 27804019 5 -5.773596644991399e-4 27802721 27818766 16045
22 419 rs6008598 46704243 2 -5.564751263961887e-4 46678666 46731689 53023
22 468 rs6008741 48897881 1 -5.459783184832978e-4 48896580 48897881 1301
22 393 rs9614576 45225297 1 -5.337782786014992e-4 45225297 45225297 0
22 188 rs2267135 29767034 1 5.233377980765443e-4 29710360 29791234 80874
22 215 rs2076051 32831809 2 4.949387485542584e-4 32831809 32832874 1065
22 409 rs2283657 45910152 2 -4.945765957411407e-4 45908895 45916679 7784
22 450 rs9627141 48178105 3 -4.7518590985378816e-4 48144783 48184882 40099
22 223 rs5754240 33132579 2 -4.7495837241105093e-4 33116109 33133885 17776
22 237 rs240588 34024097 1 -4.739125171349806e-4 33984394 34024097 39703
22 77 rs394409 23266118 2 -4.525513956918025e-4 23250737 23278593 27856
22 195 rs8142204 30853082 1 4.28454907655203e-4 30850395 30891300 40905
22 512 rs138220 50550808 4 -4.267868052281838e-4 50515270 50599466 84196
22 40 rs1476445 19621011 1 4.2423523068921607e-4 19609943 19623386 13443
22 440 rs2187793 47688003 3 -4.127089807512541e-4 47683805 47688003 4198
22 117 rs5996973 26185235 2 4.074702911947845e-4 26173661 26192077 18416
22 518 rs73172277 51061827 7 -3.915861413394577e-4 51040546 51072161 31615
22 484 rs4824047 49351767 4 3.9065456108297505e-4 49338361 49351767 13406
22 350 rs5759111 43442599 3 -3.776110567524603e-4 43430077 43483242 53165
22 510 rs5771069 50435480 1 3.7380596232875114e-4 50435480 50482126 46646
22 318 rs5757279 39168987 1 -3.5007416673633857e-4 39163856 39245618 81762
22 353 rs138997 43615005 2 -3.4136518458087526e-4 43577048 43615005 37957
22 256 rs5750007 35347360 1 -3.3703388394001286e-4 35347360 35356763 9403
22 118 rs8143030 26222247 1 3.35879247076253e-4 26193824 26222454 28630
22 231 rs5998822 33628586 2 3.2322335200916507e-4 33563617 33637087 73470
22 43 rs5748391 19659099 2 3.228477626440513e-4 19659099 19678655 19556
22 377 rs743864 44747100 1 -3.027363124435441e-4 44747100 44750621 3521
22 221 rs16990808 32994093 2 2.9487493940590136e-4 32994093 32995751 1658
22 251 rs12170276 34847027 1 2.890245892903054e-4 34842677 34859793 17116
22 142 rs4820706 27167348 1 2.8689352455875194e-4 27167348 27171638 4290
22 180 rs3819658 28160074 1 2.8100502800453204e-4 28160074 28160972 898
22 282 rs1569488 36965284 1 -2.6885531549322695e-4 36965284 36994063 28779
22 372 rs470111 44595591 1 2.5220109686759296e-4 44583246 44597929 14683
22 507 rs760841 50079133 1 2.418453788909644e-4 50077362 50092148 14786
22 449 rs132125 48070614 1 -2.3614825450288856e-4 48062251 48103376 41125
22 176 rs9613504 28050390 1 -2.280088868605954e-4 28044594 28055460 10866
22 224 rs5994617 33142908 1 -2.2714224414398585e-4 33140654 33142908 2254
22 259 rs5750060 35516556 1 -2.2581511598862087e-4 35516556 35519850 3294
22 381 rs135938 44812036 1 2.253429948727505e-4 44812036 44812036 0
22 175 rs5752599 28017801 1 2.214207507811418e-4 28013445 28033628 20183
22 127 rs11090428 26485668 3 2.193092958480882e-4 26485668 26507645 21977
22 438 rs470039 47573257 1 -2.0242361608199588e-4 47573257 47573257 0
22 163 rs768784 27690377 1 1.9564377176567072e-4 27689956 27690377 421
22 345 rs4822135 42876604 2 1.6857637274473176e-4 42876604 42877543 939
22 391 rs5766006 45181545 1 -1.5688584938925378e-4 45180554 45181545 991
22 351 rs4988394 43516133 2 1.5446681502281098e-4 43514886 43518822 3936
22 131 rs137203 26688831 1 1.4594369568156487e-4 26681640 26688831 7191
22 384 rs4407350 44922275 2 -1.4415610369521595e-4 44898190 44924394 26204
22 270 rs5756047 36425725 1 1.3831597269059644e-4 36259560 36443705 184145
22 267 rs17722827 36030165 1 -1.3815669564813118e-4 36006322 36041650 35328
22 109 rs726133 25473134 1 1.3635059632420283e-4 25473134 25572748 99614
22 497 rs929025 49742889 1 1.3577788829481036e-4 49740746 49746915 6169
22 325 rs742502 39602518 1 -1.331383605328905e-4 39594740 39625068 30328
22 387 rs6006832 45007468 1 1.2979225182969527e-4 45003748 45012097 8349
22 0 rs5747999 17075353 2 -1.1451805784842714e-4 17075353 17075353 0
22 399 rs6006926 45475332 1 1.125845404963861e-4 45465068 45475332 10264
22 379 rs763041 44763752 1 1.0969407335024336e-4 44763651 44763752 101
22 470 rs9615919 48940644 1 9.567792274512593e-5 48940644 48940644 0
22 14 rs5746366 17890558 1 9.017205449723207e-5 17890558 17890558 0
22 446 rs10460765 47944748 2 8.672299622879825e-5 47940908 47944748 3840
22 269 rs2073198 36123313 1 -8.490166273239336e-5 36102700 36130577 27877
22 429 rs9616101 47108189 2 8.037322080876722e-5 47108189 47115825 7636
22 441 rs5767676 47711836 2 -7.248082933167916e-5 47711836 47736018 24182
22 281 rs5756233 36935796 1 6.538317199397492e-5 36923499 36941065 17566
22 129 rs737792 26651766 1 -5.759573346046211e-5 26650662 26660760 10098
22 253 rs5999506 35096084 1 5.6196693004210626e-5 35033249 35131487 98238
22 1 rs5748648 17280822 3 4.480909999606306e-5 17278762 17329601 50839
22 386 rs2349634 44973739 1 4.137449450029843e-5 44973739 44973739 0
22 234 rs9609802 33846914 1 3.73248101670856e-5 33826566 33847286 20720
22 246 rs4820127 34395171 1 3.5050656643999156e-5 34395171 34423169 27998
22 288 rs10854693 37252010 2 -3.0211411500362084e-5 37251377 37252010 633
22 82 rs9608102 23644794 1 1.9423919854491947e-5 23626896 23644794 17898
22 126 rs6004913 26438495 1 1.93194514261686e-5 26429185 26438495 9310
22 395 rs4823418 45315232 3 1.865675001587702e-5 45303255 45320631 17376
