CHR Group SNP.lead BP.lead Size W BP.min BP.max BP.width
22 601 rs2076125 39711351 5 0.10140611504352068 39709605 39721745 12140
22 540 rs2284033 37534034 2 0.04790721320625497 37533068 37535471 2403
22 346 rs1002189 30771458 3 0.04371308591731038 30679387 30776095 96708
22 107 rs1210606 21452237 1 0.03958670308662977 21452237 21452237 0
22 600 rs968451 39670851 3 0.03900793818619041 39670851 39687484 16633
22 94 rs7291930 20876509 2 0.03612126296730823 20866658 20903410 36752
22 629 rs9607852 42258272 3 0.03344076337031611 42210985 42258272 47287
22 635 rs34030679 42610099 2 0.0303007821848693 42609148 42661144 51996
22 82 rs2531708 20017445 2 -0.02890668605075498 20010730 20020229 9499
22 602 rs5757670 39829736 3 -0.0281926681397957 39781585 39829736 48151
22 623 rs139461 41611460 1 -0.02513809796809885 41507400 41626663 119263
22 58 rs5748167 19370586 2 0.02478438836462234 19310812 19423250 112438
22 943 rs140522 50971266 2 0.02447616229638156 50960682 50971752 11070
22 380 rs5994466 32518130 4 0.02339284330496135 32517431 32533584 16153
22 396 rs11703151 32849712 3 -0.02316587892420587 32847116 32849712 2596
22 493 rs4820201 35970204 5 0.02316567893695239 35970204 35980060 9856
22 940 rs11555194 50876662 4 0.02253789541179307 50856222 50876662 20440
22 626 rs132902 41797758 1 0.02118270287312753 41797758 41799106 1348
22 688 rs2267597 44427612 2 0.0209190836091183 44427612 44429762 2150
22 347 rs5997637 30794950 2 0.02009009376125026 30794950 30796422 1472
22 109 rs460106 21806401 3 -0.01974736400476208 21806401 21809185 2784
22 790 rs13057352 47095235 1 0.01974129554600399 47091321 47095235 3914
22 219 rs8139900 26394724 2 0.01952737582820633 26394724 26400319 5595
22 34 rs439231 18319179 1 0.01887590229967908 18314391 18319179 4788
22 238 rs5752327 26844070 4 0.01869107860501616 26833186 26884039 50853
22 166 rs1041749 24846391 3 0.01853289801992105 24833760 24881781 48021
22 331 rs3950176 29630337 1 -0.01787192548661027 29630337 29636985 6648
22 141 rs5759742 23700907 1 0.01690867311315529 23700907 23700907 0
22 256 rs13054025 27222059 4 -0.01677092127287538 27222059 27222286 227
22 372 rs2236033 32001050 8 -0.0166049230766292 31966274 32027449 61175
22 212 rs739281 26277148 1 0.01636628557074328 26277148 26277148 0
22 761 rs6006756 45884487 2 0.01624158067973943 45878984 45892433 13449
22 79 rs2239395 19962203 2 -0.01621032277569398 19956781 19962203 5422
22 151 rs6003824 23993051 1 -0.01601156332087807 23979219 23993051 13832
22 800 rs136068 47344209 2 -0.01596452708857047 47343997 47363413 19416
22 142 rs2330452 23754578 1 0.01583411187571006 23752398 23754578 2180
22 147 rs140174 23922983 2 -0.01534372107065534 23922983 23922983 0
22 653 rs2267475 43321816 4 -0.01530995609608282 43289738 43321816 32078
22 945 rs131749 51024624 2 0.01523737926693272 51011241 51024624 13383
22 582 rs5757166 38995385 2 0.01516498965386946 38995385 39138332 142947
22 651 rs738533 43172308 2 0.01491434313228489 43172308 43179166 6858
22 62 rs2157727 19565395 3 0.01485376687719937 19558475 19567149 8674
22 880 rs12158344 49214032 3 0.01459103946385134 49212730 49214863 2133
22 804 rs4823464 47489470 1 -0.01456677998457334 47489470 47489470 0
22 617 rs6001931 40877514 2 0.01426984877943601 40828361 40914949 86588
22 460 rs204276 34744069 4 -0.01425334603314042 34727172 34750873 23701
22 287 rs980078 27715760 6 -0.01423718898451041 27700318 27715760 15442
22 323 rs1547014 29100711 3 -0.01372305544549283 29100711 29132990 32279
22 428 rs16992276 33801983 4 0.01344746689756352 33799128 33801983 2855
22 905 rs11703376 49678713 1 0.01341349538208011 49678713 49679043 330
22 275 rs9620665 27557030 3 0.01283007992652516 27557030 27557351 321
22 684 rs1010023 44336098 6 -0.01180881648206886 44324727 44337533 12806
22 85 rs9606241 20075858 4 0.01167935644816751 20071737 20100596 28859
22 299 rs8136304 27917070 1 0.01154315930169014 27905428 27917070 11642
22 53 rs4819778 19134083 2 -0.01152695659731135 19133605 19135603 1998
22 903 rs8140508 49610259 3 0.01134864337197759 49602052 49623181 21129
22 797 rs974226 47230348 3 0.01103508425628847 47224481 47230348 5867
22 190 rs2294371 25509030 1 -0.01099085816618297 25479479 25510459 30980
22 413 rs2071947 33246032 1 -0.01082671199900144 33246032 33249271 3239
22 606 rs132575 39982721 1 0.01075584102179693 39982721 39989216 6495
22 875 rs13056461 49155087 2 0.01066579379240157 49154931 49164116 9185
22 185 rs139762 25307571 2 0.01061150018411058 25307571 25308272 701
22 270 rs760530 27485959 2 0.01025137716398743 27485111 27485959 848
22 487 rs743811 35792974 1 0.01021692611058543 35792974 35797333 4359
22 492 rs13054394 35950648 2 -0.01016374963126283 35949334 35952603 3269
22 764 rs136756 45937061 2 -0.01003923912690215 45926585 45937149 10564
22 425 rs5998876 33729763 2 0.00972799813894619 33728035 33730575 2540
22 292 rs136923 27785809 3 0.00954000979850594 27785497 27785809 312
22 44 rs9618193 18549740 2 -0.00937397093736097 18545634 18549740 4106
22 528 rs4821540 37241788 1 0.00914240633063113 37241788 37241788 0
22 681 rs2017461 44285765 3 0.0090634393010709 44278752 44286950 8198
22 555 rs4821651 37761813 1 -0.0089721018299974 37761813 37761994 181
22 302 rs723184 27962517 2 0.00884247758454318 27962517 27968208 5691
22 337 rs2857651 30075052 2 0.00858173884628117 30065967 30079213 13246
22 562 rs8140025 37910395 1 0.00826418101180006 37910395 37911190 795
22 643 rs5996168 42862481 2 -0.00823110498444595 42855099 42867898 12799
22 410 rs130559 33188536 2 -0.00814074124824429 33181349 33188536 7187
22 464 rs1005285 34828825 3 -0.00803731667096254 34823828 34828825 4997
22 357 rs4820897 31117495 1 0.00786378526955895 31105269 31141239 35970
22 423 rs2213457 33568560 1 -0.00783001880578801 33563617 33589432 25815
22 110 rs5754217 21939675 6 -0.00768379054975189 21917190 21982892 65702
22 545 rs5995396 37586000 3 0.0076802275195463 37581485 37592504 11019
22 733 rs7289868 45253872 3 -0.00743079413553162 45248283 45255043 6760
22 605 rs2413599 39952098 2 0.00724129328007087 39947068 39952098 5030
22 37 rs1072405 18406068 1 0.00721680511554925 18403629 18406068 2439
22 31 rs369081 18286672 4 -0.00719696440794724 18286672 18292466 5794
22 912 rs713997 49784591 1 -0.00716553718698745 49784591 49785676 1085
22 870 rs130129 49096694 1 0.00675526204628615 49096694 49097331 637
22 553 rs2284051 37710569 2 -0.00673023188318245 37710569 37710569 0
22 641 rs733278 42811919 2 -0.00656945076111772 42811101 42813753 2652
22 642 rs8139123 42822283 1 -0.00647270171138699 42822283 42822283 0
22 694 rs5764558 44544028 1 0.0063996509707741 44544028 44544028 0
22 771 rs910923 46487902 1 0.00635782984958118 46487902 46487902 0
22 603 rs710192 39913420 4 -0.00631544293047688 39897792 39913420 15628
22 550 rs8139798 37660255 3 -0.00627032276475293 37660255 37669321 9066
22 849 rs4499 48646288 2 0.00624502710364682 48646288 48646288 0
22 390 rs5753991 32738182 2 0.00624352442713705 32738182 32745916 7734
22 656 rs5759111 43442599 1 -0.00616057773812379 43442599 43466217 23618
22 742 rs132011 45421536 1 0.00609930971974226 45421242 45428606 7364
22 772 rs135551 46553021 1 -0.00603448559113311 46553021 46553308 287
22 482 rs134260 35545092 3 -0.00590242083212553 35544775 35588844 44069
22 658 rs4988394 43516133 2 -0.00583720894636664 43514886 43518822 3936
22 321 rs5762549 28693496 1 -0.00579355084189672 28693496 28693496 0
22 865 rs8135393 49050448 2 0.00569259857716888 49050435 49050927 492
22 671 rs11704418 43705678 1 0.00560950881452211 43705678 43705678 0
22 401 rs1962222 32971900 2 0.00560348541505989 32959350 32971900 12550
22 318 rs2143180 28298336 3 -0.00552337006536395 28288136 28314113 25977
22 815 rs131853 47763158 1 -0.00552230098541266 47763158 47763158 0
22 896 rs75993 49514275 4 -0.00539039580988431 49505948 49514337 8389
22 577 rs6001064 38638071 1 0.00538298905372817 38628306 38638071 9765
22 566 rs2235336 37958268 1 0.0053219752193724 37958268 37958268 0
22 649 rs12166331 43121426 2 0.00529957202569843 43110919 43122720 11801
22 548 rs2284038 37635055 1 -0.00529197129447614 37630318 37635055 4737
22 126 rs10483109 22537581 2 0.00526517315157334 22536846 22548831 11985
22 67 rs1476445 19621011 2 -0.00501694700880424 19621011 19623386 2375
22 631 rs6002555 42343091 1 -0.00500289603988146 42338152 42344266 6114
22 441 rs2283933 34098342 1 -0.00499375326708976 34098342 34098342 0
22 78 rs165631 19951816 1 0.00496797503976367 19951271 19951816 545
22 554 rs5750423 37734452 1 0.00493991316770075 37728491 37734452 5961
22 236 rs2226691 26789849 1 0.00483191061088804 26789849 26789849 0
22 622 rs926914 41418154 1 -0.0048080531830355 41418154 41461836 43682
22 556 rs4821653 37771985 2 0.00477107931850605 37771985 37771985 0
22 516 rs139933 36845207 1 0.00476806989994679 36845207 36857291 12084
22 924 rs5770527 49932138 1 -0.00466202517694809 49932138 49947789 15651
22 217 rs6004851 26346108 3 0.00454577037396445 26345603 26346108 505
22 858 rs6008741 48897881 1 -0.00447943194987984 48896580 48897881 1301
22 254 rs713752 27189774 3 -0.0044775028039621 27189536 27191942 2406
22 175 rs7287595 25208398 1 0.00444657679475235 25208398 25208398 0
22 218 rs9306419 26369358 2 0.00436149457900694 26369358 26369358 0
22 231 rs3788378 26715923 1 0.00425738229817478 26715393 26716432 1039
22 133 rs9624019 23407301 1 0.00423257451524626 23407301 23417677 10376
22 326 rs5762930 29378708 6 0.00420554110500104 29378708 29420482 41774
22 316 rs6005605 28141301 1 -0.00411960785174848 28141301 28141301 0
22 857 rs9615893 48851078 1 -0.00408938425820877 48843478 48851078 7600
22 281 rs1519221 27622907 3 -0.00406592594812325 27622907 27627416 4509
22 789 rs875559 47034838 2 0.0040040313408459104 47021203 47034838 13635
22 382 rs9606916 32567306 1 0.0039913237363058 32558547 32567306 8759
22 35 rs5992128 18354783 1 -0.00391026173942804 18350514 18377199 26685
22 265 rs6005266 27410749 1 0.00385898376756246 27410749 27413509 2760
22 341 rs9620928 30337120 5 -0.00379366982266955 30297546 30390990 93444
22 829 rs738731 48177064 2 -0.00374927929239174 48173591 48180475 6884
22 793 rs6008957 47108669 1 -0.00373129698049758 47108669 47115825 7156
22 161 rs17854874 24468386 2 0.00370860236225409 24460593 24582041 121448
22 893 rs6009408 49461764 4 0.0037002852236035 49450131 49461764 11633
22 104 rs2072550 21386019 1 0.00369029735133343 21381646 21386019 4373
22 26 rs174330 18009909 1 0.00363565918288805 18005947 18021760 15813
22 506 rs132646 36550067 3 -0.00357816833003602 36550067 36557550 7483
22 5 rs11703655 17450952 3 0.00345806368895135 17443131 17450952 7821
22 45 rs3827281 18584433 2 -0.00344763542600959 18582650 18586169 3519
22 913 rs5770391 49790713 1 0.00342672471094744 49790713 49790713 0
22 766 rs3788673 45994189 2 0.00341816205604511 45988571 45997852 9281
22 679 rs1476036 44158490 1 0.00340654984426007 44123502 44198015 74513
22 535 rs5756471 37404249 4 0.00340283898443238 37375668 37407527 31859
22 358 rs4820902 31165724 2 0.00339064312394968 31160539 31171274 10735
22 936 rs138220 50550808 2 -0.00337922763946072 50515270 50556736 41466
22 369 rs737887 31696615 3 -0.00336991940215633 31618958 31696615 77657
22 424 rs5998822 33628586 1 -0.00336086472273375 33628586 33637087 8501
22 823 rs4263223 47944269 3 -0.00333009960009893 47944269 47944748 479
22 691 rs6006486 44503633 1 -0.00332024498430477 44503633 44503633 0
22 754 rs2673087 45682975 1 -0.00329114733385048 45682425 45682975 550
22 537 rs855791 37462936 2 0.00322829341260302 37462936 37470224 7288
22 8 rs738033 17599844 1 0.0032276434011138 17599844 17599844 0
22 947 rs14136 51048721 4 0.00320191545298051 51048400 51057923 9523
22 120 rs5750449 22418813 1 -0.0031954172234738 22418813 22418813 0
22 6 rs917838 17492452 1 0.00318824695194119 17492452 17492452 0
22 125 rs16985150 22525600 1 0.00312859466158588 22524651 22535137 10486
22 618 rs12159200 41042091 2 -0.00307632051145404 40963402 41075543 112141
22 531 rs5756390 37296129 2 -0.00297571211306445 37296129 37298344 2215
22 221 rs5752254 26415475 1 0.00296144269956941 26415475 26415475 0
22 263 rs5761863 27348456 1 0.00294006050848839 27348456 27348456 0
22 361 rs5753338 31227901 1 0.0028303607080915 31219869 31249333 29464
22 288 rs545614 27729548 1 0.0028269653872323 27729548 27729548 0
22 530 rs5750326 37276285 3 0.00282537814299766 37268555 37276430 7875
22 758 rs12172195 45813687 1 0.00281979064829021 45813687 45823327 9640
22 939 rs7284516 50817485 2 0.00276788972049889 50814075 50817485 3410
22 950 rs9616906 51104680 1 0.00274412980326336 51104680 51104680 0
22 38 rs1076539 18439598 5 0.00271026281285322 18439598 18444657 5059
22 448 rs13057617 34247064 2 0.0027092413155606 34238831 34260738 21907
22 570 rs34834842 38328597 3 -0.00270772420235294 38272929 38371328 98399
22 344 rs9614157 30597810 1 -0.00270495386147412 30592069 30597810 5741
22 359 rs136287 31192023 2 -0.00265172803776217 31192023 31209135 17112
22 894 rs6009424 49473747 1 0.00262278993447709 49465735 49473747 8012
22 866 rs4925429 49059945 1 0.00258960484700507 49059226 49059945 719
22 859 rs133515 48907545 2 -0.00256552398440837 48906295 48909082 2787
22 759 rs6006753 45846472 1 0.00254255983631912 45838156 45846472 8316
22 899 rs12170052 49571596 1 0.00252975155087735 49568230 49573190 4960
22 590 rs2142833 39392296 5 -0.0024564119375222 39392296 39407399 15103
22 163 rs2275984 24622648 3 0.00245221147009842 24621293 24622648 1355
22 616 rs6001906 40812499 2 0.00244666464042058 40736472 40812499 76027
22 607 rs5750870 40067640 3 -0.00239015530982933 40065322 40083730 18408
22 80 rs2073741 19989890 3 -0.00238278500156211 19969106 19996570 27464
22 748 rs8135904 45568419 1 -0.00236453778351264 45551071 45568986 17915
22 911 rs1023453 49776121 1 -0.00233869697332721 49774599 49776121 1522
22 587 rs5757387 39333340 1 0.00227493318887994 39320828 39337500 16672
22 324 rs5752793 29160314 2 0.00222173187053732 29156448 29251926 95478
22 664 rs148458324 43618695 1 0.00221584153009099 43618695 43618695 0
22 165 rs5751862 24802564 1 0.00219229222118922 24755025 24802564 47539
22 137 rs5751614 23593051 1 0.00217748225739103 23593051 23593051 0
22 420 rs137297 33502167 1 -0.00213920889647005 33493657 33502167 8510
22 250 rs6005150 27122480 2 0.00205292849272167 27122480 27122480 0
22 745 rs6006926 45475332 1 -0.00202791206065937 45472574 45475332 2758
22 525 rs2746971 37101890 1 -0.00202771345389264 37100260 37117313 17053
22 586 rs469987 39287355 1 0.00199916711241639 39287355 39300936 13581
22 760 rs5764742 45864459 1 -0.00198074994224462 45864459 45864459 0
22 702 rs62226816 44681317 1 -0.00195722951953814 44681317 44681317 0
22 242 rs9608498 26945288 2 0.00195133424994526 26942127 26955896 13769
22 757 rs73169241 45728596 1 -0.00191830999839343 45728596 45728596 0
22 192 rs4820621 25608548 1 0.00186059260722481 25608548 25608548 0
22 509 rs6000197 36603294 1 0.00185332880870364 36602779 36603294 515
22 90 rs361640 20753615 2 -0.00181912596892457 20753615 20753615 0
22 844 rs16994730 48514296 1 0.00180172053035811 48514296 48530770 16474
22 249 rs5761697 27110259 1 -0.00173154712068738 27109475 27110259 784
22 272 rs4822859 27508858 1 0.00172984688275877 27508858 27508858 0
22 738 rs6007397 45339200 3 0.00171668176488457 45337329 45339200 1871
22 835 rs12165477 48305427 1 0.00169104811712073 48295417 48308362 12945
22 312 rs7290472 28101265 1 -0.00167816091978259 28101265 28103259 1994
22 668 rs5759250 43673800 1 0.00165846435681982 43670386 43673800 3414
22 132 rs6003484 23379985 1 0.00165704594267067 23379985 23379985 0
22 118 rs732466 22329747 3 -0.00162389541215997 22277571 22329747 52176
22 418 rs9609686 33430734 2 -0.00161129412414003 33429708 33433761 4053
22 115 rs5999264 22095920 1 0.0016013190697758 22095920 22095920 0
22 17 rs4819996 17790731 1 0.00158034698013912 17790731 17790731 0
22 657 rs8141749 43483242 1 0.00155843408609673 43473662 43483242 9580
22 319 rs7292859 28368266 2 0.00153928325657985 28368266 28368266 0
22 750 rs9626655 45612551 1 0.00153535091229991 45612551 45612551 0
22 47 rs5992185 18633978 2 0.00152191930070913 18633978 18633978 0
22 268 rs5761922 27438631 1 -0.00151744992077211 27438631 27444637 6006
22 777 rs6008598 46704243 1 -0.00145365760860276 46704243 46709881 5638
22 271 rs5761974 27497704 2 0.00143909089261606 27497704 27498426 722
22 549 rs7288979 37649494 2 -0.00140228087801946 37645230 37650844 5614
22 614 rs733381 40669648 1 -0.0013987130813151 40652873 40697581 44708
22 713 rs5766063 44788913 2 0.00138778762274528 44787383 44788913 1530
22 342 rs41156 30404653 3 0.00134750521474265 30404653 30440533 35880
22 293 rs136945 27804079 3 -0.00132072193792669 27802721 27815491 12770
22 278 rs550260 27575542 2 0.00131465084106279 27567320 27575542 8222
22 397 rs7292178 32859619 2 -0.00129820711021086 32859619 32864879 5260
22 695 rs139124 44576132 1 -0.00127166371631395 44567435 44576132 8697
22 593 rs139298 39497452 1 0.00126664605171242 39497452 39499902 2450
22 639 rs9620039 42738766 3 0.00126652491669781 42738766 42742451 3685
22 159 rs7293178 24248370 2 0.00123968921187753 24241101 24248370 7269
22 97 rs1339959 21005697 1 0.00123143767304996 21004805 21009596 4791
22 55 rs1060376 19196502 1 0.00122366290941309 19180589 19223352 42763
22 414 rs137489 33262935 1 -0.0012228311860191 33258050 33272699 14649
22 654 rs2018340 43390319 1 -0.00121641562303851 43375701 43390319 14618
22 400 rs12628631 32939719 1 0.00117157341355311 32930568 32939719 9151
22 847 rs5768412 48567467 1 0.00116268951457959 48567467 48569604 2137
22 419 rs5998709 33445313 3 -0.00112548246701919 33445313 33467057 21744
22 885 rs4824047 49351767 1 0.0011244067004382 49351767 49351767 0
22 521 rs2267341 36976975 1 -0.00111414939481621 36976975 36976975 0
22 769 rs11090654 46160991 4 -0.00111402021940673 46154366 46160991 6625
22 850 rs133588 48666450 2 0.0011120413365203 48666450 48672302 5852
22 937 rs5771086 50595842 2 -0.00106291473113742 50584130 50599466 15336
22 470 rs137270 35167583 3 -0.00105849525601673 35157380 35177350 19970
22 101 rs7292968 21335559 2 0.00105833523862552 21335559 21335559 0
22 373 rs117343825 32110988 1 -0.00105168894227598 32054026 32120373 66347
22 65 rs9606090 19593854 1 0.00103376173316014 19593301 19594436 1135
22 70 rs5748391 19659099 1 -9.977925152712937e-4 19659099 19659099 0
22 98 rs2072517 21115244 1 9.605900817746674e-4 21115244 21115244 0
22 273 rs9608581 27533998 1 9.521860351813728e-4 27533998 27533998 0
22 69 rs1985884 19643245 1 -9.349648132332985e-4 19643245 19643245 0
22 128 rs1475930 23250737 1 -9.280317328647158e-4 23250737 23255525 4788
22 461 rs2125566 34778009 2 -9.173414722695648e-4 34759241 34781181 21940
22 710 rs7285004 44774700 1 -9.060457470752906e-4 44769535 44775730 6195
22 245 rs2071862 27021401 1 8.80794734038489e-4 27011460 27021401 9941
22 731 rs3788630 45191504 1 8.70788503025288e-4 45191504 45192660 1156
22 884 rs13058268 49338361 1 8.65113950406414e-4 49338361 49339278 917
22 181 rs139724 25284829 1 8.527425371257522e-4 25284829 25284829 0
22 944 rs6520149 50990669 1 -8.418393740550487e-4 50990669 50990669 0
22 148 rs131429 23925779 1 -8.271899048632429e-4 23925779 23925779 0
22 297 rs2092741 27888434 1 8.209838742465293e-4 27886736 27888434 1698
22 915 rs6009663 49803587 1 -8.169020616023256e-4 49803587 49803587 0
22 440 rs240073 34086494 2 8.087633661744822e-4 34083987 34090440 6453
22 379 rs738993 32437340 1 8.000448126208379e-4 32437340 32509440 72100
22 178 rs4822549 25231422 1 -7.949367187305139e-4 25225580 25232065 6485
22 809 rs135130 47627231 1 -7.84556121808155e-4 47604571 47627231 22660
22 224 rs134755 26565156 1 -7.580753067337647e-4 26565156 26565156 0
22 105 rs383331 21424414 2 7.441509140796363e-4 21423908 21431181 7273
22 803 rs86559 47454664 1 7.157189298113483e-4 47454664 47454664 0
22 251 rs763105 27137135 1 -7.134259790343513e-4 27137135 27137135 0
22 49 rs450046 18901004 1 -7.097277632115895e-4 18901004 18901004 0
22 138 rs5759670 23614426 1 -7.075381096367252e-4 23614426 23614426 0
22 463 rs5755038 34811838 1 -6.95120773504792e-4 34811838 34811838 0
22 625 rs4822024 41757647 5 -6.764645197644796e-4 41736090 41762523 26433
22 290 rs4302309 27751796 2 6.764226088449752e-4 27751796 27756300 4504
22 807 rs754890 47556231 1 -6.573968380235468e-4 47556231 47556231 0
22 685 rs738491 44354111 1 -6.528580100703367e-4 44354111 44382853 28742
22 200 rs2205971 25958952 1 -6.482274094521893e-4 25951739 25958952 7213
22 895 rs910308 49484533 1 -6.413838254800535e-4 49484533 49486490 1957
22 837 rs5766958 48343389 1 -6.372354443351528e-4 48343389 48343389 0
22 666 rs11705577 43645133 1 -6.271110252710578e-4 43645133 43645133 0
22 371 rs2413054 31904170 1 -6.260491790497888e-4 31884033 31937414 53381
22 620 rs5995941 41144917 2 -6.15781286666331e-4 41143019 41170063 27044
22 395 rs2076051 32831809 2 6.096659973380211e-4 32831809 32832874 1065
22 203 rs4822648 26162775 4 -5.873646819847437e-4 26159289 26164413 5124
22 660 rs6973 43559137 2 -5.785180969838075e-4 43556316 43559137 2821
22 392 rs9621435 32774944 1 5.66012072774133e-4 32773266 32777364 4098
22 244 rs5752351 26990807 1 5.511915945564478e-4 26981039 26990807 9768
22 343 rs2412971 30494371 2 -5.469138119976606e-4 30494371 30581722 87351
22 798 rs5767402 47302584 1 -5.463122191536072e-4 47302584 47302584 0
22 821 rs131056 47905322 1 -5.375906242004656e-4 47905322 47910705 5383
22 59 rs5746758 19496882 1 5.368519340929039e-4 19430472 19496882 66410
22 465 rs12170276 34847027 1 5.326612854404005e-4 34842677 34851109 8432
22 948 rs73172277 51061827 1 -5.305626320320129e-4 51061827 51064416 2589
22 735 rs4823418 45315232 1 5.212146410884615e-4 45315232 45315232 0
22 709 rs763041 44763752 1 5.209345947252564e-4 44763651 44763752 101
22 18 rs2040692 17831813 1 -5.18631202425356e-4 17831813 17831813 0
22 204 rs5996973 26185235 1 5.157184796069898e-4 26173661 26185235 11574
22 332 rs2267135 29767034 3 5.123925035242266e-4 29710360 29791234 80874
22 193 rs9608379 25620142 1 5.116120895057375e-4 25620142 25620142 0
22 207 rs8143030 26222247 1 5.022428594839301e-4 26216160 26222454 6294
22 732 rs9614576 45225297 1 -4.973174925966197e-4 45225297 45225297 0
22 699 rs16991689 44617562 1 -4.894534065036433e-4 44614363 44617864 3501
22 755 rs3788643 45686090 1 -4.893726000277622e-4 45686090 45686090 0
22 773 rs4253730 46610409 1 -4.8742530610911976e-4 46610409 46610409 0
22 700 rs5764659 44646105 1 4.7806219938451066e-4 44646105 44646105 0
22 426 rs2142550 33743341 1 4.7730378977953343e-4 33740860 33743341 2481
22 186 rs5752018 25315753 1 -4.554104835556987e-4 25315753 25316350 597
22 457 rs5754910 34636072 3 -4.503118516691095e-4 34589966 34640618 50652
22 405 rs13340089 33032041 3 4.465383496310752e-4 33025155 33033048 7893
22 225 rs134760 26573345 1 -4.443807772503506e-4 26573345 26597805 24460
22 734 rs6006904 45303255 1 -4.406261899825484e-4 45303255 45305136 1881
22 348 rs8142204 30853082 1 4.355656175746863e-4 30850395 30860830 10435
22 403 rs5998551 32995751 2 -4.2986587776964655e-4 32994093 32995751 1658
22 51 rs2023634 18972450 1 -4.198363544865331e-4 18972450 18972450 0
22 467 rs5999398 34880370 4 4.161141992722714e-4 34880370 34940942 60572
22 243 rs2283831 26959826 1 -4.1019171977152273e-4 26957774 26960789 3015
22 714 rs135938 44812036 1 4.0948328975918765e-4 44812036 44812036 0
22 831 rs4823703 48222045 1 3.9667184766139835e-4 48222045 48222045 0
22 919 rs8138283 49841479 1 3.937854061839092e-4 49841479 49841479 0
22 408 rs5994617 33142908 1 -3.9371571503094254e-4 33140654 33142908 2254
22 608 rs6001679 40169926 1 3.933234651946162e-4 40169926 40169926 0
22 248 rs5752378 27069835 1 3.878585801043443e-4 27060641 27072146 11505
22 592 rs2014881 39445380 2 3.847711961522079e-4 39445380 39445554 174
22 57 rs3761407 19279641 1 -3.702872956212988e-4 19279641 19279641 0
22 152 rs6003847 24047657 8 -3.641736429670613e-4 24022307 24048368 26061
22 621 rs61756762 41257393 2 3.607905444806851e-4 41257393 41291730 34337
22 746 rs9306489 45525484 4 -3.583030884075026e-4 45518890 45525484 6594
22 75 rs11704009 19840123 1 -3.555912284153695e-4 19833781 19849501 15720
22 517 rs2011107 36890353 3 3.525577130320299e-4 36870845 36900806 29961
22 484 rs11704301 35711543 2 3.501219304436042e-4 35660875 35717246 56371
22 129 rs394409 23266118 1 -3.4715657042392104e-4 23263708 23266118 2410
22 836 rs9615235 48321429 1 -3.407654562685203e-4 48318002 48321429 3427
22 180 rs56123612 25251372 2 3.377321410998386e-4 25251372 25269518 18146
22 663 rs138997 43615005 1 -3.290306678816893e-4 43615005 43615005 0
22 310 rs134099 28071675 1 3.281833701243149e-4 28071675 28090374 18699
22 430 rs9609802 33846914 1 3.2763450306192197e-4 33846914 33847286 372
22 833 rs761917 48258293 1 3.177561267103225e-4 48253446 48269511 16065
22 469 rs4552280 35131487 2 3.0677997145152835e-4 35058857 35131487 72630
22 906 rs7290877 49684418 1 -3.030511252836973e-4 49684418 49685455 1037
22 411 rs738992 33210005 2 -2.853145541480373e-4 33191491 33213319 21828
22 768 rs2301449 46038908 1 -2.8086670837680774e-4 46038908 46038908 0
22 876 rs131025 49175009 1 -2.788302403538936e-4 49173457 49175009 1552
22 353 rs4820018 30986172 1 -2.786197279772395e-4 30986172 30988433 2261
22 112 rs447001 22010918 1 -2.769545993792775e-4 22010918 22030271 19353
22 412 rs130301 33234199 4 2.762065981144851e-4 33228070 33234931 6861
22 842 rs5768350 48494758 2 -2.690946501364838e-4 48494758 48494758 0
22 1 rs5748648 17280822 2 2.6710001796494966e-4 17278762 17301843 23081
22 571 rs742395 38447444 1 -2.5478243492902e-4 38431917 38447444 15527
22 827 rs9615594 48097091 1 -2.504197500409776e-4 48070614 48103376 32762
22 409 rs135150 33170101 2 -2.424151805424596e-4 33159636 33174766 15130
22 520 rs1569488 36965284 1 -2.397895757878546e-4 36965284 36965284 0
22 266 rs134931 27425162 4 2.280704485508737e-4 27425162 27425365 203
22 863 rs5771758 49028180 2 -2.244854554406457e-4 49027446 49028732 1286
22 705 rs5765896 44744080 1 -2.2181785912512387e-4 44744080 44744080 0
22 201 rs7292634 26069727 2 -2.2149176750519247e-4 26046513 26069727 23214
22 644 rs11703700 42877543 2 2.212872311156741e-4 42876604 42877543 939
22 813 rs4823632 47735419 1 -2.1468823534686048e-4 47728935 47736018 7083
22 196 rs7292626 25887513 3 -2.086367474238189e-4 25872592 25897330 24738
22 942 rs8138406 50937445 1 -2.073813691909534e-4 50937445 50937445 0
22 519 rs5756233 36935796 1 2.0598201090906711e-4 36926927 36941065 14138
22 810 rs6008118 47683805 1 2.0433576603138184e-4 47683805 47683805 0
22 140 rs9608102 23644794 1 1.9914641238514465e-4 23644794 23644794 0
22 33 rs61744286 18310439 1 1.9781095152191048e-4 18310439 18310439 0
22 927 rs738413 50092148 1 1.9529575279769655e-4 50085210 50092148 6938
22 569 rs9610841 38121152 1 1.9417681683644297e-4 38117943 38205989 88046
22 630 rs17002737 42282012 1 1.941402751401876e-4 42281294 42282012 718
22 188 rs5760779 25388318 1 -1.892299599828002e-4 25388318 25388318 0
22 376 rs9621357 32275852 1 1.8739040719228532e-4 32265759 32324140 58381
22 307 rs134005 28033628 1 -1.871251893346646e-4 28029685 28033628 3943
22 435 rs1122905 33994229 1 -1.848946211266232e-4 33984394 33994229 9835
22 717 rs133796 44842135 1 -1.7320803365521032e-4 44842135 44842354 219
22 164 rs2267073 24639069 1 1.6630816241337308e-4 24639069 24639069 0
22 628 rs8139203 42166416 1 -1.655938892498703e-4 42089623 42190309 100686
22 729 rs5765956 45150659 1 -1.631254941726929e-4 45150659 45150659 0
22 330 rs80604 29596502 2 -1.6083157087645218e-4 29596502 29604561 8059
22 889 rs4823969 49416063 3 1.553632511296899e-4 49411595 49416063 4468
22 802 rs4476 47440669 2 1.5333749322523054e-4 47440669 47440669 0
22 131 rs915613 23299769 1 1.468138585353207e-4 23299769 23350873 51104
22 286 rs768784 27690377 1 1.4665754100035995e-4 27689956 27690377 421
22 932 rs5771069 50435480 1 1.3881282345447847e-4 50435480 50435480 0
22 481 rs5750060 35516556 1 1.3144858392298404e-4 35516556 35519850 3294
22 393 rs9609537 32807769 1 -1.3085603074519846e-4 32782118 32811952 29834
22 938 rs34163881 50655543 1 -1.300308489501331e-4 50655543 50660137 4594
22 7 rs879575 17589567 1 1.2619444666117085e-4 17589209 17589567 358
22 708 rs8138173 44760039 1 1.2379930779174463e-4 44760039 44760039 0
22 483 rs2103642 35631590 2 -1.236609003511112e-4 35631590 35631590 0
22 812 rs5767676 47711836 1 -1.1088504716935874e-4 47711836 47711836 0
22 77 rs5993883 19937638 2 -9.788871066639275e-5 19928022 19937638 9616
22 229 rs137203 26688831 1 9.736445341981176e-5 26688831 26688831 0
22 722 rs2349634 44973739 1 9.404017924601564e-5 44973739 44973739 0
22 157 rs2330625 24207962 1 -9.396374371809016e-5 24207962 24207962 0
22 576 rs6001027 38545619 1 9.361715615041747e-5 38544298 38569006 24708
22 450 rs2213360 34291750 1 -8.909863554239976e-5 34291750 34291750 0
22 96 rs7290923 20999208 2 -8.845334287632529e-5 20999208 20999208 0
22 697 rs470111 44595591 1 8.819050074598315e-5 44594135 44597929 3794
22 0 rs5747999 17075353 1 -8.48500514732382e-5 17075353 17075353 0
22 226 rs1207386 26650662 1 8.428180720708842e-5 26650662 26660760 10098
22 946 rs3219201 51043278 2 -7.950942551962302e-5 51040546 51043278 2732
22 524 rs738974 37025274 1 -7.298733690171975e-5 37013694 37027680 13986
22 445 rs5999108 34201800 2 -7.093207680598153e-5 34172588 34206341 33753
22 501 rs5756047 36425725 1 6.74999125074964e-5 36425725 36443705 17980
22 333 rs174719 29841642 1 -6.327959221664682e-5 29840180 29847722 7542
22 284 rs5762049 27662213 1 5.9761765109574695e-5 27662213 27662213 0
22 818 rs4823482 47820668 1 -5.6719048669896235e-5 47820668 47820668 0
22 879 rs9628554 49203730 1 -5.479293744481299e-5 49203730 49203968 238
22 860 rs133503 48911602 1 5.4104836901408494e-5 48911477 48918829 7352
22 711 rs5764981 44780466 1 -4.7642343505628146e-5 44778142 44780466 2324
22 289 rs7511351 27748742 1 4.4563217204636296e-5 27747270 27748742 1472
22 168 rs743368 24946924 1 4.3088888065717865e-5 24933069 24946924 13855
22 223 rs11090428 26485668 1 2.363646937986104e-5 26485668 26507645 21977
22 3 rs8136206 17399211 1 -2.265276535208519e-5 17399211 17399211 0
22 689 rs5764066 44435552 1 -1.853707677549251e-5 44435552 44435552 0
22 646 rs736013 43084613 1 -1.5496178926816328e-5 43076809 43090249 13440
22 934 rs5771131 50478828 1 -1.5349405823385857e-5 50478828 50482126 3298
22 916 rs5770418 49812076 1 1.0953477872726604e-5 49812076 49817197 5121
22 19 rs5746366 17890558 1 7.113306940406861e-6 17890558 17890558 0
22 84 rs7285397 20057143 1 2.8373658408095944e-6 20052420 20059763 7343
