CHR Group SNP.lead BP.lead Size W BP.min BP.max BP.width
22 231 rs2076125 39711351 8 0.14676960929168603 39659773 39721745 61972
22 142 rs1002189 30771458 5 0.06144941249024274 30658722 30796422 137700
22 233 rs2294360 39897792 5 0.05586790346359348 39897792 39989216 91424
22 207 rs2284033 37534034 2 0.04869227817400647 37506680 37535471 28791
22 40 rs7291930 20876509 4 0.04319776316568886 20753615 20903410 149795
22 47 rs1210606 21452237 4 0.04014661934547659 21423908 21452237 28329
22 241 rs34030679 42610099 5 0.03220119479446762 42338152 42685537 347385
22 27 rs5748167 19370586 5 0.02923501555055254 19154522 19505531 351009
22 148 rs2236033 32001050 17 -0.02891538013794017 31543260 32324140 780880
22 368 rs11555194 50876662 7 0.0260547836952183 50814075 50910875 96800
22 239 rs132902 41797758 10 0.025970169574295172 41418154 41799106 380952
22 149 rs5994466 32518130 3 0.02507484878827211 32355455 32533584 178129
22 305 rs13057352 47095235 3 0.02364748291518521 47021203 47103512 82309
22 137 rs4823003 29410232 10 0.02297909318694665 29100711 29454477 353766
22 72 rs1041749 24846391 7 0.02074468555932659 24755025 24946924 191899
22 92 rs8139900 26394724 4 0.02056157805870169 26394724 26415475 20751
22 110 rs5761777 27227454 4 -0.02044579312750843 27227219 27273238 46019
22 240 rs9607852 42258272 7 0.02026105066417844 41961831 42282012 320181
22 102 rs5752327 26844070 4 0.01926753854151221 26794102 26909750 115648
22 136 rs7292859 28368266 5 -0.01748232754311413 28288136 28923317 635181
22 290 rs6006756 45884487 2 0.01718698492377391 45864459 45892433 27974
22 246 rs738533 43172308 2 0.01663191005090654 43162952 43179166 16214
22 61 rs5759742 23700907 1 0.01626991344943773 23700907 23700907 0
22 88 rs739281 26277148 2 0.01624013738735645 26227767 26278427 50660
22 232 rs5757670 39829736 4 -0.01610835980116337 39781585 39829736 48151
22 166 rs16992276 33801983 3 0.01597088332772139 33771672 33801983 30311
22 109 rs13054025 27222059 4 -0.01578516826453481 27222059 27222286 227
22 62 rs2330452 23754578 1 0.01542272395403076 23752398 23754578 2180
22 189 rs4820201 35970204 5 0.01518645307133376 35970204 36041650 71446
22 259 rs2267597 44427612 3 0.01492253080207551 44424108 44435552 11444
22 344 rs12158344 49214032 3 0.01491544495552284 49212730 49228507 15777
22 177 rs204276 34744069 6 0.01483181084490445 34646980 34799261 152281
22 104 rs5752351 26990807 6 -0.01470571305516409 26981039 27110259 129220
22 224 rs5757166 38995385 1 0.01455625403619418 38995385 39138332 142947
22 24 rs4819756 18912678 2 -0.01445897485622618 18901004 18912678 11674
22 370 rs131749 51024624 10 0.01427086443960204 50990669 51072161 81492
22 28 rs2157727 19565395 5 0.01410281819949097 19534856 19594436 59580
22 126 rs136923 27785809 2 0.01331760616559551 27779122 27785809 6687
22 323 rs5766958 48343389 5 -0.01311018023893335 48295417 48343389 47972
22 353 rs11703376 49678713 3 0.01280700162766675 49671776 49685455 13679
22 26 rs4819778 19134083 2 -0.01277287584061305 19133605 19135603 1998
22 145 rs4820897 31117495 10 0.01269983517041807 31070493 31261107 190614
22 120 rs9620665 27557030 5 0.01254731461190074 27557030 27613318 56288
22 129 rs8136304 27917070 3 0.01226499896122626 27905428 27935369 29941
22 49 rs460106 21806401 3 -0.01168705578766382 21806401 21809185 2784
22 341 rs13056461 49155087 2 0.01132535584712414 49154931 49175009 20078
22 213 rs5750423 37734452 4 0.011276454512842 37728491 37771985 43494
22 37 rs9606241 20075858 6 0.01111582116850224 20037315 20100596 63281
22 352 rs8140508 49610259 3 0.01078997109291463 49593847 49623181 29334
22 307 rs974226 47230348 2 0.01057649236159332 47138659 47230348 91689
22 115 rs134932 27425365 3 -0.01030303858138164 27425162 27425365 203
22 79 rs139762 25307571 2 0.01029042393788497 25307571 25320371 12800
22 256 rs2017461 44285765 9 0.01016028397897796 43950853 44286950 336097
22 186 rs133431 35817597 3 -0.01007108406747019 35792974 35818398 25424
22 103 rs2267085 26945043 8 -0.01004744684463672 26916722 26960789 44067
22 165 rs5998876 33729763 4 0.00957390759569128 33728035 33743341 15306
22 320 rs738731 48177064 4 -0.0095450487589967 48062251 48184882 122631
22 18 rs1072405 18406068 7 0.00937990674152344 18350514 18486017 135503
22 338 rs8135393 49050448 4 0.00920168305514649 49050435 49074301 23866
22 202 rs4821540 37241788 1 0.00910086712658966 37197530 37241788 44258
22 210 rs5995396 37586000 4 0.00906081660701588 37570845 37611807 40962
22 243 rs5758731 42855277 5 -0.00877611124918805 42776276 42867898 91622
22 285 rs723553 45518890 6 -0.0087553441411692 45518890 45568986 50096
22 215 rs8140025 37910395 1 0.00870736550284663 37843239 37929759 86520
22 51 rs73166641 21998280 1 -0.00858303912529839 21998280 22068740 70460
22 309 rs4823464 47489470 2 0.00844128947552472 47454664 47489470 34806
22 55 rs10483109 22537581 7 0.00843769256434381 22504946 22548831 43885
22 258 rs1010023 44336098 6 0.00829219454171485 44322970 44395451 72481
22 237 rs6001931 40877514 8 0.00819070045310186 40729614 41075543 345929
22 84 rs681478 25896979 5 -0.00816670889875315 25872592 25924444 51852
22 289 rs12172195 45813687 5 0.00816360440429056 45693828 45846472 152644
22 235 rs2284078 40363778 1 -0.00804408329636177 40169926 40363778 193852
22 206 rs5756471 37404249 4 0.0078752208880126 37367928 37470224 102296
22 195 rs41297245 36657740 2 -0.00782159449624971 36652931 36661842 8911
22 329 rs4499 48646288 4 0.00763033899378166 48603295 48646288 42993
22 162 rs9609680 33408519 10 -0.00760268354635501 33246032 33433761 187729
22 117 rs760530 27485959 5 0.00756984042736987 27438631 27485959 47328
22 160 rs5754240 33132579 1 -0.00753097198012301 33116109 33142908 26799
22 90 rs6004851 26346108 2 0.00731908607213761 26330370 26346108 15738
22 348 rs6009408 49461764 6 0.00723834789080023 49450131 49486490 36359
22 140 rs2857651 30075052 2 0.00718971285862211 29840180 30079213 239033
22 95 rs134755 26565156 1 -0.00703824645223095 26565156 26597805 32649
22 245 rs135106 43088435 5 -0.00700614862431328 43061482 43122720 61238
22 296 rs910923 46487902 1 0.00698421994299219 46487902 46487902 0
22 280 rs7289868 45253872 2 -0.00683357435833945 45225297 45255043 29746
22 119 rs9608581 27533998 1 -0.0067256716997628 27533998 27548374 14376
22 283 rs132011 45421536 2 0.00668196143539117 45421242 45435202 13960
22 221 rs6001064 38638071 1 0.00648051656528527 38628306 38678387 50081
22 184 rs2017543 35474222 4 -0.00640184010520945 35414017 35519850 105833
22 157 rs1962222 32971900 2 0.00638326209447205 32959350 32971900 12550
22 308 rs4476 47440669 3 0.00633926472396098 47302584 47440669 138085
22 349 rs135223 49512164 2 -0.00615328619996435 49505948 49514337 8389
22 35 rs165631 19951816 2 0.00613654088041684 19928022 19951816 23794
22 101 rs2226691 26789849 1 0.00606008593571625 26758375 26789849 31474
22 369 rs140522 50971266 4 0.00605205650645986 50937445 50971752 34307
22 253 rs11704418 43705678 2 0.00603914609942923 43685657 43705678 20021
22 178 rs1005285 34828825 3 -0.00598633277586813 34811838 34859793 47955
22 356 rs5770391 49790713 1 0.00586213059468842 49784591 49796800 12209
22 67 rs738785 24022631 8 0.00572109201428073 23971028 24096783 125755
22 50 rs5754217 21939675 8 -0.00547404340545491 21917190 21982892 65702
22 75 rs7287595 25208398 2 0.00542222549539673 25158445 25208398 49953
22 36 rs165599 19956781 10 -0.0054109762076241 19956781 20020229 63448
22 161 rs242089 33213319 6 -0.00538109508298954 33159636 33234931 75295
22 59 rs9624019 23407301 2 0.00535380824254394 23407301 23569063 161762
22 114 rs6005266 27410749 1 0.00527744790412274 27410749 27413509 2760
22 3 rs11703655 17450952 1 0.00493737999281191 17414640 17450952 36312
22 212 rs2284051 37710569 2 -0.0049295676903104 37699377 37710569 11192
22 14 rs174330 18009909 1 0.00490764205531821 17990852 18021760 30908
22 252 rs5759250 43673800 2 -0.00463760451436384 43655427 43673800 18373
22 340 rs130129 49096694 3 0.00451763818676136 49096694 49128427 31733
22 188 rs13054394 35950648 1 0.00440332042881471 35922604 35952603 29999
22 197 rs139933 36845207 6 0.00436570475747063 36770038 36900806 130768
22 139 rs3950176 29630337 4 0.00425167760705968 29630337 29791234 160897
22 118 rs4822859 27508858 3 0.00422931475103498 27497704 27508858 11154
22 150 rs9606916 32567306 2 0.0041104878974824 32554997 32592390 37393
22 141 rs41176 30432403 5 -0.00406472139883699 30121285 30597810 476525
22 46 rs2072550 21386019 3 0.00403041105441075 21381646 21386019 4373
22 153 rs5753991 32738182 6 0.00401110277585249 32729530 32823071 93541
22 130 rs723184 27962517 3 0.00400709026127131 27962517 27974819 12302
22 211 rs8139798 37660255 4 0.0039783943770049 37618637 37673781 55144
22 105 rs6005150 27122480 2 0.00395899960943984 27122480 27141605 19125
22 294 rs3788673 45994189 2 0.00390091795619901 45988571 46038908 50337
22 112 rs5761863 27348456 1 0.00383755035416597 27331206 27348456 17250
22 138 rs132372 29604561 4 0.00381188503735332 29498118 29604561 106443
22 65 rs140174 23922983 2 0.00373337062751796 23922983 23922983 0
22 171 rs240073 34086494 2 0.00372407641916587 34083987 34108174 24187
22 250 rs148458324 43618695 2 0.00370522332787707 43577048 43624305 47257
22 98 rs3788378 26715923 1 0.00345353173960054 26702015 26716432 14417
22 107 rs713751 27189835 1 -0.00342897362370836 27189536 27191942 2406
22 225 rs469987 39287355 1 0.00340449726486703 39163856 39300936 137080
22 5 rs5747004 17614011 4 -0.00339381625820478 17589209 17634050 44841
22 42 rs2072517 21115244 2 0.00333715088331833 21004805 21115244 110439
22 25 rs2023634 18972450 2 -0.00328005254821022 18972450 19120959 148509
22 286 rs9626655 45612551 1 0.00326377919526978 45589490 45648846 59356
22 154 rs11703151 32849712 5 0.00320045813556144 32831809 32849712 17903
22 4 rs917838 17492452 1 0.00318202689751959 17492452 17492452 0
22 200 rs4821513 37013819 2 -0.00316076306953894 37013694 37027680 13986
22 257 rs4823103 44304419 1 -0.00314623254820334 44304419 44304419 0
22 337 rs5771622 49027446 1 0.00313141557688441 49027446 49033984 6538
22 23 rs5992185 18633978 2 0.00306236890369833 18633978 18640300 6322
22 204 rs5750326 37276285 8 -0.00305558558083615 37268555 37310046 41491
22 159 rs13340089 33032041 2 0.0030402442120133 33003307 33033048 29741
22 347 rs5769373 49411595 3 0.00293056643320014 49405594 49434131 28537
22 185 rs11704301 35711543 6 0.0029276081467307 35544775 35733654 188879
22 238 rs61756762 41257393 2 0.00289154714614328 41081561 41291730 210169
22 345 rs13058268 49338361 2 0.0028405623275447 49316305 49351767 35462
22 82 rs4820621 25608548 3 0.002796631332402 25608548 25620142 11594
22 295 rs11090654 46160991 3 -0.0027460383948828 46154366 46255004 100638
22 262 rs5764558 44544028 2 0.00273622443170252 44530420 44544028 13608
22 181 rs137270 35167583 4 -0.00272707253179661 35157380 35337195 179815
22 218 rs143910997 38321806 5 0.00270627663169079 38093169 38447444 354275
22 125 rs4302309 27751796 1 0.00267558702563073 27747270 27756300 9030
22 58 rs6003484 23379985 2 0.00267272819965907 23299769 23379985 80216
22 192 rs80584 36555794 4 0.00259336956410853 36500899 36557550 56651
22 60 rs5751614 23593051 2 0.00256516226115718 23593051 23644794 51743
22 121 rs498789 27627416 1 0.00252975311650724 27622907 27627416 4509
22 321 rs17617384 48227923 4 -0.00251764349040142 48222045 48269511 47466
22 226 rs5757387 39333340 1 0.00239223466471864 39320828 39355109 34281
22 317 rs10460765 47944748 2 0.00237321650861525 47940908 47944748 3840
22 155 rs7292178 32859619 2 0.00231379506478592 32859619 32882121 22502
22 327 rs16994730 48514296 2 0.00227148560388481 48494758 48538763 44005
22 172 rs13057617 34247064 4 0.00222419126748556 34133758 34260738 126980
22 164 rs2213457 33568560 4 -0.00220681443007019 33523109 33637087 113978
22 71 rs2267073 24639069 5 -0.00213674495335836 24460593 24639069 178476
22 217 rs12157904 37982012 1 -0.0021282883335325 37982012 38013172 31160
22 298 rs79700435 46638211 2 -0.00205651610740537 46610409 46644177 33768
22 249 rs4988394 43516133 4 0.00203510291619626 43514886 43559137 44251
22 190 rs5755868 36074596 3 -0.00202904890929149 36074596 36130577 55981
22 313 rs2187793 47688003 2 -0.00199969251240862 47683805 47688003 4198
22 335 rs133503 48911602 3 0.0019518166131212 48906295 48918829 12534
22 361 rs134461 49915815 1 -0.00195142469767561 49912406 49924929 12523
22 288 rs3788643 45686090 1 -0.00195140227694012 45680473 45686090 5617
22 234 rs136858 40065322 2 0.00188660313151139 40065322 40083730 18408
22 282 rs6007397 45339200 3 0.00186304606873021 45333182 45409136 75954
22 10 rs4819996 17790731 1 0.00183782371422727 17790731 17790731 0
22 127 rs136945 27804079 4 -0.00177681732580846 27802721 27818766 16045
22 194 rs6000197 36603294 1 0.00175448135140237 36602779 36623920 21141
22 156 rs12628631 32939719 2 0.0017055915434214 32925170 32939719 14549
22 70 rs7293178 24248370 4 0.00165439505045787 24226890 24270777 43887
22 306 rs9616101 47108189 1 0.00164830947848214 47108189 47115825 7636
22 201 rs5750306 37170915 1 -0.00158495850562196 37100260 37170915 70655
22 227 rs2142833 39392296 3 0.00157606004679381 39392296 39407399 15103
22 328 rs5768412 48567467 1 0.00153123722521227 48546285 48569604 23319
22 144 rs9306264 31024934 1 -0.00149031684378924 30957832 31046587 88755
22 292 rs136753 45936121 4 -0.00148522210834295 45926585 45937149 10564
22 69 rs2330625 24207962 1 -0.00145631915466803 24192879 24207962 15083
22 264 rs5764659 44646105 4 0.00140679052802096 44583246 44646105 62859
22 220 rs6001027 38545619 1 0.0013627199990341 38509439 38569006 59567
22 299 rs6008598 46704243 1 -0.0013443615655964 46678666 46731689 53023
22 248 rs8141749 43483242 3 0.00132796802456219 43430077 43483242 53165
22 229 rs139316 39499763 4 -0.00132470295049731 39497452 39552597 55145
22 314 rs4823632 47735419 4 -0.00130569682874887 47711836 47763158 51322
22 351 rs12170052 49571596 3 0.00129829358104644 49559242 49589243 30001
22 291 rs2283657 45910152 1 -0.00129396354137709 45908895 45916679 7784
22 91 rs9306419 26369358 2 0.00124080647943669 26369358 26369358 0
22 81 rs2294371 25509030 3 -0.00123548636851593 25473134 25572748 99614
22 303 rs5767244 46924254 1 0.00118337502199764 46919541 46924254 4713
22 216 rs2235336 37958268 2 0.0011732287175778 37943299 37958268 14969
22 284 rs6006926 45475332 2 -0.00109885522283174 45465068 45475332 10264
22 29 rs1476445 19621011 1 9.50314200970933e-4 19609943 19623386 13443
22 77 rs139724 25284829 4 8.989277474962503e-4 25238729 25284829 46100
22 179 rs5999398 34880370 2 8.840978915313107e-4 34880370 34940942 60572
22 366 rs138220 50550808 3 8.801489451417678e-4 50492235 50599466 107231
22 128 rs2092741 27888434 1 8.328315166564223e-4 27852183 27896011 43828
22 1 rs5748648 17280822 3 8.235339114003279e-4 17278762 17329601 50839
22 32 rs4819522 19766782 1 -8.16244578760864e-4 19766782 19802779 35997
22 279 rs3788630 45191504 2 7.890568346701144e-4 45180554 45192660 12106
22 63 rs131333 23838200 1 -7.546485362135547e-4 23816428 23838200 21772
22 357 rs6009663 49803587 2 7.425816420658304e-4 49803587 49823224 19637
22 265 rs62226816 44681317 1 -7.402912531933997e-4 44672019 44681317 9298
22 31 rs5748391 19659099 1 7.324074501403258e-4 19643245 19678655 35410
22 87 rs5996973 26185235 4 7.133187838149423e-4 26173661 26222454 48793
22 44 rs7292968 21335559 2 6.87838049856474e-4 21328568 21339751 11183
22 228 rs1969643 39413668 1 -6.694291200767511e-4 39413668 39445554 31886
22 272 rs135626 44898190 1 -6.616918993303915e-4 44898190 44924394 26204
22 362 rs738413 50092148 5 -6.457074169761358e-4 49932138 50092148 160010
22 17 rs439231 18319179 7 -6.407087702085014e-4 18286672 18319179 32507
22 268 rs8138173 44760039 2 6.39418958812436e-4 44760039 44763752 3713
22 191 rs2899258 36355358 3 -6.336379944288631e-4 36259560 36443705 184145
22 275 rs9614840 45012097 2 6.196799376038001e-4 45003748 45012097 8349
22 346 rs5770661 49372831 1 -5.957947129850929e-4 49364780 49372831 8051
22 21 rs5992985 18545634 1 -5.700605132121103e-4 18545634 18549740 4106
22 158 rs16990808 32994093 1 5.632982226758318e-4 32980455 32995751 15296
22 198 rs5756233 36935796 1 5.512721457147202e-4 36923499 36941065 17566
22 244 rs11703700 42877543 2 5.432792505944364e-4 42876604 42877543 939
22 242 rs6002695 42742451 3 5.230790094803669e-4 42698800 42742451 43651
22 247 rs4393836 43193641 4 -5.179146808620596e-4 43193641 43390319 196678
22 143 rs2267161 30953295 2 -5.157408986133295e-4 30850395 30953295 102900
22 230 rs6001491 39594740 1 -5.108580548186137e-4 39594740 39625068 30328
22 176 rs5754910 34636072 1 4.7694688248759305e-4 34537450 34640618 103168
22 41 rs7290923 20999208 1 4.732251928048356e-4 20993328 20999208 5880
22 89 rs739282 26283020 2 -4.5735062567914785e-4 26283020 26316491 33471
22 132 rs9608633 28019060 2 -4.430589857975126e-4 28013445 28033628 20183
22 267 rs5766627 44750243 1 -4.423306770360562e-4 44737646 44750621 12975
22 270 rs135938 44812036 1 4.291934062335528e-4 44812036 44812036 0
22 57 rs737885 23263708 1 4.218404321071459e-4 23250737 23278593 27856
22 359 rs8138283 49841479 1 4.09062535593816e-4 49841479 49841479 0
22 236 rs11912922 40403171 1 -3.9875106793623046e-4 40403171 40697581 294410
22 124 rs980078 27715760 5 3.695260570858146e-4 27700318 27729548 29230
22 96 rs1207386 26650662 2 3.4966670134966134e-4 26650662 26670085 19423
22 355 rs1023453 49776121 1 -3.3777789512890583e-4 49774599 49776121 1522
22 365 rs5771069 50435480 3 3.330437894768711e-4 50435480 50482126 46646
22 287 rs6006973 45665663 1 3.3163091319552844e-4 45665663 45665663 0
22 371 rs9616906 51104680 2 3.2245492426917184e-4 51104680 51104680 0
22 316 rs131056 47905322 1 3.098147126563825e-4 47862727 47910705 47978
22 269 rs5764981 44780466 6 -3.0619410775364637e-4 44769535 44788913 19378
22 310 rs754890 47556231 2 -2.9805587599298435e-4 47497788 47556231 58443
22 106 rs5761743 27170725 1 -2.7978668683837195e-4 27167348 27171638 4290
22 331 rs6008638 48726155 1 -2.7147750551243844e-4 48725114 48726996 1882
22 203 rs10854693 37252010 1 2.648408763976069e-4 37251377 37252010 633
22 146 rs11089481 31288769 1 -2.646655597960396e-4 31288769 31290637 1868
22 167 rs9609802 33846914 1 2.514557154237317e-4 33826566 33893601 67035
22 38 rs175197 20165632 1 -2.5125878625627273e-4 20165632 20189202 23570
22 94 rs134703 26500417 2 -2.3382777057050195e-4 26485668 26507645 21977
22 134 rs6005605 28141301 1 -2.333200753156186e-4 28135297 28141301 6004
22 9 rs5747037 17724093 1 -2.2957296650547224e-4 17724093 17724093 0
22 336 rs9615919 48940644 1 2.167987591158244e-4 48940644 48958927 18283
22 12 rs5746366 17890558 2 -2.1607552311052265e-4 17890558 17903330 12772
22 133 rs134099 28071675 5 1.9868157039460235e-4 28044594 28129239 84645
22 122 rs932299 27661009 2 1.911311022105866e-4 27657507 27668370 10863
22 97 rs137203 26688831 1 1.9093856276893533e-4 26681640 26688831 7191
22 254 rs5759305 43755827 2 1.8151006502330417e-4 43755827 43757691 1864
22 180 rs5999506 35096084 1 1.6564129838352718e-4 35033249 35131487 98238
22 86 rs4822649 26163003 4 1.6513918521288465e-4 26144760 26164413 19653
22 214 rs5995425 37794293 1 1.524413071709401e-4 37792590 37807303 14713
22 183 rs5755486 35386401 1 -1.522236787663944e-4 35386401 35389727 3326
22 354 rs848728 49740746 1 1.515035888049493e-4 49722925 49746915 23990
22 22 rs3827281 18584433 1 -1.514698555039436e-4 18582650 18607872 25222
22 330 rs6007822 48671102 3 -1.5115489871341935e-4 48666450 48672302 5852
22 52 rs5999264 22095920 5 -1.5008670938137657e-4 22082820 22329747 246927
22 350 rs6009503 49532043 1 -1.439831706692159e-4 49529613 49532043 2430
22 135 rs3819658 28160074 1 1.4269252881242244e-4 28160074 28160972 898
22 304 rs5767265 46964267 1 -1.252905079211732e-4 46964267 46980242 15975
22 73 rs4820599 24990213 1 1.093158479750092e-4 24990213 24991895 1682
22 274 rs2349634 44973739 1 1.0614631360973e-4 44973739 44973739 0
22 20 rs460036 18539553 1 8.078160811876172e-5 18533434 18539553 6119
22 278 rs5765956 45150659 2 8.033905900977362e-5 45150659 45150659 0
22 273 rs2349623 44943401 1 -6.759801170198289e-5 44943401 44943401 0
22 123 rs768784 27690377 2 6.37638042952855e-5 27689956 27690377 421
22 281 rs4823418 45315232 2 4.446201176423211e-5 45303255 45320631 17376
22 175 rs4820127 34395171 2 3.925670846029197e-5 34395171 34474560 79389
22 334 rs9615893 48851078 2 2.4291883855424462e-5 48838815 48897881 59066
